"area_fips","own_code","industry_code","agglvl_code","size_code","year","qtr","disclosure_code","area_title","own_title","industry_title","agglvl_title","size_title","annual_avg_estabs_count","annual_avg_emplvl","total_annual_wages","taxable_annual_wages","annual_contributions","annual_avg_wkly_wage","avg_annual_pay","lq_disclosure_code","lq_annual_avg_estabs_count","lq_annual_avg_emplvl","lq_total_annual_wages","lq_taxable_annual_wages","lq_annual_contributions","lq_annual_avg_wkly_wage","lq_avg_annual_pay","oty_disclosure_code","oty_annual_avg_estabs_count_chg","oty_annual_avg_estabs_count_pct_chg","oty_annual_avg_emplvl_chg","oty_annual_avg_emplvl_pct_chg","oty_total_annual_wages_chg","oty_total_annual_wages_pct_chg","oty_taxable_annual_wages_chg","oty_taxable_annual_wages_pct_chg","oty_annual_contributions_chg","oty_annual_contributions_pct_chg","oty_annual_avg_wkly_wage_chg","oty_annual_avg_wkly_wage_pct_chg","oty_avg_annual_pay_chg","oty_avg_annual_pay_pct_chg"
"34017","0","10","70","0","2000","A","","Hudson County, New Jersey","Total Covered","Total, all industries","County, Total Covered","All establishment sizes",12513,239167,11355671422,0,0,913,47480,"",1.00,1.00,1.00,0.00,0.00,1.00,1.00,"",-1418,-10.2,7812,3.4,1394856240,14.0,0,0.0,0,0.0,85,10.3,4426,10.3
"34017","1","10","71","0","2000","A","","Hudson County, New Jersey","Federal Government","Total, all industries","County, Total -- by ownership sector","All establishment sizes",39,7761,333185802,0,0,826,42928,"",0.49,1.47,1.02,0.00,0.00,0.69,0.69,"",1,2.6,-180,-2.3,-1930745,-0.6,0,0.0,0,0.0,14,1.7,725,1.7
"34017","1","102","72","0","2000","A","","Hudson County, New Jersey","Federal Government","Service-providing","County, by Domain -- by ownership sector","All establishment sizes",39,7761,333185802,0,0,826,42928,"",0.49,1.50,1.04,0.00,0.00,0.69,0.69,"",1,2.6,-180,-2.3,-1930745,-0.6,0,0.0,0,0.0,14,1.7,725,1.7
"34017","1","1021","73","0","2000","A","","Hudson County, New Jersey","Federal Government","Trade, transportation, and utilities","County, by Supersector -- by ownership sector","All establishment sizes",14,7186,309155461,0,0,827,43020,"",0.46,3.99,3.05,0.00,0.00,0.76,0.76,"",0,0.0,-138,-1.9,8464330,2.8,0,0.0,0,0.0,37,4.7,1966,4.8
"34017","1","1023","73","0","2000","A","","Hudson County, New Jersey","Federal Government","Financial activities","County, by Supersector -- by ownership sector","All establishment sizes",1,10,920913,0,0,1728,89845,"",0.59,0.36,0.40,0.00,0.00,1.08,1.08,"",0,0.0,-6,-37.5,-300071,-24.6,0,0.0,0,0.0,245,16.5,12730,16.5
"34017","1","1024","73","0","2000","A","","Hudson County, New Jersey","Federal Government","Professional and business services","County, by Supersector -- by ownership sector","All establishment sizes",3,76,3584198,0,0,906,47109,"",1.18,0.72,0.49,0.00,0.00,0.68,0.69,"",0,0.0,-1,-1.3,346863,10.7,0,0.0,0,0.0,100,12.4,5202,12.4
"34017","1","1026","73","0","2000","A","","Hudson County, New Jersey","Federal Government","Leisure and hospitality","County, by Supersector -- by ownership sector","All establishment sizes",4,1,36206,0,0,696,36206,"",2.36,0.01,0.01,0.00,0.00,1.07,1.08,"",0,0.0,-10,-90.9,-172429,-82.6,0,0.0,0,0.0,317,83.6,16492,83.7
"34017","1","1028","73","0","2000","A","","Hudson County, New Jersey","Federal Government","Public administration","County, by Supersector -- by ownership sector","All establishment sizes",15,466,18538690,0,0,766,39811,"",0.36,0.17,0.10,0.00,0.00,0.60,0.60,"",1,7.1,-22,-4.5,-10207817,-35.5,0,0.0,0,0.0,-367,-32.4,-19096,-32.4
"34017","1","48-49","74","0","2000","A","","Hudson County, New Jersey","Federal Government","Transportation and warehousing","County, NAICS Sector -- by ownership sector","All establishment sizes",14,7186,309155461,0,0,827,43020,"",0.48,4.30,3.20,0.00,0.00,0.74,0.74,"",0,0.0,-138,-1.9,8464330,2.8,0,0.0,0,0.0,37,4.7,1966,4.8
"34017","1","491","75","0","2000","A","","Hudson County, New Jersey","Federal Government","Postal service","County, NAICS 3-digit -- by ownership sector","All establishment sizes",12,7185,309099312,0,0,827,43018,"",0.41,4.44,3.38,0.00,0.00,0.76,0.76,"",0,0.0,-135,-1.8,8536564,2.8,0,0.0,0,0.0,37,4.7,1956,4.8
"34017","1","4911","76","0","2000","A","","Hudson County, New Jersey","Federal Government","Postal service","County, NAICS 4-digit -- by ownership sector","All establishment sizes",12,7185,309099312,0,0,827,43018,"",0.41,4.44,3.38,0.00,0.00,0.76,0.76,"",0,0.0,-135,-1.8,8536564,2.8,0,0.0,0,0.0,37,4.7,1956,4.8
"34017","1","49111","77","0","2000","A","","Hudson County, New Jersey","Federal Government","Postal service","County, NAICS 5-digit -- by ownership sector","All establishment sizes",12,7185,309099312,0,0,827,43018,"",0.41,4.44,3.38,0.00,0.00,0.76,0.76,"",0,0.0,-135,-1.8,8536564,2.8,0,0.0,0,0.0,37,4.7,1956,4.8
"34017","1","491110","78","0","2000","A","","Hudson County, New Jersey","Federal Government","Postal service","County, NAICS 6-digit -- by ownership sector","All establishment sizes",12,7185,309099312,0,0,827,43018,"",0.41,4.44,3.38,0.00,0.00,0.76,0.76,"",0,0.0,-135,-1.8,8536564,2.8,0,0.0,0,0.0,37,4.7,1956,4.8
"34017","1","52","74","0","2000","A","","Hudson County, New Jersey","Federal Government","Finance and insurance","County, NAICS Sector -- by ownership sector","All establishment sizes",1,10,920913,0,0,1728,89845,"",0.59,0.36,0.40,0.00,0.00,1.07,1.07,"",0,0.0,-6,-37.5,-300071,-24.6,0,0.0,0,0.0,245,16.5,12730,16.5
"34017","1","524","75","0","2000","A","","Hudson County, New Jersey","Federal Government","Insurance carriers and related activities","County, NAICS 3-digit -- by ownership sector","All establishment sizes",1,10,920913,0,0,1728,89845,"",4.54,0.71,0.65,0.00,0.00,0.90,0.90,"",0,0.0,-6,-37.5,-300071,-24.6,0,0.0,0,0.0,245,16.5,12730,16.5
"34017","1","5241","76","0","2000","A","","Hudson County, New Jersey","Federal Government","Insurance carriers","County, NAICS 4-digit -- by ownership sector","All establishment sizes",1,10,920913,0,0,1728,89845,"",5.40,0.74,0.68,0.00,0.00,0.89,0.89,"",0,0.0,-6,-37.5,-300071,-24.6,0,0.0,0,0.0,245,16.5,12730,16.5
"34017","1","52412","77","0","2000","A","","Hudson County, New Jersey","Federal Government","Direct insurers, except life and health","County, NAICS 5-digit -- by ownership sector","All establishment sizes",1,10,920913,0,0,1728,89845,"",5.49,0.76,0.69,0.00,0.00,0.88,0.88,"",0,0.0,-6,-37.5,-300071,-24.6,0,0.0,0,0.0,245,16.5,12730,16.5
"34017","1","524128","78","0","2000","A","","Hudson County, New Jersey","Federal Government","Other direct insurance carriers","County, NAICS 6-digit -- by ownership sector","All establishment sizes",1,10,920913,0,0,1728,89845,"",5.85,0.77,0.69,0.00,0.00,0.88,0.88,"",0,0.0,-6,-37.5,-300071,-24.6,0,0.0,0,0.0,245,16.5,12730,16.5
"34017","1","54","74","0","2000","A","","Hudson County, New Jersey","Federal Government","Professional and technical services","County, NAICS Sector -- by ownership sector","All establishment sizes",3,76,3584198,0,0,906,47109,"",1.24,0.74,0.50,0.00,0.00,0.67,0.67,"",0,0.0,-1,-1.3,346863,10.7,0,0.0,0,0.0,100,12.4,5202,12.4
"34017","1","541","75","0","2000","A","","Hudson County, New Jersey","Federal Government","Professional and technical services","County, NAICS 3-digit -- by ownership sector","All establishment sizes",3,76,3584198,0,0,906,47109,"",1.24,0.74,0.50,0.00,0.00,0.67,0.67,"",0,0.0,-1,-1.3,346863,10.7,0,0.0,0,0.0,100,12.4,5202,12.4
"34017","1","5413","76","0","2000","A","","Hudson County, New Jersey","Federal Government","Architectural and engineering services","County, NAICS 4-digit -- by ownership sector","All establishment sizes",2,76,3584198,0,0,906,47109,"",1.36,1.15,0.80,0.00,0.00,0.69,0.69,"",0,0.0,-1,-1.3,367031,11.4,0,0.0,0,0.0,97,12.0,5055,12.0
"34017","1","54133","77","0","2000","A","","Hudson County, New Jersey","Federal Government","Engineering services","County, NAICS 5-digit -- by ownership sector","All establishment sizes",2,76,3584198,0,0,906,47109,"",1.38,1.22,0.84,0.00,0.00,0.69,0.69,"",0,0.0,-1,-1.3,367031,11.4,0,0.0,0,0.0,97,12.0,5055,12.0
"34017","1","541330","78","0","2000","A","","Hudson County, New Jersey","Federal Government","Engineering services","County, NAICS 6-digit -- by ownership sector","All establishment sizes",2,76,3584198,0,0,906,47109,"",1.38,1.22,0.84,0.00,0.00,0.69,0.69,"",0,0.0,-1,-1.3,367031,11.4,0,0.0,0,0.0,97,12.0,5055,12.0
"34017","1","72","74","0","2000","A","","Hudson County, New Jersey","Federal Government","Accommodation and food services","County, NAICS Sector -- by ownership sector","All establishment sizes",2,1,36206,0,0,696,36206,"",4.28,0.03,0.06,0.00,0.00,1.75,1.75,"",0,0.0,-7,-87.5,-109769,-75.2,0,0.0,0,0.0,326,88.1,16957,88.1
"34017","1","722","75","0","2000","A","","Hudson County, New Jersey","Federal Government","Food services and drinking places","County, NAICS 3-digit -- by ownership sector","All establishment sizes",1,1,36206,0,0,696,36206,"",4.07,0.06,0.12,0.00,0.00,1.90,1.90,"",0,0.0,-1,-50.0,-17173,-32.2,0,0.0,0,0.0,109,18.6,5704,18.7
"34017","1","7224","76","0","2000","A","","Hudson County, New Jersey","Federal Government","Drinking places, alcoholic beverages","County, NAICS 4-digit -- by ownership sector","All establishment sizes",1,1,36206,0,0,696,36206,"",78.95,1.02,2.12,0.00,0.00,2.08,2.08,"",0,0.0,-1,-50.0,-17173,-32.2,0,0.0,0,0.0,109,18.6,5704,18.7
"34017","1","72241","77","0","2000","A","","Hudson County, New Jersey","Federal Government","Drinking places, alcoholic beverages","County, NAICS 5-digit -- by ownership sector","All establishment sizes",1,1,36206,0,0,696,36206,"",78.95,1.02,2.12,0.00,0.00,2.08,2.08,"",0,0.0,-1,-50.0,-17173,-32.2,0,0.0,0,0.0,109,18.6,5704,18.7
"34017","1","722410","78","0","2000","A","","Hudson County, New Jersey","Federal Government","Drinking places, alcoholic beverages","County, NAICS 6-digit -- by ownership sector","All establishment sizes",1,1,36206,0,0,696,36206,"",78.95,1.02,2.12,0.00,0.00,2.08,2.08,"",0,0.0,-1,-50.0,-17173,-32.2,0,0.0,0,0.0,109,18.6,5704,18.7
"34017","1","92","74","0","2000","A","","Hudson County, New Jersey","Federal Government","Public administration","County, NAICS Sector -- by ownership sector","All establishment sizes",15,466,18538690,0,0,766,39811,"",0.36,0.17,0.10,0.00,0.00,0.60,0.60,"",1,7.1,-22,-4.5,-10207817,-35.5,0,0.0,0,0.0,-367,-32.4,-19096,-32.4
"34017","1","921","75","0","2000","A","","Hudson County, New Jersey","Federal Government","Executive, legislative and general government","County, NAICS 3-digit -- by ownership sector","All establishment sizes",3,39,2430094,0,0,1196,62177,"",0.91,0.11,0.10,0.00,0.00,0.94,0.94,"",0,0.0,-4,-9.3,197528,8.8,0,0.0,0,0.0,196,19.6,10156,19.5
"34017","1","9211","76","0","2000","A","","Hudson County, New Jersey","Federal Government","Executive, legislative and general government","County, NAICS 4-digit -- by ownership sector","All establishment sizes",3,39,2430094,0,0,1196,62177,"",0.91,0.11,0.10,0.00,0.00,0.94,0.94,"",0,0.0,-4,-9.3,197528,8.8,0,0.0,0,0.0,196,19.6,10156,19.5
"34017","1","92113","77","0","2000","A","","Hudson County, New Jersey","Federal Government","Public finance activities","County, NAICS 5-digit -- by ownership sector","All establishment sizes",1,36,2314258,0,0,1225,63695,"",0.71,0.14,0.14,0.00,0.00,0.96,0.96,"",0,0.0,4,12.5,503313,27.8,0,0.0,0,0.0,128,11.7,6657,11.7
"34017","1","921130","78","0","2000","A","","Hudson County, New Jersey","Federal Government","Public finance activities","County, NAICS 6-digit -- by ownership sector","All establishment sizes",1,36,2314258,0,0,1225,63695,"",0.71,0.14,0.14,0.00,0.00,0.96,0.96,"",0,0.0,4,12.5,503313,27.8,0,0.0,0,0.0,128,11.7,6657,11.7
"34017","1","92119","77","0","2000","A","","Hudson County, New Jersey","Federal Government","Other general government support","County, NAICS 5-digit -- by ownership sector","All establishment sizes",2,3,115836,0,0,810,42122,"",1.08,0.04,0.02,0.00,0.00,0.64,0.65,"",0,0.0,-8,-72.7,-305785,-72.5,0,0.0,0,0.0,84,11.6,4365,11.6
"34017","1","921190","78","0","2000","A","","Hudson County, New Jersey","Federal Government","Other general government support","County, NAICS 6-digit -- by ownership sector","All establishment sizes",2,3,115836,0,0,810,42122,"",1.08,0.04,0.02,0.00,0.00,0.64,0.65,"",0,0.0,-8,-72.7,-305785,-72.5,0,0.0,0,0.0,84,11.6,4365,11.6
"34017","1","922","75","0","2000","A","","Hudson County, New Jersey","Federal Government","Justice, public order, and safety activities","County, NAICS 3-digit -- by ownership sector","All establishment sizes",2,0,0,0,0,0,0,"",0.42,0.00,0.00,0.00,0.00,0.00,0.00,"",0,0.0,-1,-100.0,-10849,-100.0,0,0.0,0,0.0,-417,-100.0,-21698,-100.0
"34017","1","9221","76","0","2000","A","","Hudson County, New Jersey","Federal Government","Justice, public order, and safety activities","County, NAICS 4-digit -- by ownership sector","All establishment sizes",2,0,0,0,0,0,0,"",0.42,0.00,0.00,0.00,0.00,0.00,0.00,"",0,0.0,-1,-100.0,-10849,-100.0,0,0.0,0,0.0,-417,-100.0,-21698,-100.0
"34017","1","92219","77","0","2000","A","","Hudson County, New Jersey","Federal Government","Other justice and safety activities","County, NAICS 5-digit -- by ownership sector","All establishment sizes",2,0,0,0,0,0,0,"",1.16,0.00,0.00,0.00,0.00,0.00,0.00,"",0,0.0,-1,-100.0,-10849,-100.0,0,0.0,0,0.0,-417,-100.0,-21698,-100.0
"34017","1","922190","78","0","2000","A","","Hudson County, New Jersey","Federal Government","Other justice and safety activities","County, NAICS 6-digit -- by ownership sector","All establishment sizes",2,0,0,0,0,0,0,"",1.16,0.00,0.00,0.00,0.00,0.00,0.00,"",0,0.0,-1,-100.0,-10849,-100.0,0,0.0,0,0.0,-417,-100.0,-21698,-100.0
"34017","1","923","75","0","2000","A","","Hudson County, New Jersey","Federal Government","Administration of human resource programs","County, NAICS 3-digit -- by ownership sector","All establishment sizes",2,123,5780579,0,0,903,46933,"",0.59,0.49,0.35,0.00,0.00,0.70,0.70,"",0,0.0,-7,-5.4,14408,0.2,0,0.0,0,0.0,49,5.7,2549,5.7
"34017","1","9231","76","0","2000","A","","Hudson County, New Jersey","Federal Government","Administration of human resource programs","County, NAICS 4-digit -- by ownership sector","All establishment sizes",2,123,5780579,0,0,903,46933,"",0.59,0.49,0.35,0.00,0.00,0.70,0.70,"",0,0.0,-7,-5.4,14408,0.2,0,0.0,0,0.0,49,5.7,2549,5.7
"34017","1","92313","77","0","2000","A","","Hudson County, New Jersey","Federal Government","Other human resource programs administration","County, NAICS 5-digit -- by ownership sector","All establishment sizes",2,123,5780579,0,0,903,46933,"",0.80,0.90,0.74,0.00,0.00,0.82,0.82,"",0,0.0,-7,-5.4,14408,0.2,0,0.0,0,0.0,49,5.7,2549,5.7
"34017","1","923130","78","0","2000","A","","Hudson County, New Jersey","Federal Government","Other human resource programs administration","County, NAICS 6-digit -- by ownership sector","All establishment sizes",2,123,5780579,0,0,903,46933,"",0.80,0.90,0.74,0.00,0.00,0.82,0.82,"",0,0.0,-7,-5.4,14408,0.2,0,0.0,0,0.0,49,5.7,2549,5.7
"34017","1","926","75","0","2000","A","","Hudson County, New Jersey","Federal Government","Administration of economic programs","County, NAICS 3-digit -- by ownership sector","All establishment sizes",5,290,8758463,0,0,581,30202,"",0.30,0.56,0.30,0.00,0.00,0.53,0.53,"",1,25.0,226,353.1,5762513,192.3,0,0.0,0,0.0,-320,-35.5,-16671,-35.6
"34017","1","9261","76","0","2000","A","","Hudson County, New Jersey","Federal Government","Administration of economic programs","County, NAICS 4-digit -- by ownership sector","All establishment sizes",5,290,8758463,0,0,581,30202,"",0.30,0.56,0.30,0.00,0.00,0.53,0.53,"",1,25.0,226,353.1,5762513,192.3,0,0.0,0,0.0,-320,-35.5,-16671,-35.6
"34017","1","92611","77","0","2000","A","","Hudson County, New Jersey","Federal Government","Administration of general economic programs","County, NAICS 5-digit -- by ownership sector","All establishment sizes",3,264,6670517,0,0,487,25315,"",0.36,0.90,0.60,0.00,0.00,0.66,0.66,"",1,50.0,227,613.5,5663228,562.2,0,0.0,0,0.0,-33,-6.3,-1726,-6.4
"34017","1","926110","78","0","2000","A","","Hudson County, New Jersey","Federal Government","Administration of general economic programs","County, NAICS 6-digit -- by ownership sector","All establishment sizes",3,264,6670517,0,0,487,25315,"",0.36,0.90,0.60,0.00,0.00,0.66,0.66,"",1,50.0,227,613.5,5663228,562.2,0,0.0,0,0.0,-33,-6.3,-1726,-6.4
"34017","1","92614","77","0","2000","A","","Hudson County, New Jersey","Federal Government","Agricultural market and commodity regulation","County, NAICS 5-digit -- by ownership sector","All establishment sizes",2,27,2087946,0,0,1515,78790,"",0.31,0.28,0.34,0.00,0.00,1.24,1.24,"",0,0.0,0,0.0,99285,5.0,0,0.0,0,0.0,81,5.6,4215,5.7
"34017","1","926140","78","0","2000","A","","Hudson County, New Jersey","Federal Government","Agricultural market and commodity regulation","County, NAICS 6-digit -- by ownership sector","All establishment sizes",2,27,2087946,0,0,1515,78790,"",0.31,0.28,0.34,0.00,0.00,1.24,1.24,"",0,0.0,0,0.0,99285,5.0,0,0.0,0,0.0,81,5.6,4215,5.7
"34017","1","928","75","0","2000","A","","Hudson County, New Jersey","Federal Government","National security and international affairs","County, NAICS 3-digit -- by ownership sector","All establishment sizes",3,13,1569554,0,0,2250,116985,"",0.77,0.01,0.02,0.00,0.00,1.73,1.73,"",0,0.0,-238,-94.8,-16171417,-91.2,0,0.0,0,0.0,889,65.3,46233,65.3
"34017","1","9281","76","0","2000","A","","Hudson County, New Jersey","Federal Government","National security and international affairs","County, NAICS 4-digit -- by ownership sector","All establishment sizes",3,13,1569554,0,0,2250,116985,"",0.77,0.01,0.02,0.00,0.00,1.73,1.73,"",0,0.0,-238,-94.8,-16171417,-91.2,0,0.0,0,0.0,889,65.3,46233,65.3
"34017","1","92811","77","0","2000","A","","Hudson County, New Jersey","Federal Government","National security","County, NAICS 5-digit -- by ownership sector","All establishment sizes",2,12,1455593,0,0,2254,117229,"",0.61,0.01,0.02,0.00,0.00,1.74,1.74,"",0,0.0,-238,-95.2,-16174056,-91.7,0,0.0,0,0.0,897,66.1,46640,66.1
"34017","1","928110","78","0","2000","A","","Hudson County, New Jersey","Federal Government","National security","County, NAICS 6-digit -- by ownership sector","All establishment sizes",2,12,1455593,0,0,2254,117229,"",0.61,0.01,0.02,0.00,0.00,1.74,1.74,"",0,0.0,-238,-95.2,-16174056,-91.7,0,0.0,0,0.0,897,66.1,46640,66.1
"34017","1","92812","77","0","2000","A","","Hudson County, New Jersey","Federal Government","International affairs","County, NAICS 5-digit -- by ownership sector","All establishment sizes",1,1,113961,0,0,2192,113961,"",1.66,0.01,0.02,0.00,0.00,1.65,1.65,"",0,0.0,0,0.0,2639,2.4,0,0.0,0,0.0,51,2.4,2639,2.4
"34017","1","928120","78","0","2000","A","","Hudson County, New Jersey","Federal Government","International affairs","County, NAICS 6-digit -- by ownership sector","All establishment sizes",1,1,113961,0,0,2192,113961,"",1.66,0.01,0.02,0.00,0.00,1.65,1.65,"",0,0.0,0,0.0,2639,2.4,0,0.0,0,0.0,51,2.4,2639,2.4
"34017","2","10","71","0","2000","A","","Hudson County, New Jersey","State Government","Total, all industries","County, Total -- by ownership sector","All establishment sizes",10,2341,78836458,0,0,648,33670,"",0.10,0.29,0.20,0.00,0.00,0.69,0.69,"",0,0.0,-18,-0.8,1671646,2.2,0,0.0,0,0.0,19,3.0,965,3.0
"34017","2","1021","73","0","2000","A","","Hudson County, New Jersey","State Government","Trade, transportation, and utilities","County, by Supersector -- by ownership sector","All establishment sizes",6,829,29032046,0,0,673,35021,"",3.57,6.58,4.22,0.00,0.00,0.64,0.64,"",0,0.0,-1,-0.1,923214,3.3,0,0.0,0,0.0,22,3.4,1145,3.4
"34017","2","48-49","74","0","2000","A","","Hudson County, New Jersey","State Government","Transportation and warehousing","County, NAICS Sector -- by ownership sector","All establishment sizes",6,829,29032046,0,0,673,35021,"",6.58,8.14,5.36,0.00,0.00,0.66,0.66,"",0,0.0,-1,-0.1,923214,3.3,0,0.0,0,0.0,22,3.4,1145,3.4
"34017","3","10","71","0","2000","A","","Hudson County, New Jersey","Local Government","Total, all industries","County, Total -- by ownership sector","All establishment sizes",109,26023,1201560206,0,0,888,46173,"",0.49,1.12,1.19,0.00,0.00,1.06,1.06,"",-2,-1.8,210,0.8,36573844,3.1,0,0.0,0,0.0,20,2.3,1041,2.3
"34017","3","102","72","0","2000","A","","Hudson County, New Jersey","Local Government","Service-providing","County, by Domain -- by ownership sector","All establishment sizes",109,26023,1201560206,0,0,888,46173,"",0.50,1.13,1.20,0.00,0.00,1.06,1.06,"",-2,-1.8,210,0.8,36573844,3.1,0,0.0,0,0.0,20,2.3,1041,2.3
"34017","3","1021","73","0","2000","A","","Hudson County, New Jersey","Local Government","Trade, transportation, and utilities","County, by Supersector -- by ownership sector","All establishment sizes",9,1677,113217153,0,0,1298,67495,"",0.54,1.96,2.38,0.00,0.00,1.21,1.21,"",0,0.0,23,1.4,2165313,1.9,0,0.0,0,0.0,7,0.5,357,0.5
"34017","3","1022","73","0","2000","A","","Hudson County, New Jersey","Local Government","Information","County, by Supersector -- by ownership sector","All establishment sizes",15,178,4538096,0,0,490,25483,"",2.00,0.81,0.74,0.00,0.00,0.92,0.92,"",-1,-6.2,-16,-8.2,-718583,-13.7,0,0.0,0,0.0,-31,-6.0,-1613,-6.0
"34017","3","1023","73","0","2000","A","","Hudson County, New Jersey","Local Government","Financial activities","County, by Supersector -- by ownership sector","All establishment sizes",13,360,15621760,0,0,835,43404,"",4.73,3.65,3.65,0.00,0.00,1.00,1.00,"",-2,-13.3,-2,-0.6,1662575,11.9,0,0.0,0,0.0,93,12.5,4798,12.4
"34017","3","1025","73","0","2000","A","","Hudson County, New Jersey","Local Government","Education and health services","County, by Supersector -- by ownership sector","All establishment sizes",34,13116,603866326,0,0,885,46041,"",0.39,0.90,0.98,0.00,0.00,1.09,1.09,"",0,0.0,419,3.3,27869195,4.8,0,0.0,0,0.0,13,1.5,676,1.5
"34017","3","1028","73","0","2000","A","","Hudson County, New Jersey","Local Government","Public administration","County, by Supersector -- by ownership sector","All establishment sizes",33,10427,455540826,0,0,840,43690,"",0.37,1.55,1.46,0.00,0.00,0.94,0.94,"",0,0.0,-207,-1.9,6138292,1.4,0,0.0,0,0.0,27,3.3,1427,3.4
"34017","3","51","74","0","2000","A","","Hudson County, New Jersey","Local Government","Information","County, NAICS Sector -- by ownership sector","All establishment sizes",15,178,4538096,0,0,490,25483,"",2.00,0.81,0.74,0.00,0.00,0.92,0.92,"",-1,-6.2,-16,-8.2,-718583,-13.7,0,0.0,0,0.0,-31,-6.0,-1613,-6.0
"34017","3","519","75","0","2000","A","","Hudson County, New Jersey","Local Government","Other information services","County, NAICS 3-digit -- by ownership sector","All establishment sizes",15,178,4538096,0,0,490,25483,"",2.08,0.83,0.79,0.00,0.00,0.95,0.95,"",-1,-6.2,-16,-8.2,-718583,-13.7,0,0.0,0,0.0,-31,-6.0,-1613,-6.0
"34017","3","5191","76","0","2000","A","","Hudson County, New Jersey","Local Government","Other information services","County, NAICS 4-digit -- by ownership sector","All establishment sizes",15,178,4538096,0,0,490,25483,"",2.08,0.83,0.79,0.00,0.00,0.95,0.95,"",-1,-6.2,-16,-8.2,-718583,-13.7,0,0.0,0,0.0,-31,-6.0,-1613,-6.0
"34017","3","51912","77","0","2000","A","","Hudson County, New Jersey","Local Government","Libraries and archives","County, NAICS 5-digit -- by ownership sector","All establishment sizes",15,178,4538096,0,0,490,25483,"",2.08,0.83,0.79,0.00,0.00,0.95,0.95,"",-1,-6.2,-16,-8.2,-718583,-13.7,0,0.0,0,0.0,-31,-6.0,-1613,-6.0
"34017","3","519120","78","0","2000","A","","Hudson County, New Jersey","Local Government","Libraries and archives","County, NAICS 6-digit -- by ownership sector","All establishment sizes",15,178,4538096,0,0,490,25483,"",2.08,0.83,0.79,0.00,0.00,0.95,0.95,"",-1,-6.2,-16,-8.2,-718583,-13.7,0,0.0,0,0.0,-31,-6.0,-1613,-6.0
"34017","3","6111","76","0","2000","A","","Hudson County, New Jersey","Local Government","Elementary and secondary schools","County, NAICS 4-digit -- by ownership sector","All establishment sizes",31,12330,574158283,0,0,896,46567,"",0.42,1.01,1.10,0.00,0.00,1.09,1.10,"",0,0.0,293,2.4,28072789,5.1,0,0.0,0,0.0,24,2.8,1199,2.6
"34017","3","61111","77","0","2000","A","","Hudson County, New Jersey","Local Government","Elementary and secondary schools","County, NAICS 5-digit -- by ownership sector","All establishment sizes",31,12330,574158283,0,0,896,46567,"",0.42,1.01,1.10,0.00,0.00,1.09,1.10,"",0,0.0,293,2.4,28072789,5.1,0,0.0,0,0.0,24,2.8,1199,2.6
"34017","3","611110","78","0","2000","A","","Hudson County, New Jersey","Local Government","Elementary and secondary schools","County, NAICS 6-digit -- by ownership sector","All establishment sizes",31,12330,574158283,0,0,896,46567,"",0.42,1.01,1.10,0.00,0.00,1.09,1.10,"",0,0.0,293,2.4,28072789,5.1,0,0.0,0,0.0,24,2.8,1199,2.6
"34017","3","92","74","0","2000","A","","Hudson County, New Jersey","Local Government","Public administration","County, NAICS Sector -- by ownership sector","All establishment sizes",33,10427,455540826,0,0,840,43690,"",0.37,1.55,1.46,0.00,0.00,0.94,0.94,"",0,0.0,-207,-1.9,6138292,1.4,0,0.0,0,0.0,27,3.3,1427,3.4
"34017","3","921","75","0","2000","A","","Hudson County, New Jersey","Local Government","Executive, legislative and general government","County, NAICS 3-digit -- by ownership sector","All establishment sizes",13,9055,393729756,0,0,836,43482,"",0.23,1.97,2.01,0.00,0.00,1.02,1.02,"",0,0.0,-257,-2.8,-882348,-0.2,0,0.0,0,0.0,21,2.6,1103,2.6
"34017","3","9211","76","0","2000","A","","Hudson County, New Jersey","Local Government","Executive, legislative and general government","County, NAICS 4-digit -- by ownership sector","All establishment sizes",13,9055,393729756,0,0,836,43482,"",0.23,1.97,2.01,0.00,0.00,1.02,1.02,"",0,0.0,-257,-2.8,-882348,-0.2,0,0.0,0,0.0,21,2.6,1103,2.6
"34017","3","92114","77","0","2000","A","","Hudson County, New Jersey","Local Government","Executive and legislative offices, combined","County, NAICS 5-digit -- by ownership sector","All establishment sizes",13,9055,393729756,0,0,836,43482,"",0.38,2.92,3.01,0.00,0.00,1.03,1.03,"",0,0.0,-257,-2.8,-882348,-0.2,0,0.0,0,0.0,21,2.6,1103,2.6
"34017","3","921140","78","0","2000","A","","Hudson County, New Jersey","Local Government","Executive and legislative offices, combined","County, NAICS 6-digit -- by ownership sector","All establishment sizes",13,9055,393729756,0,0,836,43482,"",0.38,2.92,3.01,0.00,0.00,1.03,1.03,"",0,0.0,-257,-2.8,-882348,-0.2,0,0.0,0,0.0,21,2.6,1103,2.6
"34017","3","925","75","0","2000","A","","Hudson County, New Jersey","Local Government","Community and housing program administration","County, NAICS 3-digit -- by ownership sector","All establishment sizes",10,406,13421779,0,0,636,33093,"",1.95,2.99,2.23,0.00,0.00,0.74,0.75,"",0,0.0,17,4.4,1381761,11.5,0,0.0,0,0.0,41,6.9,2135,6.9
"34017","3","9251","76","0","2000","A","","Hudson County, New Jersey","Local Government","Community and housing program administration","County, NAICS 4-digit -- by ownership sector","All establishment sizes",10,406,13421779,0,0,636,33093,"",1.95,2.99,2.23,0.00,0.00,0.74,0.75,"",0,0.0,17,4.4,1381761,11.5,0,0.0,0,0.0,41,6.9,2135,6.9
"34017","3","926","75","0","2000","A","","Hudson County, New Jersey","Local Government","Administration of economic programs","County, NAICS 3-digit -- by ownership sector","All establishment sizes",4,90,2537198,0,0,543,28217,"",1.05,0.94,0.49,0.00,0.00,0.51,0.51,"",0,0.0,9,11.1,516160,25.5,0,0.0,0,0.0,61,12.7,3163,12.6
"34017","3","9261","76","0","2000","A","","Hudson County, New Jersey","Local Government","Administration of economic programs","County, NAICS 4-digit -- by ownership sector","All establishment sizes",4,90,2537198,0,0,543,28217,"",1.05,0.94,0.49,0.00,0.00,0.51,0.51,"",0,0.0,9,11.1,516160,25.5,0,0.0,0,0.0,61,12.7,3163,12.6
"34017","5","10","71","0","2000","A","","Hudson County, New Jersey","Private","Total, all industries","County, Total -- by ownership sector","All establishment sizes",12356,203041,9742088956,0,0,923,47981,"",1.02,1.00,1.01,0.00,0.00,1.01,1.01,"",-1416,-10.3,7799,4.0,1358541495,16.2,0,0.0,0,0.0,97,11.7,5042,11.7
"34017","5","101","72","0","2000","A","","Hudson County, New Jersey","Private","Goods-producing","County, by Domain -- by ownership sector","All establishment sizes",1703,27124,1041919815,0,0,739,38414,"",0.82,0.57,0.40,0.00,0.00,0.70,0.70,"",-237,-12.2,145,0.5,26134781,2.6,0,0.0,0,0.0,15,2.1,763,2.0
"34017","5","1013","73","0","2000","A","","Hudson County, New Jersey","Private","Manufacturing","County, by Supersector -- by ownership sector","All establishment sizes",943,21383,767958272,0,0,691,35914,"",1.47,0.67,0.42,0.00,0.00,0.62,0.62,"",-132,-12.3,-227,-1.1,354686,0.0,0,0.0,0,0.0,8,1.2,393,1.1
"34017","5","102","72","0","2000","A","","Hudson County, New Jersey","Private","Service-providing","County, by Domain -- by ownership sector","All establishment sizes",10654,175918,8700169141,0,0,951,49456,"",1.06,1.13,1.24,0.00,0.00,1.09,1.09,"",-1178,-10.0,7655,4.5,1332406714,18.1,0,0.0,0,0.0,109,12.9,5669,12.9
"34017","5","1021","73","0","2000","A","","Hudson County, New Jersey","Private","Trade, transportation, and utilities","County, by Supersector -- by ownership sector","All establishment sizes",4074,68981,2396652996,0,0,668,34744,"",1.39,1.45,1.21,0.00,0.00,0.84,0.84,"",-549,-11.9,135,0.2,60673244,2.6,0,0.0,0,0.0,15,2.3,813,2.4
"34017","5","1022","73","0","2000","A","","Hudson County, New Jersey","Private","Information","County, by Supersector -- by ownership sector","All establishment sizes",214,10788,555956843,0,0,991,51536,"",0.91,1.62,1.06,0.00,0.00,0.65,0.65,"",-19,-8.2,1614,17.6,87247180,18.6,0,0.0,0,0.0,8,0.8,443,0.9
"34017","5","1023","73","0","2000","A","","Hudson County, New Jersey","Private","Financial activities","County, by Supersector -- by ownership sector","All establishment sizes",1125,30230,3360005470,0,0,2137,111150,"",1.00,2.17,3.41,0.00,0.00,1.57,1.57,"",-67,-5.6,3550,13.3,1062780149,46.3,0,0.0,0,0.0,481,29.0,25048,29.1
"34017","5","1024","73","0","2000","A","","Hudson County, New Jersey","Private","Professional and business services","County, by Supersector -- by ownership sector","All establishment sizes",1748,27542,1314316900,0,0,918,47720,"",0.90,0.90,0.75,0.00,0.00,0.84,0.84,"",-192,-9.9,1658,6.4,78018162,6.3,0,0.0,0,0.0,-1,-0.1,-43,-0.1
"34017","5","1025","73","0","2000","A","","Hudson County, New Jersey","Private","Education and health services","County, by Supersector -- by ownership sector","All establishment sizes",1208,21944,729343302,0,0,639,33236,"",1.13,0.83,0.65,0.00,0.00,0.79,0.79,"",-69,-5.4,583,2.7,28618748,4.1,0,0.0,0,0.0,8,1.3,432,1.3
"34017","5","1026","73","0","2000","A","","Hudson County, New Jersey","Private","Leisure and hospitality","County, by Supersector -- by ownership sector","All establishment sizes",1124,10984,182024462,0,0,319,16571,"",1.13,0.50,0.41,0.00,0.00,0.82,0.82,"",-135,-10.7,279,2.6,14973963,9.0,0,0.0,0,0.0,19,6.3,966,6.2
"34017","5","1027","73","0","2000","A","","Hudson County, New Jersey","Private","Other services","County, by Supersector -- by ownership sector","All establishment sizes",1120,5156,142964733,0,0,533,27728,"",0.74,0.68,0.62,0.00,0.00,0.92,0.92,"",-129,-10.3,-103,-2.0,-1329467,-0.9,0,0.0,0,0.0,5,0.9,288,1.0
"34017","5","236","75","0","2000","A","","Hudson County, New Jersey","Private","Construction of buildings","County, NAICS 3-digit -- by ownership sector","All establishment sizes",232,1135,43738521,0,0,741,38536,"",0.64,0.40,0.29,0.00,0.00,0.73,0.73,"",-41,-15.0,205,22.0,9699426,28.5,0,0.0,0,0.0,37,5.3,1941,5.3
"34017","5","2361","76","0","2000","A","","Hudson County, New Jersey","Private","Residential building construction","County, NAICS 4-digit -- by ownership sector","All establishment sizes",196,826,29260161,0,0,681,35427,"",0.70,0.60,0.46,0.00,0.00,0.77,0.77,"",-37,-15.9,139,20.2,6071958,26.2,0,0.0,0,0.0,32,4.9,1654,4.9
"34017","5","23611","77","0","2000","A","","Hudson County, New Jersey","Private","Residential building construction","County, NAICS 5-digit -- by ownership sector","All establishment sizes",196,826,29260161,0,0,681,35427,"",0.70,0.60,0.46,0.00,0.00,0.77,0.77,"",-37,-15.9,139,20.2,6071958,26.2,0,0.0,0,0.0,32,4.9,1654,4.9
"34017","5","236115","78","0","2000","A","","Hudson County, New Jersey","Private","New single-family general contractors","County, NAICS 6-digit -- by ownership sector","All establishment sizes",74,288,9244561,0,0,617,32071,"",0.46,0.33,0.23,0.00,0.00,0.68,0.68,"",-14,-15.9,66,29.7,1557409,20.3,0,0.0,0,0.0,-48,-7.2,-2517,-7.3
"34017","5","236118","78","0","2000","A","","Hudson County, New Jersey","Private","Residential remodelers","County, NAICS 6-digit -- by ownership sector","All establishment sizes",114,500,18762251,0,0,722,37525,"",1.05,1.18,1.14,0.00,0.00,0.96,0.96,"",-22,-16.2,68,15.7,4604237,32.5,0,0.0,0,0.0,92,14.6,4777,14.6
"34017","5","2362","76","0","2000","A","","Hudson County, New Jersey","Private","Nonresidential building construction","County, NAICS 4-digit -- by ownership sector","All establishment sizes",37,309,14478360,0,0,901,46843,"",0.43,0.21,0.17,0.00,0.00,0.79,0.79,"",-3,-7.5,65,26.6,3627468,33.4,0,0.0,0,0.0,44,5.1,2296,5.2
"34017","5","2371","76","0","2000","A","","Hudson County, New Jersey","Private","Utility system construction","County, NAICS 4-digit -- by ownership sector","All establishment sizes",5,236,12870973,0,0,1049,54538,"",0.13,0.33,0.34,0.00,0.00,1.04,1.04,"",-4,-44.4,16,7.3,1555592,13.7,0,0.0,0,0.0,58,5.9,2987,5.8
"34017","5","2372","76","0","2000","A","","Hudson County, New Jersey","Private","Land subdivision","County, NAICS 4-digit -- by ownership sector","All establishment sizes",9,56,3170388,0,0,1089,56614,"",0.42,0.35,0.30,0.00,0.00,0.85,0.85,"",1,12.5,-1,-1.8,-423387,-11.8,0,0.0,0,0.0,-122,-10.1,-6343,-10.1
"34017","5","23721","77","0","2000","A","","Hudson County, New Jersey","Private","Land subdivision","County, NAICS 5-digit -- by ownership sector","All establishment sizes",9,56,3170388,0,0,1089,56614,"",0.42,0.35,0.30,0.00,0.00,0.85,0.85,"",1,12.5,-1,-1.8,-423387,-11.8,0,0.0,0,0.0,-122,-10.1,-6343,-10.1
"34017","5","237210","78","0","2000","A","","Hudson County, New Jersey","Private","Land subdivision","County, NAICS 6-digit -- by ownership sector","All establishment sizes",9,56,3170388,0,0,1089,56614,"",0.42,0.35,0.30,0.00,0.00,0.85,0.85,"",1,12.5,-1,-1.8,-423387,-11.8,0,0.0,0,0.0,-122,-10.1,-6343,-10.1
"34017","5","238","75","0","2000","A","","Hudson County, New Jersey","Private","Specialty trade contractors","County, NAICS 3-digit -- by ownership sector","All establishment sizes",502,3949,190801395,0,0,929,48323,"",0.66,0.51,0.53,0.00,0.00,1.02,1.02,"",-60,-10.7,206,5.5,15559324,8.9,0,0.0,0,0.0,29,3.2,1509,3.2
"34017","5","2381","76","0","2000","A","","Hudson County, New Jersey","Private","Building foundation and exterior contractors","County, NAICS 4-digit -- by ownership sector","All establishment sizes",102,583,24190808,0,0,798,41517,"",0.60,0.35,0.36,0.00,0.00,1.00,1.01,"",-12,-10.5,-27,-4.4,1235371,5.4,0,0.0,0,0.0,75,10.4,3901,10.4
"34017","5","23811","77","0","2000","A","","Hudson County, New Jersey","Private","Poured concrete structure contractors","County, NAICS 5-digit -- by ownership sector","All establishment sizes",8,110,4239467,0,0,741,38511,"",0.29,0.33,0.30,0.00,0.00,0.92,0.92,"",-1,-11.1,14,14.6,1137555,36.7,0,0.0,0,0.0,117,18.8,6059,18.7
"34017","5","23812","77","0","2000","A","","Hudson County, New Jersey","Private","Steel and precast concrete contractors","County, NAICS 5-digit -- by ownership sector","All establishment sizes",7,88,6271902,0,0,1373,71407,"",0.73,0.54,0.74,0.00,0.00,1.37,1.37,"",1,16.7,-18,-17.0,457016,7.9,0,0.0,0,0.0,321,30.5,16722,30.6
"34017","5","23813","77","0","2000","A","","Hudson County, New Jersey","Private","Framing contractors","County, NAICS 5-digit -- by ownership sector","All establishment sizes",7,38,2317272,0,0,1165,60582,"",0.27,0.17,0.29,0.00,0.00,1.63,1.63,"",0,0.0,-6,-13.6,193677,9.1,0,0.0,0,0.0,228,24.3,11857,24.3
"34017","5","23814","77","0","2000","A","","Hudson County, New Jersey","Private","Masonry contractors","County, NAICS 5-digit -- by ownership sector","All establishment sizes",42,158,5124615,0,0,624,32434,"",0.92,0.40,0.33,0.00,0.00,0.82,0.82,"",-6,-12.5,-3,-1.9,-138923,-2.6,0,0.0,0,0.0,-5,-0.8,-259,-0.8
"34017","5","238141","78","0","2000","A","","Hudson County, New Jersey","Private","Residential masonry contractors","County, NAICS 6-digit -- by ownership sector","All establishment sizes",32,87,2225365,0,0,494,25702,"",0.95,0.48,0.36,0.00,0.00,0.75,0.75,"",-3,-8.6,6,7.4,38697,1.8,0,0.0,0,0.0,-28,-5.4,-1433,-5.3
"34017","5","238142","78","0","2000","A","","Hudson County, New Jersey","Private","Nonresidential masonry contractors","County, NAICS 6-digit -- by ownership sector","All establishment sizes",10,71,2899250,0,0,781,40596,"",0.83,0.33,0.31,0.00,0.00,0.92,0.92,"",-3,-23.1,-9,-11.2,-177620,-5.8,0,0.0,0,0.0,45,6.1,2334,6.1
"34017","5","23815","77","0","2000","A","","Hudson County, New Jersey","Private","Glass and glazing contractors","County, NAICS 5-digit -- by ownership sector","All establishment sizes",12,73,3432939,0,0,910,47297,"",1.33,0.77,0.74,0.00,0.00,0.98,0.98,"",-3,-20.0,-11,-13.1,-346577,-9.2,0,0.0,0,0.0,49,5.7,2525,5.6
"34017","5","238151","78","0","2000","A","","Hudson County, New Jersey","Private","Residential glass and glazing contractors","County, NAICS 6-digit -- by ownership sector","All establishment sizes",7,21,708690,0,0,636,33091,"",1.46,0.60,0.49,0.00,0.00,0.81,0.81,"",-1,-12.5,-12,-36.4,-605227,-46.1,0,0.0,0,0.0,-132,-17.2,-6825,-17.1
"34017","5","238152","78","0","2000","A","","Hudson County, New Jersey","Private","Nonresidential glass and glazing contractors","County, NAICS 6-digit -- by ownership sector","All establishment sizes",5,51,2724249,0,0,1024,53243,"",1.18,0.85,0.86,0.00,0.00,1.00,1.00,"",-2,-28.6,-1,-1.9,258650,10.5,0,0.0,0,0.0,103,11.2,5367,11.2
"34017","5","23816","77","0","2000","A","","Hudson County, New Jersey","Private","Roofing contractors","County, NAICS 5-digit -- by ownership sector","All establishment sizes",15,73,1659450,0,0,440,22863,"",0.46,0.22,0.13,0.00,0.00,0.58,0.58,"",-2,-11.8,1,1.4,66330,4.2,0,0.0,0,0.0,17,4.0,864,3.9
"34017","5","238161","78","0","2000","A","","Hudson County, New Jersey","Private","Residential roofing contractors","County, NAICS 6-digit -- by ownership sector","All establishment sizes",7,20,355988,0,0,344,17874,"",0.30,0.13,0.07,0.00,0.00,0.53,0.53,"",-1,-12.5,-4,-16.7,-113516,-24.2,0,0.0,0,0.0,-38,-9.9,-1964,-9.9
"34017","5","238162","78","0","2000","A","","Hudson County, New Jersey","Private","Nonresidential roofing contractors","County, NAICS 6-digit -- by ownership sector","All establishment sizes",8,53,1303462,0,0,476,24749,"",0.83,0.30,0.17,0.00,0.00,0.57,0.57,"",-1,-11.1,4,8.2,179846,16.0,0,0.0,0,0.0,33,7.4,1700,7.4
"34017","5","2382","76","0","2000","A","","Hudson County, New Jersey","Private","Building equipment contractors","County, NAICS 4-digit -- by ownership sector","All establishment sizes",233,2108,111280622,0,0,1015,52794,"",0.83,0.61,0.61,0.00,0.00,0.99,0.99,"",-29,-11.1,211,11.1,15233007,15.9,0,0.0,0,0.0,41,4.2,2163,4.3
"34017","5","23821","77","0","2000","A","","Hudson County, New Jersey","Private","Electrical and wiring contractors","County, NAICS 5-digit -- by ownership sector","All establishment sizes",129,1002,52268261,0,0,1003,52142,"",0.95,0.58,0.55,0.00,0.00,0.96,0.96,"",-15,-10.4,42,4.4,3996351,8.3,0,0.0,0,0.0,36,3.7,1859,3.7
"34017","5","238211","78","0","2000","A","","Hudson County, New Jersey","Private","Residential electrical contractors","County, NAICS 6-digit -- by ownership sector","All establishment sizes",65,205,6882111,0,0,644,33503,"",0.92,0.39,0.30,0.00,0.00,0.76,0.76,"",-8,-11.0,7,3.5,647670,10.4,0,0.0,0,0.0,38,6.3,2003,6.4
"34017","5","238212","78","0","2000","A","","Hudson County, New Jersey","Private","Nonresidential electrical contractors","County, NAICS 6-digit -- by ownership sector","All establishment sizes",64,797,45386150,0,0,1095,56946,"",0.98,0.66,0.63,0.00,0.00,0.96,0.96,"",-7,-9.9,35,4.6,3348681,8.0,0,0.0,0,0.0,34,3.2,1785,3.2
"34017","5","238222","78","0","2000","A","","Hudson County, New Jersey","Private","Nonresidential plumbing and hvac contractors","County, NAICS 6-digit -- by ownership sector","All establishment sizes",31,723,38052693,0,0,1012,52607,"",0.78,0.90,0.81,0.00,0.00,0.91,0.91,"",-3,-8.8,127,21.3,5801612,18.0,0,0.0,0,0.0,-28,-2.7,-1490,-2.8
"34017","5","2383","76","0","2000","A","","Hudson County, New Jersey","Private","Building finishing contractors","County, NAICS 4-digit -- by ownership sector","All establishment sizes",130,918,40796907,0,0,855,44437,"",0.66,0.59,0.63,0.00,0.00,1.07,1.07,"",-12,-8.5,50,5.8,4237053,11.6,0,0.0,0,0.0,45,5.6,2329,5.5
"34017","5","23831","77","0","2000","A","","Hudson County, New Jersey","Private","Drywall and insulation contractors","County, NAICS 5-digit -- by ownership sector","All establishment sizes",17,292,13264304,0,0,873,45374,"",0.46,0.50,0.52,0.00,0.00,1.04,1.04,"",0,0.0,-9,-3.0,-896262,-6.3,0,0.0,0,0.0,-32,-3.5,-1710,-3.6
"34017","5","23832","77","0","2000","A","","Hudson County, New Jersey","Private","Painting and wall covering contractors","County, NAICS 5-digit -- by ownership sector","All establishment sizes",44,89,3025282,0,0,657,34184,"",0.68,0.22,0.21,0.00,0.00,0.92,0.92,"",-4,-8.3,-14,-13.6,-130720,-4.1,0,0.0,0,0.0,68,11.5,3543,11.6
"34017","5","238321","78","0","2000","A","","Hudson County, New Jersey","Private","Residential painting contractors","County, NAICS 6-digit -- by ownership sector","All establishment sizes",28,31,680248,0,0,421,21885,"",0.56,0.14,0.10,0.00,0.00,0.69,0.69,"",-5,-15.2,-10,-24.4,-312810,-31.5,0,0.0,0,0.0,-51,-10.8,-2635,-10.7
"34017","5","238322","78","0","2000","A","","Hudson County, New Jersey","Private","Nonresidential painting contractors","County, NAICS 6-digit -- by ownership sector","All establishment sizes",16,57,2345034,0,0,785,40842,"",1.09,0.32,0.30,0.00,0.00,0.93,0.93,"",1,6.7,-6,-9.5,182090,8.4,0,0.0,0,0.0,119,17.9,6235,18.0
"34017","5","238331","78","0","2000","A","","Hudson County, New Jersey","Private","Residential flooring contractors","County, NAICS 6-digit -- by ownership sector","All establishment sizes",12,26,823987,0,0,611,31794,"",0.68,0.31,0.24,0.00,0.00,0.78,0.78,"",-1,-7.7,0,0.0,45797,5.9,0,0.0,0,0.0,41,7.2,2149,7.2
"34017","5","23834","77","0","2000","A","","Hudson County, New Jersey","Private","Tile and terrazzo contractors","County, NAICS 5-digit -- by ownership sector","All establishment sizes",7,75,3312965,0,0,855,44469,"",0.52,0.81,0.84,0.00,0.00,1.05,1.05,"",0,0.0,25,50.0,1404807,73.6,0,0.0,0,0.0,115,15.5,5985,15.6
"34017","5","23835","77","0","2000","A","","Hudson County, New Jersey","Private","Finish carpentry contractors","County, NAICS 5-digit -- by ownership sector","All establishment sizes",38,356,16189217,0,0,874,45433,"",0.82,1.49,1.64,0.00,0.00,1.11,1.11,"",-6,-13.6,65,22.3,3757812,30.2,0,0.0,0,0.0,52,6.3,2701,6.3
"34017","5","238351","78","0","2000","A","","Hudson County, New Jersey","Private","Residential finish carpentry contractors","County, NAICS 6-digit -- by ownership sector","All establishment sizes",28,98,3638780,0,0,711,36973,"",0.77,0.59,0.58,0.00,0.00,0.98,0.98,"",-5,-15.2,-2,-2.0,387684,11.9,0,0.0,0,0.0,83,13.2,4299,13.2
"34017","5","238352","78","0","2000","A","","Hudson County, New Jersey","Private","Nonresidential finish carpentry contractors","County, NAICS 6-digit -- by ownership sector","All establishment sizes",10,258,12550437,0,0,936,48661,"",1.00,3.46,3.48,0.00,0.00,1.01,1.01,"",-1,-9.1,67,35.1,3370128,36.7,0,0.0,0,0.0,14,1.5,701,1.5
"34017","5","2389","76","0","2000","A","","Hudson County, New Jersey","Private","Other specialty trade contractors","County, NAICS 4-digit -- by ownership sector","All establishment sizes",37,340,14533058,0,0,822,42755,"",0.31,0.33,0.31,0.00,0.00,0.95,0.95,"",-8,-17.8,-28,-7.6,-5146107,-26.2,0,0.0,0,0.0,-207,-20.1,-10745,-20.1
"34017","5","23891","77","0","2000","A","","Hudson County, New Jersey","Private","Site preparation contractors","County, NAICS 5-digit -- by ownership sector","All establishment sizes",16,214,10142626,0,0,913,47488,"",0.26,0.41,0.42,0.00,0.00,1.02,1.02,"",-4,-20.0,-20,-8.5,-4171205,-29.1,0,0.0,0,0.0,-266,-22.6,-13813,-22.5
"34017","5","238911","78","0","2000","A","","Hudson County, New Jersey","Private","Residential site preparation contractors","County, NAICS 6-digit -- by ownership sector","All establishment sizes",6,69,2495231,0,0,701,36427,"",0.17,0.35,0.30,0.00,0.00,0.86,0.86,"",0,0.0,21,43.8,678843,37.4,0,0.0,0,0.0,-28,-3.8,-1480,-3.9
"34017","5","238912","78","0","2000","A","","Hudson County, New Jersey","Private","Nonresidential site preparation contractors","County, NAICS 6-digit -- by ownership sector","All establishment sizes",9,145,7647395,0,0,1014,52710,"",0.35,0.44,0.48,0.00,0.00,1.07,1.07,"",-5,-35.7,-41,-22.0,-4850048,-38.8,0,0.0,0,0.0,-281,-21.7,-14631,-21.7
"34017","5","23899","77","0","2000","A","","Hudson County, New Jersey","Private","All other specialty trade contractors","County, NAICS 5-digit -- by ownership sector","All establishment sizes",21,126,4390432,0,0,668,34753,"",0.37,0.25,0.20,0.00,0.00,0.81,0.81,"",-5,-19.2,-8,-6.0,-974902,-18.2,0,0.0,0,0.0,-100,-13.0,-5187,-13.0
"34017","5","238991","78","0","2000","A","","Hudson County, New Jersey","Private","All other residential trade contractors","County, NAICS 6-digit -- by ownership sector","All establishment sizes",11,44,1462129,0,0,635,33042,"",0.31,0.19,0.17,0.00,0.00,0.88,0.88,"",-4,-26.7,-9,-17.0,-381678,-20.7,0,0.0,0,0.0,-40,-5.9,-2078,-5.9
"34017","5","238992","78","0","2000","A","","Hudson County, New Jersey","Private","All other nonresidential trade contractors","County, NAICS 6-digit -- by ownership sector","All establishment sizes",10,82,2928303,0,0,686,35675,"",0.46,0.29,0.22,0.00,0.00,0.75,0.75,"",-1,-9.1,0,0.0,-593224,-16.8,0,0.0,0,0.0,-142,-17.1,-7358,-17.1
"34017","5","31-33","74","0","2000","A","","Hudson County, New Jersey","Private","Manufacturing","County, NAICS Sector -- by ownership sector","All establishment sizes",943,21383,767958272,0,0,691,35914,"",1.47,0.67,0.42,0.00,0.00,0.62,0.62,"",-132,-12.3,-227,-1.1,354686,0.0,0,0.0,0,0.0,8,1.2,393,1.1
"34017","5","311","75","0","2000","A","","Hudson County, New Jersey","Private","Food manufacturing","County, NAICS 3-digit -- by ownership sector","All establishment sizes",82,1991,62198707,0,0,601,31243,"",1.69,0.69,0.51,0.00,0.00,0.74,0.74,"",-8,-8.9,129,6.9,6584102,11.8,0,0.0,0,0.0,27,4.7,1371,4.6
"34017","5","3116","76","0","2000","A","","Hudson County, New Jersey","Private","Animal slaughtering and processing","County, NAICS 4-digit -- by ownership sector","All establishment sizes",11,150,3919548,0,0,503,26159,"",1.56,0.16,0.12,0.00,0.00,0.77,0.77,"",0,0.0,-5,-3.2,7578,0.2,0,0.0,0,0.0,17,3.5,893,3.5
"34017","5","31161","77","0","2000","A","","Hudson County, New Jersey","Private","Animal slaughtering and processing","County, NAICS 5-digit -- by ownership sector","All establishment sizes",11,150,3919548,0,0,503,26159,"",1.56,0.16,0.12,0.00,0.00,0.77,0.77,"",0,0.0,-5,-3.2,7578,0.2,0,0.0,0,0.0,17,3.5,893,3.5
"34017","5","311612","78","0","2000","A","","Hudson County, New Jersey","Private","Meat processed from carcasses","County, NAICS 6-digit -- by ownership sector","All establishment sizes",8,114,2964854,0,0,502,26103,"",3.28,0.56,0.36,0.00,0.00,0.64,0.64,"",0,0.0,-1,-0.9,-51243,-1.7,0,0.0,0,0.0,-1,-0.2,-67,-0.3
"34017","5","3118","76","0","2000","A","","Hudson County, New Jersey","Private","Bakeries and tortilla manufacturing","County, NAICS 4-digit -- by ownership sector","All establishment sizes",52,950,28434261,0,0,576,29947,"",2.59,1.70,1.28,0.00,0.00,0.75,0.75,"",-4,-7.1,28,3.0,5579792,24.4,0,0.0,0,0.0,99,20.8,5166,20.8
"34017","5","311812","78","0","2000","A","","Hudson County, New Jersey","Private","Commercial bakeries","County, NAICS 6-digit -- by ownership sector","All establishment sizes",16,645,22313583,0,0,665,34572,"",3.63,2.46,1.93,0.00,0.00,0.78,0.78,"",0,0.0,79,14.0,5744031,34.7,0,0.0,0,0.0,102,18.1,5314,18.2
"34017","5","3119","76","0","2000","A","","Hudson County, New Jersey","Private","Other food manufacturing","County, NAICS 4-digit -- by ownership sector","All establishment sizes",9,587,19679062,0,0,645,33520,"",1.80,2.11,1.28,0.00,0.00,0.61,0.61,"",-3,-25.0,93,18.8,670598,3.5,0,0.0,0,0.0,-95,-12.8,-4959,-12.9
"34017","5","31194","77","0","2000","A","","Hudson County, New Jersey","Private","Seasoning and dressing manufacturing","County, NAICS 5-digit -- by ownership sector","All establishment sizes",5,538,17060775,0,0,610,31731,"",4.23,10.35,6.10,0.00,0.00,0.59,0.59,"",-2,-28.6,80,17.5,-112330,-0.7,0,0.0,0,0.0,-111,-15.4,-5779,-15.4
"34017","5","313","75","0","2000","A","","Hudson County, New Jersey","Private","Textile mills","County, NAICS 3-digit -- by ownership sector","All establishment sizes",126,1557,43283876,0,0,534,27794,"",13.20,2.23,1.56,0.00,0.00,0.70,0.70,"",-22,-14.9,-72,-4.4,-6700496,-13.4,0,0.0,0,0.0,-56,-9.5,-2890,-9.4
"34017","5","3132","76","0","2000","A","","Hudson County, New Jersey","Private","Fabric mills","County, NAICS 4-digit -- by ownership sector","All establishment sizes",98,896,24073369,0,0,517,26870,"",28.06,2.55,1.69,0.00,0.00,0.66,0.66,"",-19,-16.2,-163,-15.4,-8492255,-26.1,0,0.0,0,0.0,-74,-12.5,-3872,-12.6
"34017","5","31322","77","0","2000","A","","Hudson County, New Jersey","Private","Narrow fabric mills and schiffli embroidery","County, NAICS 5-digit -- by ownership sector","All establishment sizes",80,677,17317126,0,0,492,25582,"",82.97,16.87,12.60,0.00,0.00,0.75,0.75,"",-16,-16.7,-77,-10.2,-3385445,-16.4,0,0.0,0,0.0,-36,-6.8,-1890,-6.9
"34017","5","313221","78","0","2000","A","","Hudson County, New Jersey","Private","Narrow fabric mills","County, NAICS 6-digit -- by ownership sector","All establishment sizes",7,165,3686121,0,0,429,22329,"",11.73,4.62,3.00,0.00,0.00,0.65,0.65,"",-1,-12.5,20,13.8,405519,12.4,0,0.0,0,0.0,-6,-1.4,-270,-1.2
"34017","5","313222","78","0","2000","A","","Hudson County, New Jersey","Private","Schiffli machine embroidery","County, NAICS 6-digit -- by ownership sector","All establishment sizes",74,512,13631005,0,0,512,26632,"",201.46,115.32,95.16,0.00,0.00,0.82,0.83,"",-14,-15.9,-96,-15.8,-3790964,-21.8,0,0.0,0,0.0,-39,-7.1,-2003,-7.0
"34017","5","31324","77","0","2000","A","","Hudson County, New Jersey","Private","Knit fabric mills","County, NAICS 5-digit -- by ownership sector","All establishment sizes",13,205,6456456,0,0,607,31546,"",18.45,3.91,3.14,0.00,0.00,0.80,0.80,"",-2,-13.3,-86,-29.6,-4820200,-42.7,0,0.0,0,0.0,-139,-18.6,-7228,-18.6
"34017","5","31331","77","0","2000","A","","Hudson County, New Jersey","Private","Textile and fabric finishing mills","County, NAICS 5-digit -- by ownership sector","All establishment sizes",23,615,18063000,0,0,565,29363,"",5.18,3.57,2.58,0.00,0.00,0.72,0.72,"",-4,-14.8,105,20.6,2058012,12.9,0,0.0,0,0.0,-39,-6.5,-2024,-6.4
"34017","5","314","75","0","2000","A","","Hudson County, New Jersey","Private","Textile product mills","County, NAICS 3-digit -- by ownership sector","All establishment sizes",75,737,20228112,0,0,528,27453,"",5.44,1.83,1.45,0.00,0.00,0.79,0.79,"",-13,-14.8,-131,-15.1,-742534,-3.5,0,0.0,0,0.0,63,13.5,3279,13.6
"34017","5","3141","76","0","2000","A","","Hudson County, New Jersey","Private","Textile furnishings mills","County, NAICS 4-digit -- by ownership sector","All establishment sizes",13,380,9099806,0,0,460,23931,"",2.34,1.59,1.10,0.00,0.00,0.69,0.69,"",-1,-7.1,-69,-15.4,-720229,-7.3,0,0.0,0,0.0,40,9.5,2068,9.5
"34017","5","314129","78","0","2000","A","","Hudson County, New Jersey","Private","Other household textile product mills","County, NAICS 6-digit -- by ownership sector","All establishment sizes",9,300,7650812,0,0,491,25531,"",6.33,3.27,2.65,0.00,0.00,0.81,0.81,"",-1,-10.0,-79,-20.8,-753042,-9.0,0,0.0,0,0.0,65,15.3,3367,15.2
"34017","5","3149","76","0","2000","A","","Hudson County, New Jersey","Private","Other textile product mills","County, NAICS 4-digit -- by ownership sector","All establishment sizes",62,357,11128306,0,0,600,31208,"",7.52,2.20,1.98,0.00,0.00,0.90,0.90,"",-12,-16.2,-61,-14.6,-22305,-0.2,0,0.0,0,0.0,87,17.0,4553,17.1
"34017","5","31491","77","0","2000","A","","Hudson County, New Jersey","Private","Textile bag and canvas mills","County, NAICS 5-digit -- by ownership sector","All establishment sizes",6,81,4004434,0,0,955,49642,"",1.69,1.34,1.94,0.00,0.00,1.46,1.46,"",1,20.0,42,107.7,1927489,92.8,0,0.0,0,0.0,-74,-7.2,-3842,-7.2
"34017","5","31499","77","0","2000","A","","Hudson County, New Jersey","Private","All other textile product mills","County, NAICS 5-digit -- by ownership sector","All establishment sizes",56,276,7123872,0,0,497,25819,"",11.94,2.71,2.00,0.00,0.00,0.74,0.74,"",-12,-17.6,-104,-27.4,-1949794,-21.5,0,0.0,0,0.0,37,8.0,1909,8.0
"34017","5","314999","78","0","2000","A","","Hudson County, New Jersey","Private","All other miscellaneous textile product mills","County, NAICS 6-digit -- by ownership sector","All establishment sizes",56,276,7123872,0,0,497,25819,"",13.09,3.56,2.80,0.00,0.00,0.79,0.79,"",-12,-17.6,-104,-27.4,-1949794,-21.5,0,0.0,0,0.0,37,8.0,1909,8.0
"34017","5","315","75","0","2000","A","","Hudson County, New Jersey","Private","Apparel manufacturing","County, NAICS 3-digit -- by ownership sector","All establishment sizes",226,5817,157930368,0,0,522,27148,"",8.49,6.28,5.80,0.00,0.00,0.92,0.92,"",-49,-17.8,-106,-1.8,-466944,-0.3,0,0.0,0,0.0,8,1.6,407,1.5
"34017","5","3151","76","0","2000","A","","Hudson County, New Jersey","Private","Apparel knitting mills","County, NAICS 4-digit -- by ownership sector","All establishment sizes",15,587,12748304,0,0,418,21721,"",10.05,4.50,3.01,0.00,0.00,0.67,0.67,"",-1,-6.2,34,6.1,186331,1.5,0,0.0,0,0.0,-19,-4.3,-995,-4.4
"34017","5","3152","76","0","2000","A","","Hudson County, New Jersey","Private","Cut and sew apparel manufacturing","County, NAICS 4-digit -- by ownership sector","All establishment sizes",191,4720,133336977,0,0,543,28252,"",8.21,6.44,6.35,0.00,0.00,0.98,0.99,"",-46,-19.4,-138,-2.8,-612007,-0.5,0,0.0,0,0.0,13,2.5,677,2.5
"34017","5","31521","77","0","2000","A","","Hudson County, New Jersey","Private","Cut and sew apparel contractors","County, NAICS 5-digit -- by ownership sector","All establishment sizes",95,2103,32091691,0,0,293,15261,"",7.82,7.03,4.70,0.00,0.00,0.67,0.67,"",-17,-15.2,193,10.1,2006549,6.7,0,0.0,0,0.0,-10,-3.3,-493,-3.1
"34017","5","315211","78","0","2000","A","","Hudson County, New Jersey","Private","Men's and boys' apparel contractors","County, NAICS 6-digit -- by ownership sector","All establishment sizes",15,193,3442164,0,0,343,17820,"",7.16,2.48,1.67,0.00,0.00,0.67,0.67,"",-1,-6.2,13,7.2,346264,11.2,0,0.0,0,0.0,13,3.9,644,3.7
"34017","5","315212","78","0","2000","A","","Hudson County, New Jersey","Private","Women's, girls', infants' apparel contractors","County, NAICS 6-digit -- by ownership sector","All establishment sizes",80,1910,28649527,0,0,289,15002,"",7.95,8.64,6.00,0.00,0.00,0.70,0.70,"",-17,-17.5,181,10.5,1660285,6.2,0,0.0,0,0.0,-11,-3.7,-604,-3.9
"34017","5","31523","77","0","2000","A","","Hudson County, New Jersey","Private","Women's and girls' cut and sew apparel mfg","County, NAICS 5-digit -- by ownership sector","All establishment sizes",76,2518,99430284,0,0,759,39492,"",13.09,14.79,15.66,0.00,0.00,1.06,1.06,"",-25,-24.8,-232,-8.4,2923916,3.0,0,0.0,0,0.0,84,12.4,4402,12.5
"34017","5","315233","78","0","2000","A","","Hudson County, New Jersey","Private","Women's and girls' dress manufacturing","County, NAICS 6-digit -- by ownership sector","All establishment sizes",13,305,7467223,0,0,471,24496,"",8.15,9.66,4.88,0.00,0.00,0.50,0.51,"",-2,-13.3,55,22.0,1365260,22.4,0,0.0,0,0.0,2,0.4,96,0.4
"34017","5","315239","78","0","2000","A","","Hudson County, New Jersey","Private","Other women's and girls' outerwear mfg","County, NAICS 6-digit -- by ownership sector","All establishment sizes",39,419,6710590,0,0,308,16035,"",13.33,4.91,2.47,0.00,0.00,0.50,0.50,"",-8,-17.0,-82,-16.4,-567757,-7.8,0,0.0,0,0.0,29,10.4,1503,10.3
"34017","5","315299","78","0","2000","A","","Hudson County, New Jersey","Private","All other cut and sew apparel manufacturing","County, NAICS 6-digit -- by ownership sector","All establishment sizes",8,24,274590,0,0,222,11562,"",7.15,0.59,0.22,0.00,0.00,0.38,0.38,"",-2,-20.0,-41,-63.1,-1567066,-85.1,0,0.0,0,0.0,-323,-59.3,-16771,-59.2
"34017","5","3159","76","0","2000","A","","Hudson County, New Jersey","Private","Accessories and other apparel manufacturing","County, NAICS 4-digit -- by ownership sector","All establishment sizes",20,511,11845087,0,0,446,23184,"",10.65,8.04,5.92,0.00,0.00,0.74,0.74,"",-2,-9.1,-2,-0.4,-41268,-0.3,0,0.0,0,0.0,0,0.0,-1,0.0
"34017","5","31599","77","0","2000","A","","Hudson County, New Jersey","Private","Accessories and other apparel manufacturing","County, NAICS 5-digit -- by ownership sector","All establishment sizes",20,511,11845087,0,0,446,23184,"",10.65,8.04,5.92,0.00,0.00,0.74,0.74,"",-2,-9.1,-2,-0.4,-41268,-0.3,0,0.0,0,0.0,0,0.0,-1,0.0
"34017","5","321","75","0","2000","A","","Hudson County, New Jersey","Private","Wood product manufacturing","County, NAICS 3-digit -- by ownership sector","All establishment sizes",7,48,2322473,0,0,939,48809,"",0.23,0.04,0.05,0.00,0.00,1.25,1.25,"",-1,-12.5,2,4.3,-290495,-11.1,0,0.0,0,0.0,-147,-13.5,-7688,-13.6
"34017","5","322","75","0","2000","A","","Hudson County, New Jersey","Private","Paper manufacturing","County, NAICS 3-digit -- by ownership sector","All establishment sizes",16,884,34850875,0,0,758,39424,"",1.43,0.79,0.52,0.00,0.00,0.65,0.65,"",0,0.0,24,2.8,-220829,-0.6,0,0.0,0,0.0,-27,-3.4,-1377,-3.4
"34017","5","3222","76","0","2000","A","","Hudson County, New Jersey","Private","Converted paper product manufacturing","County, NAICS 4-digit -- by ownership sector","All establishment sizes",15,795,30591367,0,0,740,38484,"",1.55,1.04,0.75,0.00,0.00,0.72,0.72,"",0,0.0,21,2.7,-448299,-1.4,0,0.0,0,0.0,-31,-4.0,-1632,-4.1
"34017","5","32221","77","0","2000","A","","Hudson County, New Jersey","Private","Paperboard container manufacturing","County, NAICS 5-digit -- by ownership sector","All establishment sizes",9,588,25035710,0,0,819,42578,"",1.82,1.46,1.16,0.00,0.00,0.80,0.80,"",0,0.0,30,5.4,-609042,-2.4,0,0.0,0,0.0,-64,-7.2,-3346,-7.3
"34017","5","322211","78","0","2000","A","","Hudson County, New Jersey","Private","Corrugated and solid fiber box manufacturing","County, NAICS 6-digit -- by ownership sector","All establishment sizes",6,269,12379119,0,0,884,45962,"",1.89,1.06,0.90,0.00,0.00,0.85,0.85,"",0,0.0,32,13.5,1365520,12.4,0,0.0,0,0.0,-9,-1.0,-493,-1.1
"34017","5","323","75","0","2000","A","","Hudson County, New Jersey","Private","Printing and related support activities","County, NAICS 3-digit -- by ownership sector","All establishment sizes",69,2553,117173403,0,0,883,45905,"",0.99,1.72,1.63,0.00,0.00,0.95,0.95,"",-10,-12.7,299,13.3,13190363,12.7,0,0.0,0,0.0,-4,-0.5,-223,-0.5
"34017","5","3231","76","0","2000","A","","Hudson County, New Jersey","Private","Printing and related support activities","County, NAICS 4-digit -- by ownership sector","All establishment sizes",69,2553,117173403,0,0,883,45905,"",0.99,1.72,1.63,0.00,0.00,0.95,0.95,"",-10,-12.7,299,13.3,13190363,12.7,0,0.0,0,0.0,-4,-0.5,-223,-0.5
"34017","5","32311","77","0","2000","A","","Hudson County, New Jersey","Private","Printing","County, NAICS 5-digit -- by ownership sector","All establishment sizes",60,2036,102513258,0,0,968,50350,"",0.95,1.51,1.58,0.00,0.00,1.05,1.05,"",-11,-15.5,99,5.1,7413923,7.8,0,0.0,0,0.0,24,2.5,1247,2.5
"34017","5","323110","78","0","2000","A","","Hudson County, New Jersey","Private","Commercial lithographic printing","County, NAICS 6-digit -- by ownership sector","All establishment sizes",18,887,48320150,0,0,1048,54502,"",0.80,1.49,1.55,0.00,0.00,1.04,1.04,"",0,0.0,183,26.0,11990696,33.0,0,0.0,0,0.0,56,5.6,2928,5.7
"34017","5","323114","78","0","2000","A","","Hudson County, New Jersey","Private","Quick printing","County, NAICS 6-digit -- by ownership sector","All establishment sizes",16,153,4479890,0,0,565,29376,"",0.82,0.94,0.70,0.00,0.00,0.74,0.74,"",-5,-23.8,-14,-8.4,-716403,-13.8,0,0.0,0,0.0,-34,-5.7,-1786,-5.7
"34017","5","323119","78","0","2000","A","","Hudson County, New Jersey","Private","Other commercial printing","County, NAICS 6-digit -- by ownership sector","All establishment sizes",12,485,25623435,0,0,1016,52832,"",2.24,5.08,5.84,0.00,0.00,1.15,1.15,"",0,0.0,-6,-1.2,-477074,-1.8,0,0.0,0,0.0,-7,-0.7,-362,-0.7
"34017","5","32312","77","0","2000","A","","Hudson County, New Jersey","Private","Support activities for printing","County, NAICS 5-digit -- by ownership sector","All establishment sizes",10,517,14660145,0,0,546,28384,"",1.55,3.74,2.04,0.00,0.00,0.55,0.55,"",2,25.0,199,62.6,5776440,65.0,0,0.0,0,0.0,8,1.5,404,1.4
"34017","5","324","75","0","2000","A","","Hudson County, New Jersey","Private","Petroleum and coal products manufacturing","County, NAICS 3-digit -- by ownership sector","All establishment sizes",6,265,13512766,0,0,979,50928,"",1.43,1.17,0.71,0.00,0.00,0.61,0.61,"",1,20.0,-5,-1.9,153513,1.1,0,0.0,0,0.0,29,3.1,1526,3.1
"34017","5","3241","76","0","2000","A","","Hudson County, New Jersey","Private","Petroleum and coal products manufacturing","County, NAICS 4-digit -- by ownership sector","All establishment sizes",6,265,13512766,0,0,979,50928,"",1.43,1.17,0.71,0.00,0.00,0.61,0.61,"",1,20.0,-5,-1.9,153513,1.1,0,0.0,0,0.0,29,3.1,1526,3.1
"34017","5","325","75","0","2000","A","","Hudson County, New Jersey","Private","Chemical manufacturing","County, NAICS 3-digit -- by ownership sector","All establishment sizes",49,2083,127360390,0,0,1176,61143,"",1.95,1.15,0.88,0.00,0.00,0.76,0.76,"",-2,-3.9,-246,-10.6,-9292404,-6.8,0,0.0,0,0.0,48,4.3,2466,4.2
"34017","5","3251","76","0","2000","A","","Hudson County, New Jersey","Private","Basic chemical manufacturing","County, NAICS 4-digit -- by ownership sector","All establishment sizes",11,392,31130500,0,0,1529,79499,"",2.66,1.13,1.03,0.00,0.00,0.91,0.91,"",0,0.0,-91,-18.8,-2732844,-8.1,0,0.0,0,0.0,180,13.3,9340,13.3
"34017","5","3255","76","0","2000","A","","Hudson County, New Jersey","Private","Paint, coating, and adhesive manufacturing","County, NAICS 4-digit -- by ownership sector","All establishment sizes",8,219,8264056,0,0,724,37664,"",2.31,1.52,0.89,0.00,0.00,0.58,0.58,"",-1,-11.1,-102,-31.8,-4910856,-37.3,0,0.0,0,0.0,-65,-8.2,-3358,-8.2
"34017","5","3256","76","0","2000","A","","Hudson County, New Jersey","Private","Soap, cleaning compound, and toiletry mfg.","County, NAICS 4-digit -- by ownership sector","All establishment sizes",16,1038,65884316,0,0,1221,63488,"",3.59,4.28,4.48,0.00,0.00,1.05,1.05,"",0,0.0,-78,-7.0,-4514537,-6.4,0,0.0,0,0.0,8,0.7,407,0.6
"34017","5","32561","77","0","2000","A","","Hudson County, New Jersey","Private","Soap and cleaning compound manufacturing","County, NAICS 5-digit -- by ownership sector","All establishment sizes",11,967,63528838,0,0,1264,65702,"",3.67,7.22,7.25,0.00,0.00,1.00,1.00,"",-1,-8.3,-87,-8.3,-4938123,-7.2,0,0.0,0,0.0,14,1.1,727,1.1
"34017","5","325611","78","0","2000","A","","Hudson County, New Jersey","Private","Soap and other detergent manufacturing","County, NAICS 6-digit -- by ownership sector","All establishment sizes",6,918,60271597,0,0,1263,65679,"",5.69,14.69,14.55,0.00,0.00,0.99,0.99,"",0,0.0,-59,-6.0,-3654560,-5.7,0,0.0,0,0.0,4,0.3,231,0.4
"34017","5","32562","77","0","2000","A","","Hudson County, New Jersey","Private","Toilet preparation manufacturing","County, NAICS 5-digit -- by ownership sector","All establishment sizes",5,71,2355478,0,0,639,33254,"",3.45,0.65,0.40,0.00,0.00,0.61,0.61,"",1,25.0,9,14.5,423586,21.9,0,0.0,0,0.0,42,7.0,2220,7.2
"34017","5","325620","78","0","2000","A","","Hudson County, New Jersey","Private","Toilet preparation manufacturing","County, NAICS 6-digit -- by ownership sector","All establishment sizes",5,71,2355478,0,0,639,33254,"",3.45,0.65,0.40,0.00,0.00,0.61,0.61,"",1,25.0,9,14.5,423586,21.9,0,0.0,0,0.0,42,7.0,2220,7.2
"34017","5","3259","76","0","2000","A","","Hudson County, New Jersey","Private","Other chemical product and preparation mfg.","County, NAICS 4-digit -- by ownership sector","All establishment sizes",10,212,10167997,0,0,924,48038,"",2.02,0.91,0.66,0.00,0.00,0.73,0.73,"",-1,-9.1,-12,-5.4,-376990,-3.6,0,0.0,0,0.0,18,2.0,945,2.0
"34017","5","325998","78","0","2000","A","","Hudson County, New Jersey","Private","Other miscellaneous chemical product mfg.","County, NAICS 6-digit -- by ownership sector","All establishment sizes",4,128,6244801,0,0,936,48661,"",1.91,1.80,1.28,0.00,0.00,0.71,0.71,"",-1,-20.0,-7,-5.2,-280506,-4.3,0,0.0,0,0.0,9,1.0,474,1.0
"34017","5","326","75","0","2000","A","","Hudson County, New Jersey","Private","Plastics and rubber products manufacturing","County, NAICS 3-digit -- by ownership sector","All establishment sizes",19,743,21275446,0,0,551,28628,"",0.74,0.42,0.26,0.00,0.00,0.61,0.61,"",-3,-13.6,6,0.8,1830460,9.4,0,0.0,0,0.0,43,8.5,2232,8.5
"34017","5","32611","77","0","2000","A","","Hudson County, New Jersey","Private","Plastics packaging materials, film and sheet","County, NAICS 5-digit -- by ownership sector","All establishment sizes",4,174,5848170,0,0,648,33675,"",1.89,0.98,0.64,0.00,0.00,0.66,0.66,"",-1,-20.0,-21,-10.8,-181355,-3.0,0,0.0,0,0.0,54,9.1,2794,9.0
"34017","5","326113","78","0","2000","A","","Hudson County, New Jersey","Private","Nonpackaging plastics film and sheet mfg.","County, NAICS 6-digit -- by ownership sector","All establishment sizes",4,174,5848170,0,0,648,33675,"",2.98,1.49,0.93,0.00,0.00,0.62,0.62,"",-1,-20.0,-21,-10.8,-181355,-3.0,0,0.0,0,0.0,54,9.1,2794,9.0
"34017","5","32619","77","0","2000","A","","Hudson County, New Jersey","Private","Other plastics product manufacturing","County, NAICS 5-digit -- by ownership sector","All establishment sizes",12,470,11476887,0,0,470,24432,"",0.86,0.57,0.33,0.00,0.00,0.57,0.57,"",-1,-7.7,-66,-12.3,-1848548,-13.9,0,0.0,0,0.0,-8,-1.7,-437,-1.8
"34017","5","326199","78","0","2000","A","","Hudson County, New Jersey","Private","All other plastics product manufacturing","County, NAICS 6-digit -- by ownership sector","All establishment sizes",12,470,11476887,0,0,470,24432,"",0.93,0.62,0.35,0.00,0.00,0.57,0.58,"",-1,-7.7,-66,-12.3,-1848548,-13.9,0,0.0,0,0.0,-8,-1.7,-437,-1.8
"34017","5","327","75","0","2000","A","","Hudson County, New Jersey","Private","Nonmetallic mineral product manufacturing","County, NAICS 3-digit -- by ownership sector","All establishment sizes",25,383,12137806,0,0,610,31719,"",0.87,0.37,0.23,0.00,0.00,0.62,0.62,"",-3,-10.7,24,6.7,327122,2.8,0,0.0,0,0.0,-23,-3.6,-1195,-3.6
"34017","5","3271","76","0","2000","A","","Hudson County, New Jersey","Private","Clay product and refractory manufacturing","County, NAICS 4-digit -- by ownership sector","All establishment sizes",7,41,1114510,0,0,523,27183,"",1.69,0.27,0.16,0.00,0.00,0.60,0.60,"",-1,-12.5,-2,-4.7,-142393,-11.3,0,0.0,0,0.0,-38,-6.8,-1991,-6.8
"34017","5","3273","76","0","2000","A","","Hudson County, New Jersey","Private","Cement and concrete product manufacturing","County, NAICS 4-digit -- by ownership sector","All establishment sizes",9,127,5592679,0,0,847,44066,"",0.59,0.29,0.25,0.00,0.00,0.87,0.87,"",-1,-10.0,-4,-3.1,-294259,-5.0,0,0.0,0,0.0,-19,-2.2,-987,-2.2
"34017","5","331","75","0","2000","A","","Hudson County, New Jersey","Private","Primary metal manufacturing","County, NAICS 3-digit -- by ownership sector","All establishment sizes",15,514,20883032,0,0,782,40655,"",1.48,0.45,0.30,0.00,0.00,0.67,0.67,"",-2,-11.8,-178,-25.7,-7633299,-26.8,0,0.0,0,0.0,-10,-1.3,-544,-1.3
"34017","5","3315","76","0","2000","A","","Hudson County, New Jersey","Private","Foundries","County, NAICS 4-digit -- by ownership sector","All establishment sizes",6,176,6498145,0,0,709,36886,"",1.33,0.44,0.31,0.00,0.00,0.71,0.71,"",0,0.0,-7,-3.8,-595026,-8.4,0,0.0,0,0.0,-35,-4.7,-1804,-4.7
"34017","5","332","75","0","2000","A","","Hudson County, New Jersey","Private","Fabricated metal product manufacturing","County, NAICS 3-digit -- by ownership sector","All establishment sizes",55,1000,32097406,0,0,617,32087,"",0.54,0.31,0.20,0.00,0.00,0.65,0.65,"",-3,-5.2,92,10.1,3195181,11.1,0,0.0,0,0.0,5,0.8,256,0.8
"34017","5","3323","76","0","2000","A","","Hudson County, New Jersey","Private","Architectural and structural metals mfg.","County, NAICS 4-digit -- by ownership sector","All establishment sizes",22,509,15782442,0,0,596,30986,"",0.95,0.62,0.42,0.00,0.00,0.67,0.67,"",0,0.0,64,14.4,2520952,19.0,0,0.0,0,0.0,23,4.0,1190,4.0
"34017","5","332323","78","0","2000","A","","Hudson County, New Jersey","Private","Ornamental and architectural metal work mfg.","County, NAICS 6-digit -- by ownership sector","All establishment sizes",10,99,3972291,0,0,771,40090,"",2.33,1.26,1.11,0.00,0.00,0.88,0.88,"",1,11.1,9,10.0,599112,17.8,0,0.0,0,0.0,52,7.2,2714,7.3
"34017","5","3327","76","0","2000","A","","Hudson County, New Jersey","Private","Machine shops and threaded product mfg.","County, NAICS 4-digit -- by ownership sector","All establishment sizes",15,138,6393270,0,0,892,46384,"",0.38,0.20,0.19,0.00,0.00,0.92,0.92,"",0,0.0,-1,-0.7,-243827,-3.7,0,0.0,0,0.0,-27,-2.9,-1422,-3.0
"34017","5","3329","76","0","2000","A","","Hudson County, New Jersey","Private","Other fabricated metal product manufacturing","County, NAICS 4-digit -- by ownership sector","All establishment sizes",5,109,2783092,0,0,493,25631,"",0.45,0.18,0.08,0.00,0.00,0.48,0.48,"",0,0.0,33,43.4,892545,47.2,0,0.0,0,0.0,13,2.7,673,2.7
"34017","5","333","75","0","2000","A","","Hudson County, New Jersey","Private","Machinery manufacturing","County, NAICS 3-digit -- by ownership sector","All establishment sizes",31,438,19971973,0,0,877,45615,"",0.54,0.16,0.12,0.00,0.00,0.75,0.75,"",-2,-6.1,-9,-2.0,-1656397,-7.7,0,0.0,0,0.0,-54,-5.8,-2807,-5.8
"34017","5","3335","76","0","2000","A","","Hudson County, New Jersey","Private","Metalworking machinery manufacturing","County, NAICS 4-digit -- by ownership sector","All establishment sizes",11,48,1500591,0,0,597,31047,"",0.53,0.09,0.05,0.00,0.00,0.52,0.52,"",-1,-8.3,-1,-2.0,62037,4.3,0,0.0,0,0.0,30,5.3,1589,5.4
"34017","5","33351","77","0","2000","A","","Hudson County, New Jersey","Private","Metalworking machinery manufacturing","County, NAICS 5-digit -- by ownership sector","All establishment sizes",11,48,1500591,0,0,597,31047,"",0.53,0.09,0.05,0.00,0.00,0.52,0.52,"",-1,-8.3,-1,-2.0,62037,4.3,0,0.0,0,0.0,30,5.3,1589,5.4
"34017","5","333514","78","0","2000","A","","Hudson County, New Jersey","Private","Special tool, die, jig, and fixture mfg.","County, NAICS 6-digit -- by ownership sector","All establishment sizes",9,33,1053480,0,0,617,32086,"",0.99,0.17,0.10,0.00,0.00,0.55,0.55,"",0,0.0,1,3.1,103011,10.8,0,0.0,0,0.0,46,8.1,2384,8.0
"34017","5","3339","76","0","2000","A","","Hudson County, New Jersey","Private","Other general purpose machinery manufacturing","County, NAICS 4-digit -- by ownership sector","All establishment sizes",6,53,2067054,0,0,756,39310,"",0.48,0.08,0.06,0.00,0.00,0.67,0.67,"",0,0.0,-11,-17.2,-179082,-8.0,0,0.0,0,0.0,83,12.3,4305,12.3
"34017","5","334","75","0","2000","A","","Hudson County, New Jersey","Private","Computer and electronic product manufacturing","County, NAICS 3-digit -- by ownership sector","All establishment sizes",11,140,5925972,0,0,816,42429,"",0.31,0.04,0.02,0.00,0.00,0.44,0.44,"",-1,-8.3,15,12.0,475995,8.7,0,0.0,0,0.0,-21,-2.5,-1113,-2.6
"34017","5","3346","76","0","2000","A","","Hudson County, New Jersey","Private","Magnetic media manufacturing and reproducing","County, NAICS 4-digit -- by ownership sector","All establishment sizes",5,36,880501,0,0,467,24290,"",1.52,0.30,0.09,0.00,0.00,0.30,0.30,"",0,0.0,11,44.0,280453,46.7,0,0.0,0,0.0,4,0.9,208,0.9
"34017","5","33461","77","0","2000","A","","Hudson County, New Jersey","Private","Magnetic media manufacturing and reproducing","County, NAICS 5-digit -- by ownership sector","All establishment sizes",5,36,880501,0,0,467,24290,"",1.52,0.30,0.09,0.00,0.00,0.30,0.30,"",0,0.0,11,44.0,280453,46.7,0,0.0,0,0.0,4,0.9,208,0.9
"34017","5","335","75","0","2000","A","","Hudson County, New Jersey","Private","Electrical equipment and appliance mfg.","County, NAICS 3-digit -- by ownership sector","All establishment sizes",12,444,19282503,0,0,835,43396,"",0.95,0.41,0.32,0.00,0.00,0.79,0.79,"",-1,-7.7,25,6.0,2119251,12.3,0,0.0,0,0.0,47,6.0,2401,5.9
"34017","5","3359","76","0","2000","A","","Hudson County, New Jersey","Private","Other electrical equipment and component mfg.","County, NAICS 4-digit -- by ownership sector","All establishment sizes",6,274,11899525,0,0,834,43376,"",1.54,0.79,0.56,0.00,0.00,0.70,0.70,"",0,0.0,7,2.6,1159163,10.8,0,0.0,0,0.0,60,7.8,3150,7.8
"34017","5","337","75","0","2000","A","","Hudson County, New Jersey","Private","Furniture and related product manufacturing","County, NAICS 3-digit -- by ownership sector","All establishment sizes",24,98,2573414,0,0,503,26148,"",0.58,0.08,0.05,0.00,0.00,0.68,0.68,"",-5,-17.2,-49,-33.3,-900643,-25.9,0,0.0,0,0.0,49,10.8,2528,10.7
"34017","5","3371","76","0","2000","A","","Hudson County, New Jersey","Private","Household and institutional furniture mfg.","County, NAICS 4-digit -- by ownership sector","All establishment sizes",16,53,1335454,0,0,489,25437,"",0.50,0.06,0.05,0.00,0.00,0.72,0.72,"",-3,-15.8,-8,-13.1,108001,8.8,0,0.0,0,0.0,102,26.4,5287,26.2
"34017","5","339","75","0","2000","A","","Hudson County, New Jersey","Private","Miscellaneous manufacturing","County, NAICS 3-digit -- by ownership sector","All establishment sizes",76,1267,38790278,0,0,589,30618,"",1.44,0.93,0.58,0.00,0.00,0.62,0.62,"",-6,-7.3,25,2.0,1440770,3.9,0,0.0,0,0.0,11,1.9,552,1.8
"34017","5","3391","76","0","2000","A","","Hudson County, New Jersey","Private","Medical equipment and supplies manufacturing","County, NAICS 4-digit -- by ownership sector","All establishment sizes",27,107,2992737,0,0,540,28057,"",1.27,0.19,0.09,0.00,0.00,0.49,0.49,"",-1,-3.6,10,10.3,235190,8.5,0,0.0,0,0.0,-4,-0.7,-250,-0.9
"34017","5","33911","77","0","2000","A","","Hudson County, New Jersey","Private","Medical equipment and supplies manufacturing","County, NAICS 5-digit -- by ownership sector","All establishment sizes",27,107,2992737,0,0,540,28057,"",1.27,0.19,0.09,0.00,0.00,0.49,0.49,"",-1,-3.6,10,10.3,235190,8.5,0,0.0,0,0.0,-4,-0.7,-250,-0.9
"34017","5","339116","78","0","2000","A","","Hudson County, New Jersey","Private","Dental laboratories","County, NAICS 6-digit -- by ownership sector","All establishment sizes",24,88,2381381,0,0,522,27164,"",1.96,1.03,0.72,0.00,0.00,0.70,0.70,"",-1,-4.0,10,12.8,170874,7.7,0,0.0,0,0.0,-27,-4.9,-1359,-4.8
"34017","5","3399","76","0","2000","A","","Hudson County, New Jersey","Private","Other miscellaneous manufacturing","County, NAICS 4-digit -- by ownership sector","All establishment sizes",49,1160,35797541,0,0,593,30853,"",1.55,1.47,1.03,0.00,0.00,0.70,0.71,"",-5,-9.3,15,1.3,1205580,3.5,0,0.0,0,0.0,12,2.1,637,2.1
"34017","5","33991","77","0","2000","A","","Hudson County, New Jersey","Private","Jewelry and silverware manufacturing","County, NAICS 5-digit -- by ownership sector","All establishment sizes",12,254,8659705,0,0,656,34116,"",2.06,2.38,2.00,0.00,0.00,0.84,0.84,"",-3,-20.0,-3,-1.2,240097,2.9,0,0.0,0,0.0,26,4.1,1365,4.2
"34017","5","33995","77","0","2000","A","","Hudson County, New Jersey","Private","Sign manufacturing","County, NAICS 5-digit -- by ownership sector","All establishment sizes",12,139,3999210,0,0,554,28823,"",1.23,1.00,0.65,0.00,0.00,0.65,0.65,"",0,0.0,22,18.8,990571,32.9,0,0.0,0,0.0,61,12.4,3199,12.5
"34017","5","339950","78","0","2000","A","","Hudson County, New Jersey","Private","Sign manufacturing","County, NAICS 6-digit -- by ownership sector","All establishment sizes",12,139,3999210,0,0,554,28823,"",1.23,1.00,0.65,0.00,0.00,0.65,0.65,"",0,0.0,22,18.8,990571,32.9,0,0.0,0,0.0,61,12.4,3199,12.5
"34017","5","33999","77","0","2000","A","","Hudson County, New Jersey","Private","All other miscellaneous manufacturing","County, NAICS 5-digit -- by ownership sector","All establishment sizes",14,369,10774566,0,0,562,29199,"",1.65,1.24,0.85,0.00,0.00,0.68,0.68,"",-2,-12.5,23,6.6,881770,8.9,0,0.0,0,0.0,11,2.0,566,2.0
"34017","5","339999","78","0","2000","A","","Hudson County, New Jersey","Private","All other miscellaneous manufacturing","County, NAICS 6-digit -- by ownership sector","All establishment sizes",10,293,7956647,0,0,522,27156,"",2.02,2.34,1.63,0.00,0.00,0.70,0.70,"",-2,-16.7,23,8.5,724858,10.0,0,0.0,0,0.0,7,1.4,372,1.4
"34017","5","423","75","0","2000","A","","Hudson County, New Jersey","Private","Merchant wholesalers, durable goods","County, NAICS 3-digit -- by ownership sector","All establishment sizes",339,6324,369262917,0,0,1123,58388,"",0.78,1.10,0.95,0.00,0.00,0.87,0.87,"",-33,-8.9,172,2.8,22203455,6.4,0,0.0,0,0.0,38,3.5,1970,3.5
"34017","5","4231","76","0","2000","A","","Hudson County, New Jersey","Private","Motor vehicle and parts merchant wholesalers","County, NAICS 4-digit -- by ownership sector","All establishment sizes",25,169,5203658,0,0,593,30852,"",0.63,0.26,0.16,0.00,0.00,0.62,0.62,"",-1,-3.8,9,5.6,764835,17.2,0,0.0,0,0.0,58,10.8,3051,11.0
"34017","5","42312","77","0","2000","A","","Hudson County, New Jersey","Private","New motor vehicle parts merchant wholesalers","County, NAICS 5-digit -- by ownership sector","All establishment sizes",14,108,3006433,0,0,535,27794,"",0.64,0.33,0.19,0.00,0.00,0.57,0.57,"",0,0.0,0,0.0,342989,12.9,0,0.0,0,0.0,60,12.6,3075,12.4
"34017","5","423120","78","0","2000","A","","Hudson County, New Jersey","Private","New motor vehicle parts merchant wholesalers","County, NAICS 6-digit -- by ownership sector","All establishment sizes",14,108,3006433,0,0,535,27794,"",0.64,0.33,0.19,0.00,0.00,0.57,0.57,"",0,0.0,0,0.0,342989,12.9,0,0.0,0,0.0,60,12.6,3075,12.4
"34017","5","4232","76","0","2000","A","","Hudson County, New Jersey","Private","Furniture and furnishing merchant wholesalers","County, NAICS 4-digit -- by ownership sector","All establishment sizes",44,615,31932044,0,0,998,51894,"",2.58,2.90,2.66,0.00,0.00,0.91,0.91,"",-3,-6.4,-12,-1.9,719006,2.3,0,0.0,0,0.0,41,4.3,2112,4.2
"34017","5","42321","77","0","2000","A","","Hudson County, New Jersey","Private","Furniture merchant wholesalers","County, NAICS 5-digit -- by ownership sector","All establishment sizes",6,34,1287473,0,0,737,38337,"",0.82,0.38,0.24,0.00,0.00,0.64,0.64,"",-2,-25.0,-27,-44.3,-738067,-36.4,0,0.0,0,0.0,98,15.3,5086,15.3
"34017","5","423210","78","0","2000","A","","Hudson County, New Jersey","Private","Furniture merchant wholesalers","County, NAICS 6-digit -- by ownership sector","All establishment sizes",6,34,1287473,0,0,737,38337,"",0.82,0.38,0.24,0.00,0.00,0.64,0.64,"",-2,-25.0,-27,-44.3,-738067,-36.4,0,0.0,0,0.0,98,15.3,5086,15.3
"34017","5","42322","77","0","2000","A","","Hudson County, New Jersey","Private","Home furnishing merchant wholesalers","County, NAICS 5-digit -- by ownership sector","All establishment sizes",38,582,30644571,0,0,1013,52677,"",3.89,4.74,4.58,0.00,0.00,0.97,0.97,"",-1,-2.6,16,2.8,1457073,5.0,0,0.0,0,0.0,21,2.1,1117,2.2
"34017","5","423220","78","0","2000","A","","Hudson County, New Jersey","Private","Home furnishing merchant wholesalers","County, NAICS 6-digit -- by ownership sector","All establishment sizes",38,582,30644571,0,0,1013,52677,"",3.89,4.74,4.58,0.00,0.00,0.97,0.97,"",-1,-2.6,16,2.8,1457073,5.0,0,0.0,0,0.0,21,2.1,1117,2.2
"34017","5","4233","76","0","2000","A","","Hudson County, New Jersey","Private","Lumber and const. supply merchant wholesalers","County, NAICS 4-digit -- by ownership sector","All establishment sizes",25,275,12493773,0,0,873,45377,"",0.89,0.68,0.57,0.00,0.00,0.83,0.83,"",-3,-10.7,22,8.7,1529194,13.9,0,0.0,0,0.0,39,4.7,2010,4.6
"34017","5","42331","77","0","2000","A","","Hudson County, New Jersey","Private","Lumber and wood merchant wholesalers","County, NAICS 5-digit -- by ownership sector","All establishment sizes",14,129,6090288,0,0,911,47365,"",1.01,0.56,0.48,0.00,0.00,0.87,0.87,"",-2,-12.5,2,1.6,653643,12.0,0,0.0,0,0.0,90,11.0,4697,11.0
"34017","5","423310","78","0","2000","A","","Hudson County, New Jersey","Private","Lumber and wood merchant wholesalers","County, NAICS 6-digit -- by ownership sector","All establishment sizes",14,129,6090288,0,0,911,47365,"",1.01,0.56,0.48,0.00,0.00,0.87,0.87,"",-2,-12.5,2,1.6,653643,12.0,0,0.0,0,0.0,90,11.0,4697,11.0
"34017","5","42332","77","0","2000","A","","Hudson County, New Jersey","Private","Masonry material merchant wholesalers","County, NAICS 5-digit -- by ownership sector","All establishment sizes",7,82,3548016,0,0,829,43093,"",1.01,1.02,0.80,0.00,0.00,0.78,0.78,"",-1,-12.5,15,22.4,293937,9.0,0,0.0,0,0.0,-105,-11.2,-5475,-11.3
"34017","5","423320","78","0","2000","A","","Hudson County, New Jersey","Private","Masonry material merchant wholesalers","County, NAICS 6-digit -- by ownership sector","All establishment sizes",7,82,3548016,0,0,829,43093,"",1.01,1.02,0.80,0.00,0.00,0.78,0.78,"",-1,-12.5,15,22.4,293937,9.0,0,0.0,0,0.0,-105,-11.2,-5475,-11.3
"34017","5","4234","76","0","2000","A","","Hudson County, New Jersey","Private","Commercial equip. merchant wholesalers","County, NAICS 4-digit -- by ownership sector","All establishment sizes",50,702,50757170,0,0,1391,72329,"",0.58,0.55,0.43,0.00,0.00,0.77,0.77,"",-7,-12.3,22,3.2,4114494,8.8,0,0.0,0,0.0,72,5.5,3745,5.5
"34017","5","42343","77","0","2000","A","","Hudson County, New Jersey","Private","Computer and software merchant wholesalers","County, NAICS 5-digit -- by ownership sector","All establishment sizes",20,356,33913573,0,0,1834,95352,"",0.67,0.65,0.49,0.00,0.00,0.76,0.76,"",-8,-28.6,-6,-1.7,1746582,5.4,0,0.0,0,0.0,123,7.2,6391,7.2
"34017","5","423430","78","0","2000","A","","Hudson County, New Jersey","Private","Computer and software merchant wholesalers","County, NAICS 6-digit -- by ownership sector","All establishment sizes",20,356,33913573,0,0,1834,95352,"",0.67,0.65,0.49,0.00,0.00,0.76,0.76,"",-8,-28.6,-6,-1.7,1746582,5.4,0,0.0,0,0.0,123,7.2,6391,7.2
"34017","5","42344","77","0","2000","A","","Hudson County, New Jersey","Private","Other commercial equip. merchant wholesalers","County, NAICS 5-digit -- by ownership sector","All establishment sizes",15,146,5198353,0,0,686,35666,"",1.66,1.54,0.99,0.00,0.00,0.64,0.65,"",0,0.0,-21,-12.6,-461519,-8.2,0,0.0,0,0.0,35,5.4,1825,5.4
"34017","5","423440","78","0","2000","A","","Hudson County, New Jersey","Private","Other commercial equip. merchant wholesalers","County, NAICS 6-digit -- by ownership sector","All establishment sizes",15,146,5198353,0,0,686,35666,"",1.66,1.54,0.99,0.00,0.00,0.64,0.65,"",0,0.0,-21,-12.6,-461519,-8.2,0,0.0,0,0.0,35,5.4,1825,5.4
"34017","5","4235","76","0","2000","A","","Hudson County, New Jersey","Private","Metal and mineral merchant wholesalers","County, NAICS 4-digit -- by ownership sector","All establishment sizes",12,306,13289164,0,0,834,43393,"",0.79,1.19,0.84,0.00,0.00,0.71,0.71,"",0,0.0,-5,-1.6,-801931,-5.7,0,0.0,0,0.0,-36,-4.1,-1855,-4.1
"34017","5","42351","77","0","2000","A","","Hudson County, New Jersey","Private","Metal merchant wholesalers","County, NAICS 5-digit -- by ownership sector","All establishment sizes",12,306,13289164,0,0,834,43393,"",0.83,1.21,0.86,0.00,0.00,0.71,0.71,"",0,0.0,-5,-1.6,-801931,-5.7,0,0.0,0,0.0,-36,-4.1,-1855,-4.1
"34017","5","423510","78","0","2000","A","","Hudson County, New Jersey","Private","Metal merchant wholesalers","County, NAICS 6-digit -- by ownership sector","All establishment sizes",12,306,13289164,0,0,834,43393,"",0.83,1.21,0.86,0.00,0.00,0.71,0.71,"",0,0.0,-5,-1.6,-801931,-5.7,0,0.0,0,0.0,-36,-4.1,-1855,-4.1
"34017","5","4236","76","0","2000","A","","Hudson County, New Jersey","Private","Electric goods merchant wholesalers","County, NAICS 4-digit -- by ownership sector","All establishment sizes",31,2135,165362434,0,0,1489,77447,"",0.62,2.91,2.75,0.00,0.00,0.94,0.94,"",-5,-13.9,-25,-1.2,5246806,3.3,0,0.0,0,0.0,63,4.4,3308,4.5
"34017","5","42361","77","0","2000","A","","Hudson County, New Jersey","Private","Elec. equip. and wiring merchant wholesalers","County, NAICS 5-digit -- by ownership sector","All establishment sizes",15,202,11431682,0,0,1089,56639,"",0.77,0.71,0.59,0.00,0.00,0.84,0.84,"",0,0.0,-11,-5.2,420047,3.8,0,0.0,0,0.0,96,9.7,4982,9.6
"34017","5","423610","78","0","2000","A","","Hudson County, New Jersey","Private","Elec. equip. and wiring merchant wholesalers","County, NAICS 6-digit -- by ownership sector","All establishment sizes",15,202,11431682,0,0,1089,56639,"",0.77,0.71,0.59,0.00,0.00,0.84,0.84,"",0,0.0,-11,-5.2,420047,3.8,0,0.0,0,0.0,96,9.7,4982,9.6
"34017","5","4237","76","0","2000","A","","Hudson County, New Jersey","Private","Hardware and plumbing merchant wholesalers","County, NAICS 4-digit -- by ownership sector","All establishment sizes",25,335,14690528,0,0,842,43798,"",0.77,0.75,0.58,0.00,0.00,0.76,0.76,"",-3,-10.7,0,0.0,660436,4.7,0,0.0,0,0.0,37,4.6,1928,4.6
"34017","5","42371","77","0","2000","A","","Hudson County, New Jersey","Private","Hardware merchant wholesalers","County, NAICS 5-digit -- by ownership sector","All establishment sizes",15,217,9431566,0,0,836,43497,"",1.41,1.37,1.11,0.00,0.00,0.81,0.81,"",-2,-11.8,-17,-7.3,-188991,-2.0,0,0.0,0,0.0,44,5.6,2325,5.6
"34017","5","423710","78","0","2000","A","","Hudson County, New Jersey","Private","Hardware merchant wholesalers","County, NAICS 6-digit -- by ownership sector","All establishment sizes",15,217,9431566,0,0,836,43497,"",1.41,1.37,1.11,0.00,0.00,0.81,0.81,"",-2,-11.8,-17,-7.3,-188991,-2.0,0,0.0,0,0.0,44,5.6,2325,5.6
"34017","5","42372","77","0","2000","A","","Hudson County, New Jersey","Private","Plumbing equip. merchant wholesalers","County, NAICS 5-digit -- by ownership sector","All establishment sizes",9,118,5233962,0,0,856,44513,"",0.76,0.73,0.58,0.00,0.00,0.80,0.80,"",-1,-10.0,18,18.0,859427,19.6,0,0.0,0,0.0,18,2.1,949,2.2
"34017","5","423720","78","0","2000","A","","Hudson County, New Jersey","Private","Plumbing and heating equip. merch. whls.","County, NAICS 6-digit -- by ownership sector","All establishment sizes",9,118,5233962,0,0,856,44513,"",0.76,0.73,0.58,0.00,0.00,0.80,0.80,"",-1,-10.0,18,18.0,859427,19.6,0,0.0,0,0.0,18,2.1,949,2.2
"34017","5","4238","76","0","2000","A","","Hudson County, New Jersey","Private","Machinery and supply merchant wholesalers","County, NAICS 4-digit -- by ownership sector","All establishment sizes",55,360,20278097,0,0,1083,56315,"",0.49,0.28,0.26,0.00,0.00,0.95,0.95,"",-7,-11.3,-29,-7.5,-953400,-4.5,0,0.0,0,0.0,33,3.1,1712,3.1
"34017","5","42383","77","0","2000","A","","Hudson County, New Jersey","Private","Industrial machinery merchant wholesalers","County, NAICS 5-digit -- by ownership sector","All establishment sizes",33,213,11344749,0,0,1023,53220,"",0.56,0.34,0.27,0.00,0.00,0.82,0.82,"",-4,-10.8,-22,-9.4,-744014,-6.2,0,0.0,0,0.0,34,3.4,1797,3.5
"34017","5","423830","78","0","2000","A","","Hudson County, New Jersey","Private","Industrial machinery merchant wholesalers","County, NAICS 6-digit -- by ownership sector","All establishment sizes",33,213,11344749,0,0,1023,53220,"",0.56,0.34,0.27,0.00,0.00,0.82,0.82,"",-4,-10.8,-22,-9.4,-744014,-6.2,0,0.0,0,0.0,34,3.4,1797,3.5
"34017","5","42385","77","0","2000","A","","Hudson County, New Jersey","Private","Service estab. equip. merchant wholesalers","County, NAICS 5-digit -- by ownership sector","All establishment sizes",7,20,723462,0,0,707,36786,"",0.61,0.16,0.13,0.00,0.00,0.79,0.79,"",-1,-12.5,-4,-16.7,-236144,-24.6,0,0.0,0,0.0,-57,-7.5,-2922,-7.4
"34017","5","423850","78","0","2000","A","","Hudson County, New Jersey","Private","Service estab. equip. merchant wholesalers","County, NAICS 6-digit -- by ownership sector","All establishment sizes",7,20,723462,0,0,707,36786,"",0.61,0.16,0.13,0.00,0.00,0.79,0.79,"",-1,-12.5,-4,-16.7,-236144,-24.6,0,0.0,0,0.0,-57,-7.5,-2922,-7.4
"34017","5","42386","77","0","2000","A","","Hudson County, New Jersey","Private","Other transport. goods merchant wholesalers","County, NAICS 5-digit -- by ownership sector","All establishment sizes",6,63,3707083,0,0,1132,58843,"",0.97,0.94,0.82,0.00,0.00,0.87,0.87,"",-1,-14.3,4,6.8,292420,8.6,0,0.0,0,0.0,11,1.0,556,1.0
"34017","5","423860","78","0","2000","A","","Hudson County, New Jersey","Private","Other transport. goods merchant wholesalers","County, NAICS 6-digit -- by ownership sector","All establishment sizes",6,63,3707083,0,0,1132,58843,"",0.97,0.94,0.82,0.00,0.00,0.87,0.87,"",-1,-14.3,4,6.8,292420,8.6,0,0.0,0,0.0,11,1.0,556,1.0
"34017","5","4239","76","0","2000","A","","Hudson County, New Jersey","Private","Misc. durable goods merchant wholesalers","County, NAICS 4-digit -- by ownership sector","All establishment sizes",73,1426,55256049,0,0,745,38742,"",1.45,2.80,2.16,0.00,0.00,0.77,0.77,"",-5,-6.4,189,15.3,10924015,24.6,0,0.0,0,0.0,56,8.1,2904,8.1
"34017","5","42393","77","0","2000","A","","Hudson County, New Jersey","Private","Recyclable material merchant wholesalers","County, NAICS 5-digit -- by ownership sector","All establishment sizes",37,662,24305392,0,0,706,36692,"",2.76,3.43,2.95,0.00,0.00,0.86,0.86,"",-2,-5.1,135,25.6,8042560,49.5,0,0.0,0,0.0,113,19.1,5838,18.9
"34017","5","423930","78","0","2000","A","","Hudson County, New Jersey","Private","Recyclable material merchant wholesalers","County, NAICS 6-digit -- by ownership sector","All establishment sizes",37,662,24305392,0,0,706,36692,"",2.76,3.43,2.95,0.00,0.00,0.86,0.86,"",-2,-5.1,135,25.6,8042560,49.5,0,0.0,0,0.0,113,19.1,5838,18.9
"34017","5","42394","77","0","2000","A","","Hudson County, New Jersey","Private","Jewelry merchant wholesalers","County, NAICS 5-digit -- by ownership sector","All establishment sizes",13,224,13929691,0,0,1196,62186,"",1.14,2.71,3.17,0.00,0.00,1.17,1.17,"",-2,-13.3,-3,-1.3,736795,5.6,0,0.0,0,0.0,80,7.2,4174,7.2
"34017","5","423940","78","0","2000","A","","Hudson County, New Jersey","Private","Jewelry merchant wholesalers","County, NAICS 6-digit -- by ownership sector","All establishment sizes",13,224,13929691,0,0,1196,62186,"",1.14,2.71,3.17,0.00,0.00,1.17,1.17,"",-2,-13.3,-3,-1.3,736795,5.6,0,0.0,0,0.0,80,7.2,4174,7.2
"34017","5","42399","77","0","2000","A","","Hudson County, New Jersey","Private","All other durable goods merchant wholesalers","County, NAICS 5-digit -- by ownership sector","All establishment sizes",13,432,10000107,0,0,446,23166,"",1.01,4.09,1.70,0.00,0.00,0.42,0.42,"",-1,-7.1,58,15.5,740290,8.0,0,0.0,0,0.0,-30,-6.3,-1604,-6.5
"34017","5","423990","78","0","2000","A","","Hudson County, New Jersey","Private","All other durable goods merchant wholesalers","County, NAICS 6-digit -- by ownership sector","All establishment sizes",13,432,10000107,0,0,446,23166,"",1.01,4.09,1.70,0.00,0.00,0.42,0.42,"",-1,-7.1,58,15.5,740290,8.0,0,0.0,0,0.0,-30,-6.3,-1604,-6.5
"34017","5","424","75","0","2000","A","","Hudson County, New Jersey","Private","Merchant wholesalers, nondurable goods","County, NAICS 3-digit -- by ownership sector","All establishment sizes",420,10243,441945584,0,0,830,43145,"",1.82,2.77,2.10,0.00,0.00,0.76,0.76,"",-40,-8.7,-147,-1.4,20414575,4.8,0,0.0,0,0.0,50,6.4,2572,6.3
"34017","5","4241","76","0","2000","A","","Hudson County, New Jersey","Private","Paper and paper product merchant wholesalers","County, NAICS 4-digit -- by ownership sector","All establishment sizes",29,487,18663741,0,0,736,38298,"",1.38,1.54,1.02,0.00,0.00,0.66,0.66,"",-2,-6.5,26,5.6,1125838,6.4,0,0.0,0,0.0,4,0.5,220,0.6
"34017","5","42412","77","0","2000","A","","Hudson County, New Jersey","Private","Office supplies merchant wholesalers","County, NAICS 5-digit -- by ownership sector","All establishment sizes",10,266,10107218,0,0,732,38069,"",1.06,1.80,1.40,0.00,0.00,0.78,0.78,"",-1,-9.1,24,9.9,782479,8.4,0,0.0,0,0.0,-10,-1.3,-503,-1.3
"34017","5","424120","78","0","2000","A","","Hudson County, New Jersey","Private","Office supplies merchant wholesalers","County, NAICS 6-digit -- by ownership sector","All establishment sizes",10,266,10107218,0,0,732,38069,"",1.06,1.80,1.40,0.00,0.00,0.78,0.78,"",-1,-9.1,24,9.9,782479,8.4,0,0.0,0,0.0,-10,-1.3,-503,-1.3
"34017","5","4242","76","0","2000","A","","Hudson County, New Jersey","Private","Druggists' goods merchant wholesalers","County, NAICS 4-digit -- by ownership sector","All establishment sizes",14,106,2881818,0,0,523,27208,"",0.88,0.31,0.09,0.00,0.00,0.30,0.30,"",-3,-17.6,-185,-63.6,-10772071,-78.9,0,0.0,0,0.0,-379,-42.0,-19686,-42.0
"34017","5","42421","77","0","2000","A","","Hudson County, New Jersey","Private","Druggists' goods merchant wholesalers","County, NAICS 5-digit -- by ownership sector","All establishment sizes",14,106,2881818,0,0,523,27208,"",0.88,0.31,0.09,0.00,0.00,0.30,0.30,"",-3,-17.6,-185,-63.6,-10772071,-78.9,0,0.0,0,0.0,-379,-42.0,-19686,-42.0
"34017","5","424210","78","0","2000","A","","Hudson County, New Jersey","Private","Druggists' goods merchant wholesalers","County, NAICS 6-digit -- by ownership sector","All establishment sizes",14,106,2881818,0,0,523,27208,"",0.88,0.31,0.09,0.00,0.00,0.30,0.30,"",-3,-17.6,-185,-63.6,-10772071,-78.9,0,0.0,0,0.0,-379,-42.0,-19686,-42.0
"34017","5","4243","76","0","2000","A","","Hudson County, New Jersey","Private","Apparel and piece goods merchant wholesalers","County, NAICS 4-digit -- by ownership sector","All establishment sizes",163,3451,138258875,0,0,770,40062,"",6.28,12.00,7.86,0.00,0.00,0.65,0.66,"",-16,-8.9,231,7.2,20999033,17.9,0,0.0,0,0.0,70,10.0,3650,10.0
"34017","5","42431","77","0","2000","A","","Hudson County, New Jersey","Private","Piece goods merchant wholesalers","County, NAICS 5-digit -- by ownership sector","All establishment sizes",28,329,15677289,0,0,918,47724,"",4.70,6.11,5.09,0.00,0.00,0.83,0.83,"",-5,-15.2,-28,-7.8,-1070427,-6.4,0,0.0,0,0.0,16,1.8,823,1.8
"34017","5","424310","78","0","2000","A","","Hudson County, New Jersey","Private","Piece goods merchant wholesalers","County, NAICS 6-digit -- by ownership sector","All establishment sizes",28,329,15677289,0,0,918,47724,"",4.70,6.11,5.09,0.00,0.00,0.83,0.83,"",-5,-15.2,-28,-7.8,-1070427,-6.4,0,0.0,0,0.0,16,1.8,823,1.8
"34017","5","42432","77","0","2000","A","","Hudson County, New Jersey","Private","Men's and boys' clothing merchant wholesalers","County, NAICS 5-digit -- by ownership sector","All establishment sizes",30,349,12643133,0,0,697,36235,"",6.15,5.23,3.35,0.00,0.00,0.64,0.64,"",-4,-11.8,-114,-24.6,-2472005,-16.4,0,0.0,0,0.0,70,11.2,3607,11.1
"34017","5","424320","78","0","2000","A","","Hudson County, New Jersey","Private","Men's and boys' clothing merchant wholesalers","County, NAICS 6-digit -- by ownership sector","All establishment sizes",30,349,12643133,0,0,697,36235,"",6.15,5.23,3.35,0.00,0.00,0.64,0.64,"",-4,-11.8,-114,-24.6,-2472005,-16.4,0,0.0,0,0.0,70,11.2,3607,11.1
"34017","5","42433","77","0","2000","A","","Hudson County, New Jersey","Private","Women's and children's clothing merch. whls.","County, NAICS 5-digit -- by ownership sector","All establishment sizes",91,2687,105202026,0,0,753,39153,"",8.71,22.16,14.17,0.00,0.00,0.64,0.64,"",-6,-6.2,368,15.9,24084953,29.7,0,0.0,0,0.0,80,11.9,4169,11.9
"34017","5","424330","78","0","2000","A","","Hudson County, New Jersey","Private","Women's and children's clothing merch. whls.","County, NAICS 6-digit -- by ownership sector","All establishment sizes",91,2687,105202026,0,0,753,39153,"",8.71,22.16,14.17,0.00,0.00,0.64,0.64,"",-6,-6.2,368,15.9,24084953,29.7,0,0.0,0,0.0,80,11.9,4169,11.9
"34017","5","42434","77","0","2000","A","","Hudson County, New Jersey","Private","Footwear merchant wholesalers","County, NAICS 5-digit -- by ownership sector","All establishment sizes",13,87,4736427,0,0,1050,54599,"",2.78,1.90,1.43,0.00,0.00,0.75,0.75,"",-3,-18.8,6,7.4,456512,10.7,0,0.0,0,0.0,38,3.8,1977,3.8
"34017","5","424340","78","0","2000","A","","Hudson County, New Jersey","Private","Footwear merchant wholesalers","County, NAICS 6-digit -- by ownership sector","All establishment sizes",13,87,4736427,0,0,1050,54599,"",2.78,1.90,1.43,0.00,0.00,0.75,0.75,"",-3,-18.8,6,7.4,456512,10.7,0,0.0,0,0.0,38,3.8,1977,3.8
"34017","5","4244","76","0","2000","A","","Hudson County, New Jersey","Private","Grocery and related product wholesalers","County, NAICS 4-digit -- by ownership sector","All establishment sizes",118,3670,182708436,0,0,957,49785,"",2.18,2.94,2.88,0.00,0.00,0.98,0.98,"",-15,-11.3,49,1.4,7638317,4.4,0,0.0,0,0.0,27,2.9,1435,3.0
"34017","5","42441","77","0","2000","A","","Hudson County, New Jersey","Private","General line grocery merchant wholesalers","County, NAICS 5-digit -- by ownership sector","All establishment sizes",17,1368,71228761,0,0,1002,52080,"",1.94,3.35,3.30,0.00,0.00,0.99,0.99,"",-2,-10.5,-86,-5.9,-8942518,-11.2,0,0.0,0,0.0,-59,-5.6,-3074,-5.6
"34017","5","424410","78","0","2000","A","","Hudson County, New Jersey","Private","General line grocery merchant wholesalers","County, NAICS 6-digit -- by ownership sector","All establishment sizes",17,1368,71228761,0,0,1002,52080,"",1.94,3.35,3.30,0.00,0.00,0.99,0.99,"",-2,-10.5,-86,-5.9,-8942518,-11.2,0,0.0,0,0.0,-59,-5.6,-3074,-5.6
"34017","5","42443","77","0","2000","A","","Hudson County, New Jersey","Private","Dairy product merchant wholesalers","County, NAICS 5-digit -- by ownership sector","All establishment sizes",8,152,7480689,0,0,944,49107,"",2.45,2.47,2.46,0.00,0.00,0.99,0.99,"",-1,-11.1,-24,-13.6,-241586,-3.1,0,0.0,0,0.0,100,11.8,5210,11.9
"34017","5","424430","78","0","2000","A","","Hudson County, New Jersey","Private","Dairy product merchant wholesalers","County, NAICS 6-digit -- by ownership sector","All establishment sizes",8,152,7480689,0,0,944,49107,"",2.45,2.47,2.46,0.00,0.00,0.99,0.99,"",-1,-11.1,-24,-13.6,-241586,-3.1,0,0.0,0,0.0,100,11.8,5210,11.9
"34017","5","42445","77","0","2000","A","","Hudson County, New Jersey","Private","Confectionery merchant wholesalers","County, NAICS 5-digit -- by ownership sector","All establishment sizes",7,70,2946159,0,0,807,41938,"",1.35,0.83,0.69,0.00,0.00,0.83,0.83,"",-1,-12.5,3,4.5,222685,8.2,0,0.0,0,0.0,28,3.6,1440,3.6
"34017","5","424450","78","0","2000","A","","Hudson County, New Jersey","Private","Confectionery merchant wholesalers","County, NAICS 6-digit -- by ownership sector","All establishment sizes",7,70,2946159,0,0,807,41938,"",1.35,0.83,0.69,0.00,0.00,0.83,0.83,"",-1,-12.5,3,4.5,222685,8.2,0,0.0,0,0.0,28,3.6,1440,3.6
"34017","5","42446","77","0","2000","A","","Hudson County, New Jersey","Private","Fish and seafood merchant wholesalers","County, NAICS 5-digit -- by ownership sector","All establishment sizes",8,100,3447288,0,0,664,34530,"",2.07,2.44,1.81,0.00,0.00,0.74,0.74,"",-1,-11.1,16,19.0,703795,25.7,0,0.0,0,0.0,39,6.2,2031,6.2
"34017","5","424460","78","0","2000","A","","Hudson County, New Jersey","Private","Fish and seafood merchant wholesalers","County, NAICS 6-digit -- by ownership sector","All establishment sizes",8,100,3447288,0,0,664,34530,"",2.07,2.44,1.81,0.00,0.00,0.74,0.74,"",-1,-11.1,16,19.0,703795,25.7,0,0.0,0,0.0,39,6.2,2031,6.2
"34017","5","42447","77","0","2000","A","","Hudson County, New Jersey","Private","Meat and meat product merchant wholesalers","County, NAICS 5-digit -- by ownership sector","All establishment sizes",20,303,26249090,0,0,1666,86607,"",5.05,4.67,8.18,0.00,0.00,1.75,1.75,"",-2,-9.1,53,21.2,5274854,25.1,0,0.0,0,0.0,53,3.3,2710,3.2
"34017","5","424470","78","0","2000","A","","Hudson County, New Jersey","Private","Meat and meat product merchant wholesalers","County, NAICS 6-digit -- by ownership sector","All establishment sizes",20,303,26249090,0,0,1666,86607,"",5.05,4.67,8.18,0.00,0.00,1.75,1.75,"",-2,-9.1,53,21.2,5274854,25.1,0,0.0,0,0.0,53,3.3,2710,3.2
"34017","5","42448","77","0","2000","A","","Hudson County, New Jersey","Private","Fruit and vegetable merchant wholesalers","County, NAICS 5-digit -- by ownership sector","All establishment sizes",7,50,1897006,0,0,727,37814,"",1.16,0.37,0.31,0.00,0.00,0.85,0.85,"",-1,-12.5,7,16.3,288261,17.9,0,0.0,0,0.0,13,1.8,689,1.9
"34017","5","424480","78","0","2000","A","","Hudson County, New Jersey","Private","Fruit and vegetable merchant wholesalers","County, NAICS 6-digit -- by ownership sector","All establishment sizes",7,50,1897006,0,0,727,37814,"",1.16,0.37,0.31,0.00,0.00,0.85,0.85,"",-1,-12.5,7,16.3,288261,17.9,0,0.0,0,0.0,13,1.8,689,1.9
"34017","5","42449","77","0","2000","A","","Hudson County, New Jersey","Private","Other grocery product merchant wholesalers","County, NAICS 5-digit -- by ownership sector","All establishment sizes",43,1263,49787554,0,0,758,39430,"",2.24,3.36,2.55,0.00,0.00,0.76,0.76,"",-7,-14.0,-115,-8.3,-1696152,-3.3,0,0.0,0,0.0,39,5.4,2058,5.5
"34017","5","424490","78","0","2000","A","","Hudson County, New Jersey","Private","Other grocery product merchant wholesalers","County, NAICS 6-digit -- by ownership sector","All establishment sizes",43,1263,49787554,0,0,758,39430,"",2.24,3.36,2.55,0.00,0.00,0.76,0.76,"",-7,-14.0,-115,-8.3,-1696152,-3.3,0,0.0,0,0.0,39,5.4,2058,5.5
"34017","5","4246","76","0","2000","A","","Hudson County, New Jersey","Private","Chemical merchant wholesalers","County, NAICS 4-digit -- by ownership sector","All establishment sizes",30,386,21595497,0,0,1075,55923,"",1.18,1.56,1.19,0.00,0.00,0.76,0.76,"",0,0.0,-62,-13.8,561650,2.7,0,0.0,0,0.0,172,19.0,8990,19.2
"34017","5","42461","77","0","2000","A","","Hudson County, New Jersey","Private","Plastics materials merchant wholesalers","County, NAICS 5-digit -- by ownership sector","All establishment sizes",7,210,9955720,0,0,910,47314,"",1.22,4.22,3.10,0.00,0.00,0.73,0.73,"N",0,0,0,0,0,0,0,0,0,0,0,0,0,0
"34017","5","424610","78","0","2000","A","","Hudson County, New Jersey","Private","Plastics materials merchant wholesalers","County, NAICS 6-digit -- by ownership sector","All establishment sizes",7,210,9955720,0,0,910,47314,"",1.22,4.22,3.10,0.00,0.00,0.73,0.73,"N",0,0,0,0,0,0,0,0,0,0,0,0,0,0
"34017","5","42469","77","0","2000","A","","Hudson County, New Jersey","Private","Other chemicals merchant wholesalers","County, NAICS 5-digit -- by ownership sector","All establishment sizes",24,176,11639777,0,0,1274,66229,"",1.22,0.89,0.78,0.00,0.00,0.88,0.88,"",0,0.0,4,2.3,756819,7.0,0,0.0,0,0.0,58,4.8,3017,4.8
"34017","5","424690","78","0","2000","A","","Hudson County, New Jersey","Private","Other chemicals merchant wholesalers","County, NAICS 6-digit -- by ownership sector","All establishment sizes",24,176,11639777,0,0,1274,66229,"",1.22,0.89,0.78,0.00,0.00,0.88,0.88,"",0,0.0,4,2.3,756819,7.0,0,0.0,0,0.0,58,4.8,3017,4.8
"34017","5","42472","77","0","2000","A","","Hudson County, New Jersey","Private","Other petroleum merchant wholesalers","County, NAICS 5-digit -- by ownership sector","All establishment sizes",8,66,3202970,0,0,940,48900,"",0.78,0.48,0.40,0.00,0.00,0.84,0.84,"",0,0.0,1,1.5,-133877,-4.0,0,0.0,0,0.0,-42,-4.3,-2174,-4.3
"34017","5","424720","78","0","2000","A","","Hudson County, New Jersey","Private","Other petroleum merchant wholesalers","County, NAICS 6-digit -- by ownership sector","All establishment sizes",8,66,3202970,0,0,940,48900,"",0.78,0.48,0.40,0.00,0.00,0.84,0.84,"",0,0.0,1,1.5,-133877,-4.0,0,0.0,0,0.0,-42,-4.3,-2174,-4.3
"34017","5","4248","76","0","2000","A","","Hudson County, New Jersey","Private","Alcoholic beverage merchant wholesalers","County, NAICS 4-digit -- by ownership sector","All establishment sizes",9,391,23029985,0,0,1133,58925,"",1.34,1.68,1.66,0.00,0.00,0.99,0.99,"",0,0.0,-11,-2.7,1818324,8.6,0,0.0,0,0.0,119,11.7,6214,11.8
"34017","5","4249","76","0","2000","A","","Hudson County, New Jersey","Private","Misc. nondurable goods merchant wholesalers","County, NAICS 4-digit -- by ownership sector","All establishment sizes",46,1637,49061170,0,0,576,29964,"",0.83,2.44,1.55,0.00,0.00,0.63,0.63,"",-3,-6.1,-196,-10.7,-852251,-1.7,0,0.0,0,0.0,52,9.9,2727,10.0
"34017","5","42492","77","0","2000","A","","Hudson County, New Jersey","Private","Book and periodical merchant wholesalers","County, NAICS 5-digit -- by ownership sector","All establishment sizes",12,971,29501333,0,0,584,30377,"",2.31,9.14,5.85,0.00,0.00,0.64,0.64,"",0,0.0,-146,-13.1,-1135096,-3.7,0,0.0,0,0.0,56,10.6,2937,10.7
"34017","5","424920","78","0","2000","A","","Hudson County, New Jersey","Private","Book and periodical merchant wholesalers","County, NAICS 6-digit -- by ownership sector","All establishment sizes",12,971,29501333,0,0,584,30377,"",2.31,9.14,5.85,0.00,0.00,0.64,0.64,"",0,0.0,-146,-13.1,-1135096,-3.7,0,0.0,0,0.0,56,10.6,2937,10.7
"34017","5","42494","77","0","2000","A","","Hudson County, New Jersey","Private","Tobacco and tobacco product merch. whls.","County, NAICS 5-digit -- by ownership sector","All establishment sizes",7,49,1884210,0,0,738,38388,"",2.77,0.87,0.59,0.00,0.00,0.68,0.68,"",-1,-12.5,9,22.5,282564,17.6,0,0.0,0,0.0,-27,-3.5,-1404,-3.5
"34017","5","424940","78","0","2000","A","","Hudson County, New Jersey","Private","Tobacco and tobacco product merch. whls.","County, NAICS 6-digit -- by ownership sector","All establishment sizes",7,49,1884210,0,0,738,38388,"",2.77,0.87,0.59,0.00,0.00,0.68,0.68,"",-1,-12.5,9,22.5,282564,17.6,0,0.0,0,0.0,-27,-3.5,-1404,-3.5
"34017","5","42499","77","0","2000","A","","Hudson County, New Jersey","Private","Other nondurable goods merchant wholesalers","County, NAICS 5-digit -- by ownership sector","All establishment sizes",16,552,15228984,0,0,531,27589,"",0.88,3.52,1.99,0.00,0.00,0.56,0.56,"",-2,-11.1,-47,-7.8,313701,2.1,0,0.0,0,0.0,52,10.9,2685,10.8
"34017","5","424990","78","0","2000","A","","Hudson County, New Jersey","Private","Other nondurable goods merchant wholesalers","County, NAICS 6-digit -- by ownership sector","All establishment sizes",16,552,15228984,0,0,531,27589,"",0.88,3.52,1.99,0.00,0.00,0.56,0.56,"",-2,-11.1,-47,-7.8,313701,2.1,0,0.0,0,0.0,52,10.9,2685,10.8
"34017","5","42512","77","0","2000","A","","Hudson County, New Jersey","Private","Wholesale trade agents and brokers","County, NAICS 5-digit -- by ownership sector","All establishment sizes",226,846,48458746,0,0,1102,57291,"",1.01,0.91,0.67,0.00,0.00,0.73,0.73,"",-53,-19.0,-192,-18.5,-1869729,-3.7,0,0.0,0,0.0,170,18.2,8809,18.2
"34017","5","425120","78","0","2000","A","","Hudson County, New Jersey","Private","Wholesale trade agents and brokers","County, NAICS 6-digit -- by ownership sector","All establishment sizes",226,846,48458746,0,0,1102,57291,"",1.01,0.91,0.67,0.00,0.00,0.73,0.73,"",-53,-19.0,-192,-18.5,-1869729,-3.7,0,0.0,0,0.0,170,18.2,8809,18.2
"34017","5","44-45","74","0","2000","A","","Hudson County, New Jersey","Private","Retail trade","County, NAICS Sector -- by ownership sector","All establishment sizes",2197,24200,605412248,0,0,481,25017,"",1.31,0.86,0.73,0.00,0.00,0.85,0.85,"",-316,-12.6,-12,0.0,8450029,1.4,0,0.0,0,0.0,7,1.5,361,1.5
"34017","5","441","75","0","2000","A","","Hudson County, New Jersey","Private","Motor vehicle and parts dealers","County, NAICS 3-digit -- by ownership sector","All establishment sizes",112,1623,68759686,0,0,815,42357,"",0.59,0.48,0.42,0.00,0.00,0.89,0.89,"",-18,-13.8,114,7.6,5751183,9.1,0,0.0,0,0.0,12,1.5,597,1.4
"34017","5","4411","76","0","2000","A","","Hudson County, New Jersey","Private","Automobile dealers","County, NAICS 4-digit -- by ownership sector","All establishment sizes",63,1227,59145622,0,0,927,48197,"",0.79,0.55,0.49,0.00,0.00,0.89,0.89,"",-9,-12.5,65,5.6,4631192,8.5,0,0.0,0,0.0,25,2.8,1293,2.8
"34017","5","44111","77","0","2000","A","","Hudson County, New Jersey","Private","New car dealers","County, NAICS 5-digit -- by ownership sector","All establishment sizes",33,1111,56559512,0,0,979,50932,"",0.79,0.55,0.50,0.00,0.00,0.91,0.92,"",-6,-15.4,54,5.1,4273608,8.2,0,0.0,0,0.0,27,2.8,1450,2.9
"34017","5","441110","78","0","2000","A","","Hudson County, New Jersey","Private","New car dealers","County, NAICS 6-digit -- by ownership sector","All establishment sizes",33,1111,56559512,0,0,979,50932,"",0.79,0.55,0.50,0.00,0.00,0.91,0.92,"",-6,-15.4,54,5.1,4273608,8.2,0,0.0,0,0.0,27,2.8,1450,2.9
"34017","5","44112","77","0","2000","A","","Hudson County, New Jersey","Private","Used car dealers","County, NAICS 5-digit -- by ownership sector","All establishment sizes",30,117,2586110,0,0,426,22167,"",0.79,0.59,0.33,0.00,0.00,0.55,0.55,"",-3,-9.1,11,10.4,357584,16.0,0,0.0,0,0.0,20,4.9,1060,5.0
"34017","5","441120","78","0","2000","A","","Hudson County, New Jersey","Private","Used car dealers","County, NAICS 6-digit -- by ownership sector","All establishment sizes",30,117,2586110,0,0,426,22167,"",0.79,0.59,0.33,0.00,0.00,0.55,0.55,"",-3,-9.1,11,10.4,357584,16.0,0,0.0,0,0.0,20,4.9,1060,5.0
"34017","5","44131","77","0","2000","A","","Hudson County, New Jersey","Private","Automotive parts and accessories stores","County, NAICS 5-digit -- by ownership sector","All establishment sizes",34,286,6060411,0,0,407,21178,"",0.59,0.45,0.32,0.00,0.00,0.69,0.70,"",-6,-15.0,27,10.4,440760,7.8,0,0.0,0,0.0,-10,-2.4,-519,-2.4
"34017","5","441310","78","0","2000","A","","Hudson County, New Jersey","Private","Automotive parts and accessories stores","County, NAICS 6-digit -- by ownership sector","All establishment sizes",34,286,6060411,0,0,407,21178,"",0.59,0.45,0.32,0.00,0.00,0.69,0.70,"",-6,-15.0,27,10.4,440760,7.8,0,0.0,0,0.0,-10,-2.4,-519,-2.4
"34017","5","442","75","0","2000","A","","Hudson County, New Jersey","Private","Furniture and home furnishings stores","County, NAICS 3-digit -- by ownership sector","All establishment sizes",119,1025,32771440,0,0,615,31980,"",1.26,1.02,0.90,0.00,0.00,0.89,0.89,"",-20,-14.4,-64,-5.9,-773018,-2.3,0,0.0,0,0.0,23,3.9,1182,3.8
"34017","5","4421","76","0","2000","A","","Hudson County, New Jersey","Private","Furniture stores","County, NAICS 4-digit -- by ownership sector","All establishment sizes",55,285,7150391,0,0,483,25104,"",1.27,0.53,0.35,0.00,0.00,0.66,0.66,"",-4,-6.8,-23,-7.5,-107348,-1.5,0,0.0,0,0.0,30,6.6,1572,6.7
"34017","5","44211","77","0","2000","A","","Hudson County, New Jersey","Private","Furniture stores","County, NAICS 5-digit -- by ownership sector","All establishment sizes",55,285,7150391,0,0,483,25104,"",1.27,0.53,0.35,0.00,0.00,0.66,0.66,"",-4,-6.8,-23,-7.5,-107348,-1.5,0,0.0,0,0.0,30,6.6,1572,6.7
"34017","5","442110","78","0","2000","A","","Hudson County, New Jersey","Private","Furniture stores","County, NAICS 6-digit -- by ownership sector","All establishment sizes",55,285,7150391,0,0,483,25104,"",1.27,0.53,0.35,0.00,0.00,0.66,0.66,"",-4,-6.8,-23,-7.5,-107348,-1.5,0,0.0,0,0.0,30,6.6,1572,6.7
"34017","5","4422","76","0","2000","A","","Hudson County, New Jersey","Private","Home furnishings stores","County, NAICS 4-digit -- by ownership sector","All establishment sizes",65,740,25621049,0,0,666,34627,"",1.28,1.56,1.62,0.00,0.00,1.04,1.04,"",-14,-17.7,-41,-5.2,-665670,-2.5,0,0.0,0,0.0,19,2.9,958,2.8
"34017","5","44221","77","0","2000","A","","Hudson County, New Jersey","Private","Floor covering stores","County, NAICS 5-digit -- by ownership sector","All establishment sizes",34,160,4409178,0,0,531,27600,"",1.37,0.84,0.52,0.00,0.00,0.62,0.62,"",-9,-20.9,-35,-17.9,-240958,-5.2,0,0.0,0,0.0,71,15.4,3702,15.5
"34017","5","442210","78","0","2000","A","","Hudson County, New Jersey","Private","Floor covering stores","County, NAICS 6-digit -- by ownership sector","All establishment sizes",34,160,4409178,0,0,531,27600,"",1.37,0.84,0.52,0.00,0.00,0.62,0.62,"",-9,-20.9,-35,-17.9,-240958,-5.2,0,0.0,0,0.0,71,15.4,3702,15.5
"34017","5","44229","77","0","2000","A","","Hudson County, New Jersey","Private","Other home furnishings stores","County, NAICS 5-digit -- by ownership sector","All establishment sizes",30,580,21211871,0,0,703,36562,"",1.15,2.05,2.89,0.00,0.00,1.41,1.41,"",-6,-16.7,-6,-1.0,-424712,-2.0,0,0.0,0,0.0,-7,-1.0,-350,-0.9
"34017","5","443","75","0","2000","A","","Hudson County, New Jersey","Private","Electronics and appliance stores","County, NAICS 3-digit -- by ownership sector","All establishment sizes",77,841,37251510,0,0,852,44321,"",0.83,0.81,0.71,0.00,0.00,0.88,0.88,"",-12,-13.5,52,6.6,4002411,12.0,0,0.0,0,0.0,41,5.1,2158,5.1
"34017","5","4431","76","0","2000","A","","Hudson County, New Jersey","Private","Electronics and appliance stores","County, NAICS 4-digit -- by ownership sector","All establishment sizes",77,841,37251510,0,0,852,44321,"",0.83,0.81,0.71,0.00,0.00,0.88,0.88,"",-12,-13.5,52,6.6,4002411,12.0,0,0.0,0,0.0,41,5.1,2158,5.1
"34017","5","44311","77","0","2000","A","","Hudson County, New Jersey","Private","Appliance, tv, and other electronics stores","County, NAICS 5-digit -- by ownership sector","All establishment sizes",52,408,9438026,0,0,444,23109,"",0.99,0.69,0.43,0.00,0.00,0.62,0.62,"",-9,-14.8,70,20.7,1384521,17.2,0,0.0,0,0.0,-15,-3.3,-736,-3.1
"34017","5","443111","78","0","2000","A","","Hudson County, New Jersey","Private","Household appliance stores","County, NAICS 6-digit -- by ownership sector","All establishment sizes",15,73,1510652,0,0,396,20600,"",0.81,0.45,0.26,0.00,0.00,0.58,0.58,"",-4,-21.1,-87,-54.4,-2320565,-60.6,0,0.0,0,0.0,-65,-14.1,-3383,-14.1
"34017","5","443112","78","0","2000","A","","Hudson County, New Jersey","Private","Radio, tv, and other electronics stores","County, NAICS 6-digit -- by ownership sector","All establishment sizes",37,335,7927374,0,0,455,23658,"",1.10,0.78,0.48,0.00,0.00,0.62,0.62,"",-5,-11.9,157,88.2,3705086,87.8,0,0.0,0,0.0,-1,-0.2,-63,-0.3
"34017","5","444","75","0","2000","A","","Hudson County, New Jersey","Private","Building material and garden supply stores","County, NAICS 3-digit -- by ownership sector","All establishment sizes",81,1163,36859561,0,0,610,31696,"",0.64,0.55,0.50,0.00,0.00,0.91,0.91,"",-3,-3.6,-75,-6.1,103086,0.3,0,0.0,0,0.0,39,6.8,2010,6.8
"34017","5","44412","77","0","2000","A","","Hudson County, New Jersey","Private","Paint and wallpaper stores","County, NAICS 5-digit -- by ownership sector","All establishment sizes",6,43,1258928,0,0,569,29564,"",0.54,0.51,0.39,0.00,0.00,0.79,0.78,"",0,0.0,-3,-6.5,30953,2.5,0,0.0,0,0.0,60,11.8,3109,11.8
"34017","5","444120","78","0","2000","A","","Hudson County, New Jersey","Private","Paint and wallpaper stores","County, NAICS 6-digit -- by ownership sector","All establishment sizes",6,43,1258928,0,0,569,29564,"",0.54,0.51,0.39,0.00,0.00,0.79,0.78,"",0,0.0,-3,-6.5,30953,2.5,0,0.0,0,0.0,60,11.8,3109,11.8
"34017","5","44413","77","0","2000","A","","Hudson County, New Jersey","Private","Hardware stores","County, NAICS 5-digit -- by ownership sector","All establishment sizes",30,169,5038222,0,0,572,29739,"",1.06,0.53,0.58,0.00,0.00,1.09,1.09,"",1,3.4,6,3.7,325876,6.9,0,0.0,0,0.0,15,2.7,770,2.7
"34017","5","444130","78","0","2000","A","","Hudson County, New Jersey","Private","Hardware stores","County, NAICS 6-digit -- by ownership sector","All establishment sizes",30,169,5038222,0,0,572,29739,"",1.06,0.53,0.58,0.00,0.00,1.09,1.09,"",1,3.4,6,3.7,325876,6.9,0,0.0,0,0.0,15,2.7,770,2.7
"34017","5","44419","77","0","2000","A","","Hudson County, New Jersey","Private","Other building material dealers","County, NAICS 5-digit -- by ownership sector","All establishment sizes",33,336,16125962,0,0,923,48018,"",0.85,0.65,0.67,0.00,0.00,1.03,1.03,"",-2,-5.7,-101,-23.1,-1648695,-9.3,0,0.0,0,0.0,142,18.2,7382,18.2
"34017","5","444190","78","0","2000","A","","Hudson County, New Jersey","Private","Other building material dealers","County, NAICS 6-digit -- by ownership sector","All establishment sizes",33,336,16125962,0,0,923,48018,"",0.85,0.65,0.67,0.00,0.00,1.03,1.03,"",-2,-5.7,-101,-23.1,-1648695,-9.3,0,0.0,0,0.0,142,18.2,7382,18.2
"34017","5","445","75","0","2000","A","","Hudson County, New Jersey","Private","Food and beverage stores","County, NAICS 3-digit -- by ownership sector","All establishment sizes",545,4027,88958617,0,0,425,22093,"",2.44,0.74,0.68,0.00,0.00,0.92,0.92,"",-122,-18.3,10,0.2,6004459,7.2,0,0.0,0,0.0,28,7.1,1444,7.0
"34017","5","4451","76","0","2000","A","","Hudson County, New Jersey","Private","Grocery stores","County, NAICS 4-digit -- by ownership sector","All establishment sizes",317,3029,70331325,0,0,447,23220,"",2.34,0.64,0.64,0.00,0.00,1.00,1.00,"",-77,-19.5,75,2.5,7488964,11.9,0,0.0,0,0.0,38,9.3,1949,9.2
"34017","5","44511","77","0","2000","A","","Hudson County, New Jersey","Private","Supermarkets and other grocery stores","County, NAICS 5-digit -- by ownership sector","All establishment sizes",237,2729,66637131,0,0,470,24423,"",2.44,0.61,0.63,0.00,0.00,1.03,1.03,"",-58,-19.7,101,3.8,8283188,14.2,0,0.0,0,0.0,43,10.1,2218,10.0
"34017","5","445110","78","0","2000","A","","Hudson County, New Jersey","Private","Supermarkets and other grocery stores","County, NAICS 6-digit -- by ownership sector","All establishment sizes",237,2729,66637131,0,0,470,24423,"",2.44,0.61,0.63,0.00,0.00,1.03,1.03,"",-58,-19.7,101,3.8,8283188,14.2,0,0.0,0,0.0,43,10.1,2218,10.0
"34017","5","44512","77","0","2000","A","","Hudson County, New Jersey","Private","Convenience stores","County, NAICS 5-digit -- by ownership sector","All establishment sizes",80,300,3694194,0,0,236,12297,"",2.08,1.13,0.77,0.00,0.00,0.68,0.68,"",-19,-19.2,-26,-8.0,-794224,-17.7,0,0.0,0,0.0,-29,-10.9,-1457,-10.6
"34017","5","445120","78","0","2000","A","","Hudson County, New Jersey","Private","Convenience stores","County, NAICS 6-digit -- by ownership sector","All establishment sizes",80,300,3694194,0,0,236,12297,"",2.08,1.13,0.77,0.00,0.00,0.68,0.68,"",-19,-19.2,-26,-8.0,-794224,-17.7,0,0.0,0,0.0,-29,-10.9,-1457,-10.6
"34017","5","4452","76","0","2000","A","","Hudson County, New Jersey","Private","Specialty food stores","County, NAICS 4-digit -- by ownership sector","All establishment sizes",104,629,12409467,0,0,379,19726,"",2.17,1.30,0.89,0.00,0.00,0.68,0.68,"",-24,-18.8,-57,-8.3,-1812242,-12.7,0,0.0,0,0.0,-20,-5.0,-1008,-4.9
"34017","5","44521","77","0","2000","A","","Hudson County, New Jersey","Private","Meat markets","County, NAICS 5-digit -- by ownership sector","All establishment sizes",32,148,2130947,0,0,277,14423,"",3.03,1.59,0.87,0.00,0.00,0.55,0.55,"",-8,-20.0,-32,-17.8,-410602,-16.2,0,0.0,0,0.0,6,2.2,316,2.2
"34017","5","445210","78","0","2000","A","","Hudson County, New Jersey","Private","Meat markets","County, NAICS 6-digit -- by ownership sector","All establishment sizes",32,148,2130947,0,0,277,14423,"",3.03,1.59,0.87,0.00,0.00,0.55,0.55,"",-8,-20.0,-32,-17.8,-410602,-16.2,0,0.0,0,0.0,6,2.2,316,2.2
"34017","5","44522","77","0","2000","A","","Hudson County, New Jersey","Private","Fish and seafood markets","County, NAICS 5-digit -- by ownership sector","All establishment sizes",16,91,1217143,0,0,257,13363,"",4.06,3.31,1.62,0.00,0.00,0.49,0.49,"",1,6.7,36,65.5,471180,63.2,0,0.0,0,0.0,-3,-1.2,-139,-1.0
"34017","5","445220","78","0","2000","A","","Hudson County, New Jersey","Private","Fish and seafood markets","County, NAICS 6-digit -- by ownership sector","All establishment sizes",16,91,1217143,0,0,257,13363,"",4.06,3.31,1.62,0.00,0.00,0.49,0.49,"",1,6.7,36,65.5,471180,63.2,0,0.0,0,0.0,-3,-1.2,-139,-1.0
"34017","5","44523","77","0","2000","A","","Hudson County, New Jersey","Private","Fruit and vegetable markets","County, NAICS 5-digit -- by ownership sector","All establishment sizes",20,67,1055588,0,0,303,15755,"",2.93,0.76,0.40,0.00,0.00,0.52,0.52,"",-4,-16.7,-5,-6.9,-145773,-12.1,0,0.0,0,0.0,-16,-5.0,-835,-5.0
"34017","5","445230","78","0","2000","A","","Hudson County, New Jersey","Private","Fruit and vegetable markets","County, NAICS 6-digit -- by ownership sector","All establishment sizes",20,67,1055588,0,0,303,15755,"",2.93,0.76,0.40,0.00,0.00,0.52,0.52,"",-4,-16.7,-5,-6.9,-145773,-12.1,0,0.0,0,0.0,-16,-5.0,-835,-5.0
"34017","5","44529","77","0","2000","A","","Hudson County, New Jersey","Private","Other specialty food stores","County, NAICS 5-digit -- by ownership sector","All establishment sizes",37,323,8005789,0,0,476,24767,"",1.39,1.18,0.99,0.00,0.00,0.84,0.84,"",-12,-24.5,-55,-14.6,-1727047,-17.7,0,0.0,0,0.0,-19,-3.8,-976,-3.8
"34017","5","445299","78","0","2000","A","","Hudson County, New Jersey","Private","All other specialty food stores","County, NAICS 6-digit -- by ownership sector","All establishment sizes",24,273,7050831,0,0,497,25827,"",1.44,1.41,1.14,0.00,0.00,0.81,0.81,"",-10,-29.4,-44,-13.9,-1657632,-19.0,0,0.0,0,0.0,-31,-5.9,-1616,-5.9
"34017","5","4453","76","0","2000","A","","Hudson County, New Jersey","Private","Beer, wine, and liquor stores","County, NAICS 4-digit -- by ownership sector","All establishment sizes",124,369,6217825,0,0,324,16873,"",3.10,1.43,0.91,0.00,0.00,0.63,0.64,"",-21,-14.5,-8,-2.1,327737,5.6,0,0.0,0,0.0,24,8.0,1249,8.0
"34017","5","44531","77","0","2000","A","","Hudson County, New Jersey","Private","Beer, wine, and liquor stores","County, NAICS 5-digit -- by ownership sector","All establishment sizes",124,369,6217825,0,0,324,16873,"",3.10,1.43,0.91,0.00,0.00,0.63,0.64,"",-21,-14.5,-8,-2.1,327737,5.6,0,0.0,0,0.0,24,8.0,1249,8.0
"34017","5","445310","78","0","2000","A","","Hudson County, New Jersey","Private","Beer, wine, and liquor stores","County, NAICS 6-digit -- by ownership sector","All establishment sizes",124,369,6217825,0,0,324,16873,"",3.10,1.43,0.91,0.00,0.00,0.63,0.64,"",-21,-14.5,-8,-2.1,327737,5.6,0,0.0,0,0.0,24,8.0,1249,8.0
"34017","5","446","75","0","2000","A","","Hudson County, New Jersey","Private","Health and personal care stores","County, NAICS 3-digit -- by ownership sector","All establishment sizes",212,2241,54752492,0,0,470,24428,"",1.72,1.33,1.00,0.00,0.00,0.75,0.75,"",-18,-7.8,-31,-1.4,1286737,2.4,0,0.0,0,0.0,17,3.8,897,3.8
"34017","5","4461","76","0","2000","A","","Hudson County, New Jersey","Private","Health and personal care stores","County, NAICS 4-digit -- by ownership sector","All establishment sizes",212,2241,54752492,0,0,470,24428,"",1.72,1.33,1.00,0.00,0.00,0.75,0.75,"",-18,-7.8,-31,-1.4,1286737,2.4,0,0.0,0,0.0,17,3.8,897,3.8
"34017","5","44611","77","0","2000","A","","Hudson County, New Jersey","Private","Pharmacies and drug stores","County, NAICS 5-digit -- by ownership sector","All establishment sizes",117,1318,27103192,0,0,395,20564,"",1.82,1.08,0.68,0.00,0.00,0.63,0.63,"",-9,-7.1,-59,-4.3,-284588,-1.0,0,0.0,0,0.0,12,3.1,667,3.4
"34017","5","446110","78","0","2000","A","","Hudson County, New Jersey","Private","Pharmacies and drug stores","County, NAICS 6-digit -- by ownership sector","All establishment sizes",117,1318,27103192,0,0,395,20564,"",1.82,1.08,0.68,0.00,0.00,0.63,0.63,"",-9,-7.1,-59,-4.3,-284588,-1.0,0,0.0,0,0.0,12,3.1,667,3.4
"34017","5","44612","77","0","2000","A","","Hudson County, New Jersey","Private","Cosmetic and beauty supply stores","County, NAICS 5-digit -- by ownership sector","All establishment sizes",32,289,7045911,0,0,469,24366,"",2.00,1.76,1.54,0.00,0.00,0.88,0.88,"",-4,-11.1,-12,-4.0,69693,1.0,0,0.0,0,0.0,23,5.2,1164,5.0
"34017","5","446120","78","0","2000","A","","Hudson County, New Jersey","Private","Cosmetic and beauty supply stores","County, NAICS 6-digit -- by ownership sector","All establishment sizes",32,289,7045911,0,0,469,24366,"",2.00,1.76,1.54,0.00,0.00,0.88,0.88,"",-4,-11.1,-12,-4.0,69693,1.0,0,0.0,0,0.0,23,5.2,1164,5.0
"34017","5","44613","77","0","2000","A","","Hudson County, New Jersey","Private","Optical goods stores","County, NAICS 5-digit -- by ownership sector","All establishment sizes",29,121,3427814,0,0,544,28290,"",1.61,0.97,0.82,0.00,0.00,0.84,0.84,"",-3,-9.4,2,1.7,-71323,-2.0,0,0.0,0,0.0,-21,-3.7,-1094,-3.7
"34017","5","446130","78","0","2000","A","","Hudson County, New Jersey","Private","Optical goods stores","County, NAICS 6-digit -- by ownership sector","All establishment sizes",29,121,3427814,0,0,544,28290,"",1.61,0.97,0.82,0.00,0.00,0.84,0.84,"",-3,-9.4,2,1.7,-71323,-2.0,0,0.0,0,0.0,-21,-3.7,-1094,-3.7
"34017","5","44619","77","0","2000","A","","Hudson County, New Jersey","Private","Other health and personal care stores","County, NAICS 5-digit -- by ownership sector","All establishment sizes",34,513,17175575,0,0,644,33475,"",1.35,2.97,2.64,0.00,0.00,0.89,0.89,"",-3,-8.1,37,7.8,1572955,10.1,0,0.0,0,0.0,14,2.2,691,2.1
"34017","5","446191","78","0","2000","A","","Hudson County, New Jersey","Private","Food, health, supplement stores","County, NAICS 6-digit -- by ownership sector","All establishment sizes",22,451,14860929,0,0,634,32969,"",1.69,5.20,6.64,0.00,0.00,1.28,1.28,"",-1,-4.3,53,13.3,2204226,17.4,0,0.0,0,0.0,22,3.6,1168,3.7
"34017","5","446199","78","0","2000","A","","Hudson County, New Jersey","Private","All other health and personal care stores","County, NAICS 6-digit -- by ownership sector","All establishment sizes",12,62,2314646,0,0,714,37133,"",0.99,0.72,0.54,0.00,0.00,0.75,0.75,"",-2,-14.3,-16,-20.5,-631271,-21.4,0,0.0,0,0.0,-13,-1.8,-676,-1.8
"34017","5","447","75","0","2000","A","","Hudson County, New Jersey","Private","Gasoline stations","County, NAICS 3-digit -- by ownership sector","All establishment sizes",128,860,16295752,0,0,364,18952,"",0.74,0.50,0.47,0.00,0.00,0.93,0.94,"",-7,-5.2,-25,-2.8,187608,1.2,0,0.0,0,0.0,14,4.0,747,4.1
"34017","5","4471","76","0","2000","A","","Hudson County, New Jersey","Private","Gasoline stations","County, NAICS 4-digit -- by ownership sector","All establishment sizes",128,860,16295752,0,0,364,18952,"",0.74,0.50,0.47,0.00,0.00,0.93,0.94,"",-7,-5.2,-25,-2.8,187608,1.2,0,0.0,0,0.0,14,4.0,747,4.1
"34017","5","44711","77","0","2000","A","","Hudson County, New Jersey","Private","Gasoline stations with convenience stores","County, NAICS 5-digit -- by ownership sector","All establishment sizes",56,542,11024811,0,0,391,20350,"",0.39,0.37,0.39,0.00,0.00,1.03,1.04,"",-4,-6.7,-6,-1.1,206086,1.9,0,0.0,0,0.0,11,2.9,611,3.1
"34017","5","447110","78","0","2000","A","","Hudson County, New Jersey","Private","Gasoline stations with convenience stores","County, NAICS 6-digit -- by ownership sector","All establishment sizes",56,542,11024811,0,0,391,20350,"",0.39,0.37,0.39,0.00,0.00,1.03,1.04,"",-4,-6.7,-6,-1.1,206086,1.9,0,0.0,0,0.0,11,2.9,611,3.1
"34017","5","44719","77","0","2000","A","","Hudson County, New Jersey","Private","Other gasoline stations","County, NAICS 5-digit -- by ownership sector","All establishment sizes",72,318,5270941,0,0,319,16571,"",2.36,1.16,0.82,0.00,0.00,0.70,0.70,"",-3,-4.0,-19,-5.6,-18478,-0.3,0,0.0,0,0.0,17,5.6,864,5.5
"34017","5","447190","78","0","2000","A","","Hudson County, New Jersey","Private","Other gasoline stations","County, NAICS 6-digit -- by ownership sector","All establishment sizes",72,318,5270941,0,0,319,16571,"",2.36,1.16,0.82,0.00,0.00,0.70,0.70,"",-3,-4.0,-19,-5.6,-18478,-0.3,0,0.0,0,0.0,17,5.6,864,5.5
"34017","5","448","75","0","2000","A","","Hudson County, New Jersey","Private","Clothing and clothing accessories stores","County, NAICS 3-digit -- by ownership sector","All establishment sizes",487,5989,127284039,0,0,409,21254,"",2.33,2.44,2.25,0.00,0.00,0.92,0.92,"",-60,-11.0,212,3.7,1823874,1.5,0,0.0,0,0.0,-9,-2.2,-464,-2.1
"34017","5","4481","76","0","2000","A","","Hudson County, New Jersey","Private","Clothing stores","County, NAICS 4-digit -- by ownership sector","All establishment sizes",319,4572,86180208,0,0,362,18848,"",2.66,2.58,2.29,0.00,0.00,0.88,0.89,"",-41,-11.4,96,2.1,-7565415,-8.1,0,0.0,0,0.0,-41,-10.2,-2098,-10.0
"34017","5","44811","77","0","2000","A","","Hudson County, New Jersey","Private","Men's clothing stores","County, NAICS 5-digit -- by ownership sector","All establishment sizes",38,303,5477945,0,0,348,18109,"",2.97,2.11,1.35,0.00,0.00,0.64,0.64,"",-3,-7.3,6,2.0,-85362,-1.5,0,0.0,0,0.0,-13,-3.6,-654,-3.5
"34017","5","448110","78","0","2000","A","","Hudson County, New Jersey","Private","Men's clothing stores","County, NAICS 6-digit -- by ownership sector","All establishment sizes",38,303,5477945,0,0,348,18109,"",2.97,2.11,1.35,0.00,0.00,0.64,0.64,"",-3,-7.3,6,2.0,-85362,-1.5,0,0.0,0,0.0,-13,-3.6,-654,-3.5
"34017","5","44812","77","0","2000","A","","Hudson County, New Jersey","Private","Women's clothing stores","County, NAICS 5-digit -- by ownership sector","All establishment sizes",118,1700,37507320,0,0,424,22065,"",3.01,3.79,4.13,0.00,0.00,1.09,1.09,"",-15,-11.3,-25,-1.4,-9312585,-19.9,0,0.0,0,0.0,-98,-18.8,-5078,-18.7
"34017","5","448120","78","0","2000","A","","Hudson County, New Jersey","Private","Women's clothing stores","County, NAICS 6-digit -- by ownership sector","All establishment sizes",118,1700,37507320,0,0,424,22065,"",3.01,3.79,4.13,0.00,0.00,1.09,1.09,"",-15,-11.3,-25,-1.4,-9312585,-19.9,0,0.0,0,0.0,-98,-18.8,-5078,-18.7
"34017","5","44813","77","0","2000","A","","Hudson County, New Jersey","Private","Children's and infants' clothing stores","County, NAICS 5-digit -- by ownership sector","All establishment sizes",36,493,6243304,0,0,244,12677,"",4.72,4.75,3.21,0.00,0.00,0.68,0.68,"",-5,-12.2,105,27.1,1177375,23.2,0,0.0,0,0.0,-7,-2.8,-380,-2.9
"34017","5","448130","78","0","2000","A","","Hudson County, New Jersey","Private","Children's and infants' clothing stores","County, NAICS 6-digit -- by ownership sector","All establishment sizes",36,493,6243304,0,0,244,12677,"",4.72,4.75,3.21,0.00,0.00,0.68,0.68,"",-5,-12.2,105,27.1,1177375,23.2,0,0.0,0,0.0,-7,-2.8,-380,-2.9
"34017","5","44814","77","0","2000","A","","Hudson County, New Jersey","Private","Family clothing stores","County, NAICS 5-digit -- by ownership sector","All establishment sizes",56,962,12738247,0,0,255,13239,"",2.09,1.22,0.79,0.00,0.00,0.65,0.65,"",-3,-5.1,33,3.6,1611257,14.5,0,0.0,0,0.0,25,10.9,1266,10.6
"34017","5","448140","78","0","2000","A","","Hudson County, New Jersey","Private","Family clothing stores","County, NAICS 6-digit -- by ownership sector","All establishment sizes",56,962,12738247,0,0,255,13239,"",2.09,1.22,0.79,0.00,0.00,0.65,0.65,"",-3,-5.1,33,3.6,1611257,14.5,0,0.0,0,0.0,25,10.9,1266,10.6
"34017","5","44815","77","0","2000","A","","Hudson County, New Jersey","Private","Clothing accessories stores","County, NAICS 5-digit -- by ownership sector","All establishment sizes",20,69,1885378,0,0,522,27160,"",2.04,0.95,1.19,0.00,0.00,1.24,1.24,"",0,0.0,3,4.5,773075,69.5,0,0.0,0,0.0,196,60.1,10221,60.3
"34017","5","448150","78","0","2000","A","","Hudson County, New Jersey","Private","Clothing accessories stores","County, NAICS 6-digit -- by ownership sector","All establishment sizes",20,69,1885378,0,0,522,27160,"",2.04,0.95,1.19,0.00,0.00,1.24,1.24,"",0,0.0,3,4.5,773075,69.5,0,0.0,0,0.0,196,60.1,10221,60.3
"34017","5","44819","77","0","2000","A","","Hudson County, New Jersey","Private","Other clothing stores","County, NAICS 5-digit -- by ownership sector","All establishment sizes",52,1046,22328014,0,0,411,21348,"",2.20,4.91,4.50,0.00,0.00,0.92,0.92,"",-14,-21.2,-25,-2.3,-1729175,-7.2,0,0.0,0,0.0,-21,-4.9,-1111,-4.9
"34017","5","448190","78","0","2000","A","","Hudson County, New Jersey","Private","Other clothing stores","County, NAICS 6-digit -- by ownership sector","All establishment sizes",52,1046,22328014,0,0,411,21348,"",2.20,4.91,4.50,0.00,0.00,0.92,0.92,"",-14,-21.2,-25,-2.3,-1729175,-7.2,0,0.0,0,0.0,-21,-4.9,-1111,-4.9
"34017","5","4482","76","0","2000","A","","Hudson County, New Jersey","Private","Shoe stores","County, NAICS 4-digit -- by ownership sector","All establishment sizes",88,1049,31585126,0,0,579,30110,"",2.10,2.96,3.92,0.00,0.00,1.32,1.32,"",-4,-4.3,128,13.9,9288902,41.7,0,0.0,0,0.0,114,24.5,5908,24.4
"34017","5","44821","77","0","2000","A","","Hudson County, New Jersey","Private","Shoe stores","County, NAICS 5-digit -- by ownership sector","All establishment sizes",88,1049,31585126,0,0,579,30110,"",2.10,2.96,3.92,0.00,0.00,1.32,1.32,"",-4,-4.3,128,13.9,9288902,41.7,0,0.0,0,0.0,114,24.5,5908,24.4
"34017","5","448210","78","0","2000","A","","Hudson County, New Jersey","Private","Shoe stores","County, NAICS 6-digit -- by ownership sector","All establishment sizes",88,1049,31585126,0,0,579,30110,"",2.10,2.96,3.92,0.00,0.00,1.32,1.32,"",-4,-4.3,128,13.9,9288902,41.7,0,0.0,0,0.0,114,24.5,5908,24.4
"34017","5","4483","76","0","2000","A","","Hudson County, New Jersey","Private","Jewelry, luggage, and leather goods stores","County, NAICS 4-digit -- by ownership sector","All establishment sizes",80,367,9518705,0,0,498,25919,"",1.70,1.11,0.88,0.00,0.00,0.79,0.79,"",-15,-15.8,-13,-3.4,100387,1.1,0,0.0,0,0.0,21,4.4,1134,4.6
"34017","5","44831","77","0","2000","A","","Hudson County, New Jersey","Private","Jewelry stores","County, NAICS 5-digit -- by ownership sector","All establishment sizes",74,243,6432328,0,0,509,26443,"",1.70,0.81,0.64,0.00,0.00,0.80,0.79,"",-15,-16.9,-13,-5.1,131019,2.1,0,0.0,0,0.0,35,7.4,1812,7.4
"34017","5","448310","78","0","2000","A","","Hudson County, New Jersey","Private","Jewelry stores","County, NAICS 6-digit -- by ownership sector","All establishment sizes",74,243,6432328,0,0,509,26443,"",1.70,0.81,0.64,0.00,0.00,0.80,0.79,"",-15,-16.9,-13,-5.1,131019,2.1,0,0.0,0,0.0,35,7.4,1812,7.4
"34017","5","44832","77","0","2000","A","","Hudson County, New Jersey","Private","Luggage and leather goods stores","County, NAICS 5-digit -- by ownership sector","All establishment sizes",6,124,3086377,0,0,479,24890,"",1.71,4.04,3.77,0.00,0.00,0.93,0.93,"",0,0.0,0,0.0,-30632,-1.0,0,0.0,0,0.0,-4,-0.8,-213,-0.8
"34017","5","448320","78","0","2000","A","","Hudson County, New Jersey","Private","Luggage and leather goods stores","County, NAICS 6-digit -- by ownership sector","All establishment sizes",6,124,3086377,0,0,479,24890,"",1.71,4.04,3.77,0.00,0.00,0.93,0.93,"",0,0.0,0,0.0,-30632,-1.0,0,0.0,0,0.0,-4,-0.8,-213,-0.8
"34017","5","451","75","0","2000","A","","Hudson County, New Jersey","Private","Sporting goods, hobby, book and music stores","County, NAICS 3-digit -- by ownership sector","All establishment sizes",123,1210,34169282,0,0,543,28233,"",1.14,0.95,1.24,0.00,0.00,1.30,1.30,"",-11,-8.2,10,0.8,-1554297,-4.4,0,0.0,0,0.0,-29,-5.1,-1528,-5.1
"34017","5","4511","76","0","2000","A","","Hudson County, New Jersey","Private","Sporting goods and musical instrument stores","County, NAICS 4-digit -- by ownership sector","All establishment sizes",57,580,9886036,0,0,328,17033,"",0.79,0.71,0.55,0.00,0.00,0.77,0.77,"",-2,-3.4,38,7.0,-268484,-2.6,0,0.0,0,0.0,-32,-8.9,-1702,-9.1
"34017","5","45111","77","0","2000","A","","Hudson County, New Jersey","Private","Sporting goods stores","County, NAICS 5-digit -- by ownership sector","All establishment sizes",26,199,3476305,0,0,336,17469,"",0.66,0.52,0.40,0.00,0.00,0.76,0.76,"",0,0.0,38,23.6,-2000,-0.1,0,0.0,0,0.0,-80,-19.2,-4180,-19.3
"34017","5","451110","78","0","2000","A","","Hudson County, New Jersey","Private","Sporting goods stores","County, NAICS 6-digit -- by ownership sector","All establishment sizes",26,199,3476305,0,0,336,17469,"",0.66,0.52,0.40,0.00,0.00,0.76,0.76,"",0,0.0,38,23.6,-2000,-0.1,0,0.0,0,0.0,-80,-19.2,-4180,-19.3
"34017","5","45112","77","0","2000","A","","Hudson County, New Jersey","Private","Hobby, toy, and game stores","County, NAICS 5-digit -- by ownership sector","All establishment sizes",15,296,4629625,0,0,301,15654,"",0.93,1.11,0.89,0.00,0.00,0.80,0.80,"",-1,-6.2,9,3.1,-140977,-3.0,0,0.0,0,0.0,-18,-5.6,-954,-5.7
"34017","5","451120","78","0","2000","A","","Hudson County, New Jersey","Private","Hobby, toy, and game stores","County, NAICS 6-digit -- by ownership sector","All establishment sizes",15,296,4629625,0,0,301,15654,"",0.93,1.11,0.89,0.00,0.00,0.80,0.80,"",-1,-6.2,9,3.1,-140977,-3.0,0,0.0,0,0.0,-18,-5.6,-954,-5.7
"34017","5","4512","76","0","2000","A","","Hudson County, New Jersey","Private","Book, periodical, and music stores","County, NAICS 4-digit -- by ownership sector","All establishment sizes",66,630,24283246,0,0,741,38555,"",1.85,1.38,2.56,0.00,0.00,1.86,1.86,"",-10,-13.2,-28,-4.3,-1285813,-5.0,0,0.0,0,0.0,-6,-0.8,-284,-0.7
"34017","5","45121","77","0","2000","A","","Hudson County, New Jersey","Private","Book stores and news dealers","County, NAICS 5-digit -- by ownership sector","All establishment sizes",43,456,19612475,0,0,828,43057,"",1.88,1.47,3.06,0.00,0.00,2.08,2.08,"",-7,-14.0,-4,-0.9,-390346,-2.0,0,0.0,0,0.0,-9,-1.1,-459,-1.1
"34017","5","451211","78","0","2000","A","","Hudson County, New Jersey","Private","Book stores","County, NAICS 6-digit -- by ownership sector","All establishment sizes",12,397,18821897,0,0,912,47410,"",0.61,1.36,3.13,0.00,0.00,2.31,2.30,"",-1,-7.7,12,3.1,-70253,-0.4,0,0.0,0,0.0,-32,-3.4,-1661,-3.4
"34017","5","451212","78","0","2000","A","","Hudson County, New Jersey","Private","News dealers and newsstands","County, NAICS 6-digit -- by ownership sector","All establishment sizes",32,59,790578,0,0,260,13514,"",10.23,3.49,2.08,0.00,0.00,0.60,0.60,"",-5,-13.5,-16,-21.3,-320093,-28.8,0,0.0,0,0.0,-26,-9.1,-1361,-9.1
"34017","5","45122","77","0","2000","A","","Hudson County, New Jersey","Private","Precorded tape, cd, and record stores","County, NAICS 5-digit -- by ownership sector","All establishment sizes",23,174,4670771,0,0,515,26792,"",1.80,1.17,1.51,0.00,0.00,1.29,1.29,"",-2,-8.0,-25,-12.6,-895467,-16.1,0,0.0,0,0.0,-24,-4.5,-1226,-4.4
"34017","5","451220","78","0","2000","A","","Hudson County, New Jersey","Private","Precorded tape, cd, and record stores","County, NAICS 6-digit -- by ownership sector","All establishment sizes",23,174,4670771,0,0,515,26792,"",1.80,1.17,1.51,0.00,0.00,1.29,1.29,"",-2,-8.0,-25,-12.6,-895467,-16.1,0,0.0,0,0.0,-24,-4.5,-1226,-4.4
"34017","5","452","75","0","2000","A","","Hudson County, New Jersey","Private","General merchandise stores","County, NAICS 3-digit -- by ownership sector","All establishment sizes",81,3822,66101483,0,0,333,17294,"",1.24,0.74,0.58,0.00,0.00,0.79,0.79,"",-8,-9.0,81,2.2,1372133,2.1,0,0.0,0,0.0,0,0.0,-10,-0.1
"34017","5","4521","76","0","2000","A","","Hudson County, New Jersey","Private","Department stores","County, NAICS 4-digit -- by ownership sector","All establishment sizes",14,2307,39807001,0,0,332,17255,"",0.75,0.70,0.55,0.00,0.00,0.79,0.79,"",1,7.7,121,5.5,211818,0.5,0,0.0,0,0.0,-16,-4.6,-858,-4.7
"34017","5","45211","77","0","2000","A","","Hudson County, New Jersey","Private","Department stores","County, NAICS 5-digit -- by ownership sector","All establishment sizes",14,2307,39807001,0,0,332,17255,"",0.75,0.70,0.55,0.00,0.00,0.79,0.79,"",1,7.7,121,5.5,211818,0.5,0,0.0,0,0.0,-16,-4.6,-858,-4.7
"34017","5","4529","76","0","2000","A","","Hudson County, New Jersey","Private","Other general merchandise stores","County, NAICS 4-digit -- by ownership sector","All establishment sizes",67,1515,26294482,0,0,334,17353,"",1.44,0.81,0.65,0.00,0.00,0.80,0.80,"",-9,-11.8,-40,-2.6,1160315,4.6,0,0.0,0,0.0,23,7.4,1186,7.3
"34017","5","45291","77","0","2000","A","","Hudson County, New Jersey","Private","Warehouse clubs and supercenters","County, NAICS 5-digit -- by ownership sector","All establishment sizes",12,1190,22037442,0,0,356,18516,"",1.68,0.91,0.73,0.00,0.00,0.81,0.81,"",-3,-20.0,-31,-2.5,1028286,4.9,0,0.0,0,0.0,25,7.6,1305,7.6
"34017","5","452910","78","0","2000","A","","Hudson County, New Jersey","Private","Warehouse clubs and supercenters","County, NAICS 6-digit -- by ownership sector","All establishment sizes",12,1190,22037442,0,0,356,18516,"",1.68,0.91,0.73,0.00,0.00,0.81,0.81,"",-3,-20.0,-31,-2.5,1028286,4.9,0,0.0,0,0.0,25,7.6,1305,7.6
"34017","5","45299","77","0","2000","A","","Hudson County, New Jersey","Private","All other general merchandise stores","County, NAICS 5-digit -- by ownership sector","All establishment sizes",55,325,4257040,0,0,252,13095,"",1.39,0.58,0.40,0.00,0.00,0.70,0.70,"",-6,-9.8,-9,-2.7,132029,3.2,0,0.0,0,0.0,14,5.9,745,6.0
"34017","5","452990","78","0","2000","A","","Hudson County, New Jersey","Private","All other general merchandise stores","County, NAICS 6-digit -- by ownership sector","All establishment sizes",55,325,4257040,0,0,252,13095,"",1.39,0.58,0.40,0.00,0.00,0.70,0.70,"",-6,-9.8,-9,-2.7,132029,3.2,0,0.0,0,0.0,14,5.9,745,6.0
"34017","5","453","75","0","2000","A","","Hudson County, New Jersey","Private","Miscellaneous store retailers","County, NAICS 3-digit -- by ownership sector","All establishment sizes",185,920,19683288,0,0,411,21389,"",0.83,0.49,0.40,0.00,0.00,0.82,0.82,"",-31,-14.4,-20,-2.1,-245255,-1.2,0,0.0,0,0.0,3,0.7,196,0.9
"34017","5","4531","76","0","2000","A","","Hudson County, New Jersey","Private","Florists","County, NAICS 4-digit -- by ownership sector","All establishment sizes",42,106,1674913,0,0,303,15752,"",1.09,0.45,0.38,0.00,0.00,0.84,0.84,"",-8,-16.0,-22,-17.2,-198107,-10.6,0,0.0,0,0.0,22,7.8,1119,7.6
"34017","5","45311","77","0","2000","A","","Hudson County, New Jersey","Private","Florists","County, NAICS 5-digit -- by ownership sector","All establishment sizes",42,106,1674913,0,0,303,15752,"",1.09,0.45,0.38,0.00,0.00,0.84,0.84,"",-8,-16.0,-22,-17.2,-198107,-10.6,0,0.0,0,0.0,22,7.8,1119,7.6
"34017","5","453110","78","0","2000","A","","Hudson County, New Jersey","Private","Florists","County, NAICS 6-digit -- by ownership sector","All establishment sizes",42,106,1674913,0,0,303,15752,"",1.09,0.45,0.38,0.00,0.00,0.84,0.84,"",-8,-16.0,-22,-17.2,-198107,-10.6,0,0.0,0,0.0,22,7.8,1119,7.6
"34017","5","4532","76","0","2000","A","","Hudson County, New Jersey","Private","Office supplies, stationery, and gift stores","County, NAICS 4-digit -- by ownership sector","All establishment sizes",77,490,11735076,0,0,461,23957,"",0.96,0.56,0.51,0.00,0.00,0.90,0.90,"",-13,-14.4,-1,-0.2,71126,0.6,0,0.0,0,0.0,4,0.9,210,0.9
"34017","5","45321","77","0","2000","A","","Hudson County, New Jersey","Private","Office supplies and stationery stores","County, NAICS 5-digit -- by ownership sector","All establishment sizes",25,264,8114569,0,0,590,30698,"",1.19,0.69,0.59,0.00,0.00,0.85,0.85,"",-3,-10.7,12,4.8,-163114,-2.0,0,0.0,0,0.0,-41,-6.5,-2139,-6.5
"34017","5","453210","78","0","2000","A","","Hudson County, New Jersey","Private","Office supplies and stationery stores","County, NAICS 6-digit -- by ownership sector","All establishment sizes",25,264,8114569,0,0,590,30698,"",1.19,0.69,0.59,0.00,0.00,0.85,0.85,"",-3,-10.7,12,4.8,-163114,-2.0,0,0.0,0,0.0,-41,-6.5,-2139,-6.5
"34017","5","45322","77","0","2000","A","","Hudson County, New Jersey","Private","Gift, novelty, and souvenir stores","County, NAICS 5-digit -- by ownership sector","All establishment sizes",52,226,3620507,0,0,309,16055,"",0.88,0.46,0.38,0.00,0.00,0.83,0.83,"",-11,-17.5,-13,-5.4,234240,6.9,0,0.0,0,0.0,37,13.6,1891,13.4
"34017","5","453220","78","0","2000","A","","Hudson County, New Jersey","Private","Gift, novelty, and souvenir stores","County, NAICS 6-digit -- by ownership sector","All establishment sizes",52,226,3620507,0,0,309,16055,"",0.88,0.46,0.38,0.00,0.00,0.83,0.83,"",-11,-17.5,-13,-5.4,234240,6.9,0,0.0,0,0.0,37,13.6,1891,13.4
"34017","5","4533","76","0","2000","A","","Hudson County, New Jersey","Private","Used merchandise stores","County, NAICS 4-digit -- by ownership sector","All establishment sizes",16,115,1690478,0,0,282,14679,"",0.58,0.59,0.40,0.00,0.00,0.69,0.69,"",-2,-11.1,19,19.8,217751,14.8,0,0.0,0,0.0,-14,-4.7,-715,-4.6
"34017","5","45331","77","0","2000","A","","Hudson County, New Jersey","Private","Used merchandise stores","County, NAICS 5-digit -- by ownership sector","All establishment sizes",16,115,1690478,0,0,282,14679,"",0.58,0.59,0.40,0.00,0.00,0.69,0.69,"",-2,-11.1,19,19.8,217751,14.8,0,0.0,0,0.0,-14,-4.7,-715,-4.6
"34017","5","453310","78","0","2000","A","","Hudson County, New Jersey","Private","Used merchandise stores","County, NAICS 6-digit -- by ownership sector","All establishment sizes",16,115,1690478,0,0,282,14679,"",0.58,0.59,0.40,0.00,0.00,0.69,0.69,"",-2,-11.1,19,19.8,217751,14.8,0,0.0,0,0.0,-14,-4.7,-715,-4.6
"34017","5","4539","76","0","2000","A","","Hudson County, New Jersey","Private","Other miscellaneous store retailers","County, NAICS 4-digit -- by ownership sector","All establishment sizes",51,209,4582821,0,0,422,21936,"",0.66,0.37,0.26,0.00,0.00,0.72,0.72,"",-7,-12.1,-17,-7.5,-336025,-6.8,0,0.0,0,0.0,3,0.7,123,0.6
"34017","5","45399","77","0","2000","A","","Hudson County, New Jersey","Private","All other miscellaneous store retailers","County, NAICS 5-digit -- by ownership sector","All establishment sizes",34,147,3573835,0,0,467,24284,"",0.78,0.49,0.39,0.00,0.00,0.80,0.80,"",-4,-10.5,-10,-6.4,-395447,-10.0,0,0.0,0,0.0,-20,-4.1,-1038,-4.1
"34017","5","453991","78","0","2000","A","","Hudson County, New Jersey","Private","Tobacco stores","County, NAICS 6-digit -- by ownership sector","All establishment sizes",10,42,718523,0,0,329,17108,"",1.43,0.81,0.50,0.00,0.00,0.62,0.62,"",0,0.0,-1,-2.3,-63330,-8.1,0,0.0,0,0.0,-24,-6.8,-1253,-6.8
"34017","5","453998","78","0","2000","A","","Hudson County, New Jersey","Private","Store retailers not specified elsewhere","County, NAICS 6-digit -- by ownership sector","All establishment sizes",24,105,2855312,0,0,522,27150,"",0.66,0.42,0.37,0.00,0.00,0.88,0.88,"",-4,-14.3,-9,-7.9,-332117,-10.4,0,0.0,0,0.0,-15,-2.8,-769,-2.8
"34017","5","454","75","0","2000","A","","Hudson County, New Jersey","Private","Nonstore retailers","County, NAICS 3-digit -- by ownership sector","All establishment sizes",49,479,22525098,0,0,904,46984,"",0.94,0.53,0.58,0.00,0.00,1.09,1.09,"",-5,-9.3,-276,-36.6,-9508892,-29.7,0,0.0,0,0.0,88,10.8,4536,10.7
"34017","5","4541","76","0","2000","A","","Hudson County, New Jersey","Private","Electronic shopping and mail-order houses","County, NAICS 4-digit -- by ownership sector","All establishment sizes",12,277,15897941,0,0,1102,57324,"",0.91,0.59,0.71,0.00,0.00,1.20,1.20,"",-2,-14.3,-262,-48.6,-9179661,-36.6,0,0.0,0,0.0,208,23.3,10834,23.3
"34017","5","45411","77","0","2000","A","","Hudson County, New Jersey","Private","Electronic shopping and mail-order houses","County, NAICS 5-digit -- by ownership sector","All establishment sizes",12,277,15897941,0,0,1102,57324,"",0.91,0.59,0.71,0.00,0.00,1.20,1.20,"",-2,-14.3,-262,-48.6,-9179661,-36.6,0,0.0,0,0.0,208,23.3,10834,23.3
"34017","5","454113","78","0","2000","A","","Hudson County, New Jersey","Private","Mail-order houses","County, NAICS 6-digit -- by ownership sector","All establishment sizes",9,120,9433470,0,0,1510,78503,"",1.16,0.35,0.72,0.00,0.00,2.07,2.07,"",-2,-18.2,30,33.3,3905470,70.6,0,0.0,0,0.0,334,28.4,17364,28.4
"34017","5","4542","76","0","2000","A","","Hudson County, New Jersey","Private","Vending machine operators","County, NAICS 4-digit -- by ownership sector","All establishment sizes",5,26,706063,0,0,519,26983,"",0.48,0.21,0.19,0.00,0.00,0.89,0.89,"",0,0.0,0,0.0,7076,1.0,0,0.0,0,0.0,-8,-1.5,-428,-1.6
"34017","5","45421","77","0","2000","A","","Hudson County, New Jersey","Private","Vending machine operators","County, NAICS 5-digit -- by ownership sector","All establishment sizes",5,26,706063,0,0,519,26983,"",0.48,0.21,0.19,0.00,0.00,0.89,0.89,"",0,0.0,0,0.0,7076,1.0,0,0.0,0,0.0,-8,-1.5,-428,-1.6
"34017","5","454210","78","0","2000","A","","Hudson County, New Jersey","Private","Vending machine operators","County, NAICS 6-digit -- by ownership sector","All establishment sizes",5,26,706063,0,0,519,26983,"",0.48,0.21,0.19,0.00,0.00,0.89,0.89,"",0,0.0,0,0.0,7076,1.0,0,0.0,0,0.0,-8,-1.5,-428,-1.6
"34017","5","4543","76","0","2000","A","","Hudson County, New Jersey","Private","Direct selling establishments","County, NAICS 4-digit -- by ownership sector","All establishment sizes",32,176,5921094,0,0,647,33659,"",1.11,0.56,0.46,0.00,0.00,0.83,0.83,"",-4,-11.1,-14,-7.4,-336307,-5.4,0,0.0,0,0.0,13,2.1,682,2.1
"34017","5","45431","77","0","2000","A","","Hudson County, New Jersey","Private","Fuel dealers","County, NAICS 5-digit -- by ownership sector","All establishment sizes",22,128,4963247,0,0,747,38851,"",1.22,0.66,0.59,0.00,0.00,0.89,0.89,"",-4,-15.4,-16,-11.1,-289486,-5.5,0,0.0,0,0.0,45,6.4,2331,6.4
"34017","5","454311","78","0","2000","A","","Hudson County, New Jersey","Private","Heating oil dealers","County, NAICS 6-digit -- by ownership sector","All establishment sizes",22,128,4963247,0,0,747,38851,"",2.60,1.24,1.03,0.00,0.00,0.83,0.83,"",-4,-15.4,-16,-11.1,-289486,-5.5,0,0.0,0,0.0,45,6.4,2331,6.4
"34017","5","45439","77","0","2000","A","","Hudson County, New Jersey","Private","Other direct selling establishments","County, NAICS 5-digit -- by ownership sector","All establishment sizes",10,48,957847,0,0,382,19886,"",0.93,0.39,0.22,0.00,0.00,0.55,0.55,"",0,0.0,2,4.3,-46821,-4.7,0,0.0,0,0.0,-39,-9.3,-1994,-9.1
"34017","5","454390","78","0","2000","A","","Hudson County, New Jersey","Private","Other direct selling establishments","County, NAICS 6-digit -- by ownership sector","All establishment sizes",10,48,957847,0,0,382,19886,"",0.93,0.39,0.22,0.00,0.00,0.55,0.55,"",0,0.0,2,4.3,-46821,-4.7,0,0.0,0,0.0,-39,-9.3,-1994,-9.1
"34017","5","48-49","74","0","2000","A","","Hudson County, New Jersey","Private","Transportation and warehousing","County, NAICS Sector -- by ownership sector","All establishment sizes",863,26478,864854085,0,0,628,32664,"",2.59,3.43,2.37,0.00,0.00,0.69,0.69,"",-108,-11.1,456,1.8,9452732,1.1,0,0.0,0,0.0,-4,-0.6,-208,-0.6
"34017","5","483","75","0","2000","A","","Hudson County, New Jersey","Private","Water transportation","County, NAICS 3-digit -- by ownership sector","All establishment sizes",14,1867,57014526,0,0,587,30543,"",6.31,18.78,8.57,0.00,0.00,0.46,0.46,"",-1,-6.7,293,18.6,1579418,2.8,0,0.0,0,0.0,-90,-13.3,-4669,-13.3
"34017","5","484","75","0","2000","A","","Hudson County, New Jersey","Private","Truck transportation","County, NAICS 3-digit -- by ownership sector","All establishment sizes",380,7063,262992874,0,0,716,37236,"",2.08,2.72,2.23,0.00,0.00,0.82,0.82,"",-62,-14.0,-174,-2.4,-12617641,-4.6,0,0.0,0,0.0,-16,-2.2,-849,-2.2
"34017","5","4841","76","0","2000","A","","Hudson County, New Jersey","Private","General freight trucking","County, NAICS 4-digit -- by ownership sector","All establishment sizes",278,5964,218687057,0,0,705,36669,"",2.49,3.20,2.51,0.00,0.00,0.78,0.78,"",-41,-12.9,-292,-4.7,-17276223,-7.3,0,0.0,0,0.0,-20,-2.8,-1047,-2.8
"34017","5","48411","77","0","2000","A","","Hudson County, New Jersey","Private","General freight trucking, local","County, NAICS 5-digit -- by ownership sector","All establishment sizes",220,3007,113629368,0,0,727,37784,"",4.91,6.65,5.80,0.00,0.00,0.87,0.87,"",-41,-15.7,-92,-3.0,-6848687,-5.7,0,0.0,0,0.0,-21,-2.8,-1093,-2.8
"34017","5","484110","78","0","2000","A","","Hudson County, New Jersey","Private","General freight trucking, local","County, NAICS 6-digit -- by ownership sector","All establishment sizes",220,3007,113629368,0,0,727,37784,"",4.91,6.65,5.80,0.00,0.00,0.87,0.87,"",-41,-15.7,-92,-3.0,-6848687,-5.7,0,0.0,0,0.0,-21,-2.8,-1093,-2.8
"34017","5","48412","77","0","2000","A","","Hudson County, New Jersey","Private","General freight trucking, long-distance","County, NAICS 5-digit -- by ownership sector","All establishment sizes",58,2957,105057689,0,0,683,35534,"",0.87,2.09,1.55,0.00,0.00,0.74,0.74,"",0,0.0,-200,-6.3,-10427536,-9.0,0,0.0,0,0.0,-20,-2.8,-1043,-2.9
"34017","5","484121","78","0","2000","A","","Hudson County, New Jersey","Private","General freight trucking, long-distance tl","County, NAICS 6-digit -- by ownership sector","All establishment sizes",31,488,17752140,0,0,700,36377,"",0.55,0.49,0.38,0.00,0.00,0.79,0.79,"",3,10.7,86,21.4,2476062,16.2,0,0.0,0,0.0,-30,-4.1,-1607,-4.2
"34017","5","484122","78","0","2000","A","","Hudson County, New Jersey","Private","General freight trucking, long-distance ltl","County, NAICS 6-digit -- by ownership sector","All establishment sizes",27,2469,87305549,0,0,680,35368,"",2.49,6.02,4.06,0.00,0.00,0.67,0.67,"",-3,-10.0,-286,-10.4,-12903598,-12.9,0,0.0,0,0.0,-19,-2.7,-1003,-2.8
"34017","5","4842","76","0","2000","A","","Hudson County, New Jersey","Private","Specialized freight trucking","County, NAICS 4-digit -- by ownership sector","All establishment sizes",102,1099,44305817,0,0,775,40312,"",1.44,1.49,1.45,0.00,0.00,0.97,0.97,"",-21,-17.1,118,12.0,4658582,11.8,0,0.0,0,0.0,-3,-0.4,-124,-0.3
"34017","5","48421","77","0","2000","A","","Hudson County, New Jersey","Private","Used household and office goods moving","County, NAICS 5-digit -- by ownership sector","All establishment sizes",43,443,18284946,0,0,793,41252,"",3.57,2.20,2.41,0.00,0.00,1.09,1.09,"",-6,-12.2,4,0.9,660023,3.7,0,0.0,0,0.0,20,2.6,1081,2.7
"34017","5","484210","78","0","2000","A","","Hudson County, New Jersey","Private","Used household and office goods moving","County, NAICS 6-digit -- by ownership sector","All establishment sizes",43,443,18284946,0,0,793,41252,"",3.57,2.20,2.41,0.00,0.00,1.09,1.09,"",-6,-12.2,4,0.9,660023,3.7,0,0.0,0,0.0,20,2.6,1081,2.7
"34017","5","48422","77","0","2000","A","","Hudson County, New Jersey","Private","Other specialized trucking, local","County, NAICS 5-digit -- by ownership sector","All establishment sizes",53,468,18578662,0,0,763,39684,"",1.13,1.39,1.38,0.00,0.00,0.99,0.99,"",-13,-19.7,66,16.4,3126537,20.2,0,0.0,0,0.0,23,3.1,1206,3.1
"34017","5","484220","78","0","2000","A","","Hudson County, New Jersey","Private","Other specialized trucking, local","County, NAICS 6-digit -- by ownership sector","All establishment sizes",53,468,18578662,0,0,763,39684,"",1.13,1.39,1.38,0.00,0.00,0.99,0.99,"",-13,-19.7,66,16.4,3126537,20.2,0,0.0,0,0.0,23,3.1,1206,3.1
"34017","5","48423","77","0","2000","A","","Hudson County, New Jersey","Private","Other specialized trucking, long-distance","County, NAICS 5-digit -- by ownership sector","All establishment sizes",7,188,7442209,0,0,763,39657,"",0.60,0.95,0.79,0.00,0.00,0.84,0.84,"",-1,-12.5,48,34.3,872022,13.3,0,0.0,0,0.0,-138,-15.3,-7217,-15.4
"34017","5","484230","78","0","2000","A","","Hudson County, New Jersey","Private","Other specialized trucking, long-distance","County, NAICS 6-digit -- by ownership sector","All establishment sizes",7,188,7442209,0,0,763,39657,"",0.60,0.95,0.79,0.00,0.00,0.84,0.84,"",-1,-12.5,48,34.3,872022,13.3,0,0.0,0,0.0,-138,-15.3,-7217,-15.4
"34017","5","485","75","0","2000","A","","Hudson County, New Jersey","Private","Transit and ground passenger transportation","County, NAICS 3-digit -- by ownership sector","All establishment sizes",105,2354,46461151,0,0,380,19739,"",3.75,3.45,2.54,0.00,0.00,0.74,0.74,"",-17,-13.9,79,3.5,4129020,9.8,0,0.0,0,0.0,22,6.1,1131,6.1
"34017","5","4851","76","0","2000","A","","Hudson County, New Jersey","Private","Urban transit systems","County, NAICS 4-digit -- by ownership sector","All establishment sizes",24,314,7893600,0,0,484,25172,"",21.20,5.06,3.11,0.00,0.00,0.62,0.62,"",-4,-14.3,57,22.2,1454012,22.6,0,0.0,0,0.0,2,0.4,83,0.3
"34017","5","48511","77","0","2000","A","","Hudson County, New Jersey","Private","Urban transit systems","County, NAICS 5-digit -- by ownership sector","All establishment sizes",24,314,7893600,0,0,484,25172,"",21.20,5.06,3.11,0.00,0.00,0.62,0.62,"",-4,-14.3,57,22.2,1454012,22.6,0,0.0,0,0.0,2,0.4,83,0.3
"34017","5","485113","78","0","2000","A","","Hudson County, New Jersey","Private","Bus and other motor vehicle transit systems","County, NAICS 6-digit -- by ownership sector","All establishment sizes",21,226,5601356,0,0,476,24748,"",26.26,4.96,2.86,0.00,0.00,0.57,0.57,"",-3,-12.5,49,27.7,1208701,27.5,0,0.0,0,0.0,-2,-0.4,-128,-0.5
"34017","5","4853","76","0","2000","A","","Hudson County, New Jersey","Private","Taxi and limousine service","County, NAICS 4-digit -- by ownership sector","All establishment sizes",43,201,2885494,0,0,277,14380,"",3.67,1.53,0.81,0.00,0.00,0.53,0.53,"",-5,-10.4,17,9.2,105327,3.8,0,0.0,0,0.0,-13,-4.5,-723,-4.8
"34017","5","48531","77","0","2000","A","","Hudson County, New Jersey","Private","Taxi service","County, NAICS 5-digit -- by ownership sector","All establishment sizes",13,66,906968,0,0,266,13847,"",2.44,1.07,0.59,0.00,0.00,0.56,0.56,"",-3,-18.8,14,26.9,160342,21.5,0,0.0,0,0.0,-10,-3.6,-488,-3.4
"34017","5","485310","78","0","2000","A","","Hudson County, New Jersey","Private","Taxi service","County, NAICS 6-digit -- by ownership sector","All establishment sizes",13,66,906968,0,0,266,13847,"",2.44,1.07,0.59,0.00,0.00,0.56,0.56,"",-3,-18.8,14,26.9,160342,21.5,0,0.0,0,0.0,-10,-3.6,-488,-3.4
"34017","5","48532","77","0","2000","A","","Hudson County, New Jersey","Private","Limousine service","County, NAICS 5-digit -- by ownership sector","All establishment sizes",30,135,1978526,0,0,281,14638,"",4.70,1.94,0.97,0.00,0.00,0.50,0.50,"",-2,-6.2,3,2.3,-55015,-2.7,0,0.0,0,0.0,-15,-5.1,-768,-5.0
"34017","5","485320","78","0","2000","A","","Hudson County, New Jersey","Private","Limousine service","County, NAICS 6-digit -- by ownership sector","All establishment sizes",30,135,1978526,0,0,281,14638,"",4.70,1.94,0.97,0.00,0.00,0.50,0.50,"",-2,-6.2,3,2.3,-55015,-2.7,0,0.0,0,0.0,-15,-5.1,-768,-5.0
"34017","5","4854","76","0","2000","A","","Hudson County, New Jersey","Private","School and employee bus transportation","County, NAICS 4-digit -- by ownership sector","All establishment sizes",9,1031,11359799,0,0,212,11022,"",1.25,3.65,1.82,0.00,0.00,0.50,0.50,"",-1,-10.0,15,1.5,917911,8.8,0,0.0,0,0.0,14,7.1,745,7.2
"34017","5","48541","77","0","2000","A","","Hudson County, New Jersey","Private","School and employee bus transportation","County, NAICS 5-digit -- by ownership sector","All establishment sizes",9,1031,11359799,0,0,212,11022,"",1.25,3.65,1.82,0.00,0.00,0.50,0.50,"",-1,-10.0,15,1.5,917911,8.8,0,0.0,0,0.0,14,7.1,745,7.2
"34017","5","485410","78","0","2000","A","","Hudson County, New Jersey","Private","School and employee bus transportation","County, NAICS 6-digit -- by ownership sector","All establishment sizes",9,1031,11359799,0,0,212,11022,"",1.25,3.65,1.82,0.00,0.00,0.50,0.50,"",-1,-10.0,15,1.5,917911,8.8,0,0.0,0,0.0,14,7.1,745,7.2
"34017","5","4855","76","0","2000","A","","Hudson County, New Jersey","Private","Charter bus industry","County, NAICS 4-digit -- by ownership sector","All establishment sizes",14,346,9599675,0,0,533,27731,"",5.23,5.03,4.91,0.00,0.00,0.97,0.98,"",-3,-17.6,18,5.5,1286237,15.5,0,0.0,0,0.0,45,9.2,2359,9.3
"34017","5","48551","77","0","2000","A","","Hudson County, New Jersey","Private","Charter bus industry","County, NAICS 5-digit -- by ownership sector","All establishment sizes",14,346,9599675,0,0,533,27731,"",5.23,5.03,4.91,0.00,0.00,0.97,0.98,"",-3,-17.6,18,5.5,1286237,15.5,0,0.0,0,0.0,45,9.2,2359,9.3
"34017","5","485510","78","0","2000","A","","Hudson County, New Jersey","Private","Charter bus industry","County, NAICS 6-digit -- by ownership sector","All establishment sizes",14,346,9599675,0,0,533,27731,"",5.23,5.03,4.91,0.00,0.00,0.97,0.98,"",-3,-17.6,18,5.5,1286237,15.5,0,0.0,0,0.0,45,9.2,2359,9.3
"34017","5","485991","78","0","2000","A","","Hudson County, New Jersey","Private","Special needs transportation","County, NAICS 6-digit -- by ownership sector","All establishment sizes",8,19,310866,0,0,309,16079,"",2.98,0.34,0.21,0.00,0.00,0.60,0.60,"",-3,-27.3,1,5.6,-290,-0.1,0,0.0,0,0.0,-27,-8.0,-1369,-7.8
"34017","5","488","75","0","2000","A","","Hudson County, New Jersey","Private","Support activities for transportation","County, NAICS 3-digit -- by ownership sector","All establishment sizes",189,3425,174766507,0,0,981,51025,"",3.19,3.48,3.70,0.00,0.00,1.06,1.06,"",-19,-9.1,-90,-2.6,4940515,2.9,0,0.0,0,0.0,52,5.6,2706,5.6
"34017","5","4882","76","0","2000","A","","Hudson County, New Jersey","Private","Support activities for rail transportation","County, NAICS 4-digit -- by ownership sector","All establishment sizes",4,137,5440675,0,0,765,39761,"",2.63,3.60,3.27,0.00,0.00,0.91,0.91,"N",0,0,0,0,0,0,0,0,0,0,0,0,0,0
"34017","5","48821","77","0","2000","A","","Hudson County, New Jersey","Private","Support activities for rail transportation","County, NAICS 5-digit -- by ownership sector","All establishment sizes",4,137,5440675,0,0,765,39761,"",2.63,3.60,3.27,0.00,0.00,0.91,0.91,"N",0,0,0,0,0,0,0,0,0,0,0,0,0,0
"34017","5","488210","78","0","2000","A","","Hudson County, New Jersey","Private","Support activities for rail transportation","County, NAICS 6-digit -- by ownership sector","All establishment sizes",4,137,5440675,0,0,765,39761,"",2.63,3.60,3.27,0.00,0.00,0.91,0.91,"N",0,0,0,0,0,0,0,0,0,0,0,0,0,0
"34017","5","4883","76","0","2000","A","","Hudson County, New Jersey","Private","Support activities for water transportation","County, NAICS 4-digit -- by ownership sector","All establishment sizes",12,614,36680714,0,0,1149,59732,"",2.35,3.44,3.50,0.00,0.00,1.01,1.02,"",-1,-7.7,63,11.4,6433313,21.3,0,0.0,0,0.0,93,8.8,4795,8.7
"34017","5","48832","77","0","2000","A","","Hudson County, New Jersey","Private","Marine cargo handling","County, NAICS 5-digit -- by ownership sector","All establishment sizes",5,358,25465053,0,0,1368,71148,"",4.27,4.69,6.20,0.00,0.00,1.32,1.32,"",0,0.0,53,17.4,5455846,27.3,0,0.0,0,0.0,106,8.4,5508,8.4
"34017","5","488320","78","0","2000","A","","Hudson County, New Jersey","Private","Marine cargo handling","County, NAICS 6-digit -- by ownership sector","All establishment sizes",5,358,25465053,0,0,1368,71148,"",4.27,4.69,6.20,0.00,0.00,1.32,1.32,"",0,0.0,53,17.4,5455846,27.3,0,0.0,0,0.0,106,8.4,5508,8.4
"34017","5","4884","76","0","2000","A","","Hudson County, New Jersey","Private","Support activities for road transportation","County, NAICS 4-digit -- by ownership sector","All establishment sizes",11,96,3209495,0,0,643,33461,"",0.80,0.81,0.78,0.00,0.00,0.97,0.98,"",-2,-15.4,23,31.5,522016,19.4,0,0.0,0,0.0,-63,-8.9,-3228,-8.8
"34017","5","4885","76","0","2000","A","","Hudson County, New Jersey","Private","Freight transportation arrangement","County, NAICS 4-digit -- by ownership sector","All establishment sizes",155,2258,117295020,0,0,999,51946,"",5.75,6.83,6.41,0.00,0.00,0.94,0.94,"",-17,-9.9,-226,-9.1,-4846268,-4.0,0,0.0,0,0.0,53,5.6,2765,5.6
"34017","5","48851","77","0","2000","A","","Hudson County, New Jersey","Private","Freight transportation arrangement","County, NAICS 5-digit -- by ownership sector","All establishment sizes",155,2258,117295020,0,0,999,51946,"",5.75,6.83,6.41,0.00,0.00,0.94,0.94,"",-17,-9.9,-226,-9.1,-4846268,-4.0,0,0.0,0,0.0,53,5.6,2765,5.6
"34017","5","488510","78","0","2000","A","","Hudson County, New Jersey","Private","Freight transportation arrangement","County, NAICS 6-digit -- by ownership sector","All establishment sizes",155,2258,117295020,0,0,999,51946,"",5.75,6.83,6.41,0.00,0.00,0.94,0.94,"",-17,-9.9,-226,-9.1,-4846268,-4.0,0,0.0,0,0.0,53,5.6,2765,5.6
"34017","5","4889","76","0","2000","A","","Hudson County, New Jersey","Private","Other support activities for transportation","County, NAICS 4-digit -- by ownership sector","All establishment sizes",7,320,12140603,0,0,729,37910,"",2.10,5.63,6.11,0.00,0.00,1.08,1.09,"",0,0.0,36,12.7,1319192,12.2,0,0.0,0,0.0,-5,-0.7,-238,-0.6
"34017","5","48899","77","0","2000","A","","Hudson County, New Jersey","Private","Other support activities for transportation","County, NAICS 5-digit -- by ownership sector","All establishment sizes",7,320,12140603,0,0,729,37910,"",2.10,5.63,6.11,0.00,0.00,1.08,1.09,"",0,0.0,36,12.7,1319192,12.2,0,0.0,0,0.0,-5,-0.7,-238,-0.6
"34017","5","4922","76","0","2000","A","","Hudson County, New Jersey","Private","Local messengers and local delivery","County, NAICS 4-digit -- by ownership sector","All establishment sizes",12,38,600424,0,0,305,15870,"",1.63,0.38,0.20,0.00,0.00,0.53,0.53,"",-3,-20.0,1,2.7,-315430,-34.4,0,0.0,0,0.0,-176,-36.6,-9165,-36.6
"34017","5","49221","77","0","2000","A","","Hudson County, New Jersey","Private","Local messengers and local delivery","County, NAICS 5-digit -- by ownership sector","All establishment sizes",12,38,600424,0,0,305,15870,"",1.63,0.38,0.20,0.00,0.00,0.53,0.53,"",-3,-20.0,1,2.7,-315430,-34.4,0,0.0,0,0.0,-176,-36.6,-9165,-36.6
"34017","5","492210","78","0","2000","A","","Hudson County, New Jersey","Private","Local messengers and local delivery","County, NAICS 6-digit -- by ownership sector","All establishment sizes",12,38,600424,0,0,305,15870,"",1.63,0.38,0.20,0.00,0.00,0.53,0.53,"",-3,-20.0,1,2.7,-315430,-34.4,0,0.0,0,0.0,-176,-36.6,-9165,-36.6
"34017","5","493","75","0","2000","A","","Hudson County, New Jersey","Private","Warehousing and storage","County, NAICS 3-digit -- by ownership sector","All establishment sizes",139,6948,201169880,0,0,557,28955,"",6.79,7.32,5.03,0.00,0.00,0.69,0.69,"",-6,-4.1,-71,-1.0,8794106,4.6,0,0.0,0,0.0,30,5.7,1548,5.6
"34017","5","4931","76","0","2000","A","","Hudson County, New Jersey","Private","Warehousing and storage","County, NAICS 4-digit -- by ownership sector","All establishment sizes",139,6948,201169880,0,0,557,28955,"",6.79,7.32,5.03,0.00,0.00,0.69,0.69,"",-6,-4.1,-71,-1.0,8794106,4.6,0,0.0,0,0.0,30,5.7,1548,5.6
"34017","5","49311","77","0","2000","A","","Hudson County, New Jersey","Private","General warehousing and storage","County, NAICS 5-digit -- by ownership sector","All establishment sizes",114,5768,151969146,0,0,507,26346,"",8.06,7.31,4.60,0.00,0.00,0.63,0.63,"",0,0.0,-107,-1.8,5111034,3.5,0,0.0,0,0.0,26,5.4,1349,5.4
"34017","5","493110","78","0","2000","A","","Hudson County, New Jersey","Private","General warehousing and storage","County, NAICS 6-digit -- by ownership sector","All establishment sizes",114,5768,151969146,0,0,507,26346,"",8.06,7.31,4.60,0.00,0.00,0.63,0.63,"",0,0.0,-107,-1.8,5111034,3.5,0,0.0,0,0.0,26,5.4,1349,5.4
"34017","5","51","74","0","2000","A","","Hudson County, New Jersey","Private","Information","County, NAICS Sector -- by ownership sector","All establishment sizes",214,10788,555956843,0,0,991,51536,"",0.91,1.62,1.06,0.00,0.00,0.65,0.65,"",-19,-8.2,1614,17.6,87247180,18.6,0,0.0,0,0.0,8,0.8,443,0.9
"34017","5","511","75","0","2000","A","","Hudson County, New Jersey","Private","Publishing industries, except internet","County, NAICS 3-digit -- by ownership sector","All establishment sizes",43,2795,144932682,0,0,997,51854,"",0.74,1.48,0.93,0.00,0.00,0.63,0.63,"",-2,-4.4,-10,-0.4,11995567,9.0,0,0.0,0,0.0,86,9.4,4458,9.4
"34017","5","51111","77","0","2000","A","","Hudson County, New Jersey","Private","Newspaper publishers","County, NAICS 5-digit -- by ownership sector","All establishment sizes",10,1833,89560807,0,0,940,48871,"",0.67,2.39,2.50,0.00,0.00,1.05,1.05,"",0,0.0,4,0.2,11945963,15.4,0,0.0,0,0.0,124,15.2,6424,15.1
"34017","5","511110","78","0","2000","A","","Hudson County, New Jersey","Private","Newspaper publishers","County, NAICS 6-digit -- by ownership sector","All establishment sizes",10,1833,89560807,0,0,940,48871,"",0.67,2.39,2.50,0.00,0.00,1.05,1.05,"",0,0.0,4,0.2,11945963,15.4,0,0.0,0,0.0,124,15.2,6424,15.1
"34017","5","51112","77","0","2000","A","","Hudson County, New Jersey","Private","Periodical publishers","County, NAICS 5-digit -- by ownership sector","All establishment sizes",13,639,36456574,0,0,1097,57023,"",0.99,2.09,1.50,0.00,0.00,0.72,0.72,"",-2,-13.3,-9,-1.4,-820896,-2.2,0,0.0,0,0.0,-10,-0.9,-548,-1.0
"34017","5","511120","78","0","2000","A","","Hudson County, New Jersey","Private","Periodical publishers","County, NAICS 6-digit -- by ownership sector","All establishment sizes",13,639,36456574,0,0,1097,57023,"",0.99,2.09,1.50,0.00,0.00,0.72,0.72,"",-2,-13.3,-9,-1.4,-820896,-2.2,0,0.0,0,0.0,-10,-0.9,-548,-1.0
"34017","5","51113","77","0","2000","A","","Hudson County, New Jersey","Private","Book publishers","County, NAICS 5-digit -- by ownership sector","All establishment sizes",5,83,3928343,0,0,913,47472,"",0.82,0.52,0.38,0.00,0.00,0.74,0.74,"",0,0.0,2,2.5,365447,10.3,0,0.0,0,0.0,70,8.3,3621,8.3
"34017","5","511130","78","0","2000","A","","Hudson County, New Jersey","Private","Book publishers","County, NAICS 6-digit -- by ownership sector","All establishment sizes",5,83,3928343,0,0,913,47472,"",0.82,0.52,0.38,0.00,0.00,0.74,0.74,"",0,0.0,2,2.5,365447,10.3,0,0.0,0,0.0,70,8.3,3621,8.3
"34017","5","512","75","0","2000","A","","Hudson County, New Jersey","Private","Motion picture and sound recording industries","County, NAICS 3-digit -- by ownership sector","All establishment sizes",51,1343,60047022,0,0,860,44700,"",1.10,1.90,1.40,0.00,0.00,0.74,0.74,"",-4,-7.3,-140,-9.4,7767121,14.9,0,0.0,0,0.0,182,26.8,9455,26.8
"34017","5","5121","76","0","2000","A","","Hudson County, New Jersey","Private","Motion picture and video industries","County, NAICS 4-digit -- by ownership sector","All establishment sizes",39,1319,59007373,0,0,860,44734,"",1.00,2.04,1.54,0.00,0.00,0.76,0.76,"",-3,-7.1,-138,-9.5,8381260,16.6,0,0.0,0,0.0,192,28.7,9975,28.7
"34017","5","51213","77","0","2000","A","","Hudson County, New Jersey","Private","Motion picture and video exhibition","County, NAICS 5-digit -- by ownership sector","All establishment sizes",12,220,2557864,0,0,224,11635,"",1.38,0.90,0.84,0.00,0.00,0.94,0.93,"",0,0.0,-309,-58.4,-2354524,-47.9,0,0.0,0,0.0,45,25.1,2350,25.3
"34017","5","512131","78","0","2000","A","","Hudson County, New Jersey","Private","Motion picture theaters, except drive-ins","County, NAICS 6-digit -- by ownership sector","All establishment sizes",12,220,2557864,0,0,224,11635,"",1.47,0.92,0.86,0.00,0.00,0.95,0.94,"",0,0.0,-309,-58.4,-2354524,-47.9,0,0.0,0,0.0,45,25.1,2350,25.3
"34017","5","5122","76","0","2000","A","","Hudson County, New Jersey","Private","Sound recording industries","County, NAICS 4-digit -- by ownership sector","All establishment sizes",12,24,1039649,0,0,824,42872,"",1.62,0.41,0.23,0.00,0.00,0.56,0.56,"",-1,-7.7,-3,-11.1,-614139,-37.1,0,0.0,0,0.0,-361,-30.5,-18760,-30.4
"34017","5","515","75","0","2000","A","","Hudson County, New Jersey","Private","Broadcasting, except internet","County, NAICS 3-digit -- by ownership sector","All establishment sizes",9,1007,70401350,0,0,1345,69924,"",0.55,1.62,1.61,0.00,0.00,1.00,1.00,"",-10,-52.6,-128,-11.3,809531,1.2,0,0.0,0,0.0,166,14.1,8592,14.0
"34017","5","517","75","0","2000","A","","Hudson County, New Jersey","Private","Telecommunications","County, NAICS 3-digit -- by ownership sector","All establishment sizes",55,3273,167676532,0,0,985,51238,"",0.89,1.40,0.90,0.00,0.00,0.64,0.64,"",-3,-5.2,1730,112.1,66699468,66.1,0,0.0,0,0.0,-274,-21.8,-14215,-21.7
"34017","5","5171","76","0","2000","A","","Hudson County, New Jersey","Private","Wired telecommunications carriers","County, NAICS 4-digit -- by ownership sector","All establishment sizes",26,1253,85240547,0,0,1308,68025,"",0.89,0.94,0.76,0.00,0.00,0.81,0.81,"",1,4.0,275,28.1,11014974,14.8,0,0.0,0,0.0,-151,-10.3,-7851,-10.3
"34017","5","51711","77","0","2000","A","","Hudson County, New Jersey","Private","Wired telecommunications carriers","County, NAICS 5-digit -- by ownership sector","All establishment sizes",26,1253,85240547,0,0,1308,68025,"",0.89,0.94,0.76,0.00,0.00,0.81,0.81,"",1,4.0,275,28.1,11014974,14.8,0,0.0,0,0.0,-151,-10.3,-7851,-10.3
"34017","5","517110","78","0","2000","A","","Hudson County, New Jersey","Private","Wired telecommunications carriers","County, NAICS 6-digit -- by ownership sector","All establishment sizes",26,1253,85240547,0,0,1308,68025,"",0.89,0.94,0.76,0.00,0.00,0.81,0.81,"",1,4.0,275,28.1,11014974,14.8,0,0.0,0,0.0,-151,-10.3,-7851,-10.3
"34017","5","5172","76","0","2000","A","","Hudson County, New Jersey","Private","Wireless telecommunications carriers","County, NAICS 4-digit -- by ownership sector","All establishment sizes",8,98,4675273,0,0,921,47870,"",0.68,0.28,0.16,0.00,0.00,0.58,0.58,"",0,0.0,25,34.2,1510712,47.7,0,0.0,0,0.0,90,10.8,4668,10.8
"34017","5","51721","77","0","2000","A","","Hudson County, New Jersey","Private","Wireless telecommunications carriers","County, NAICS 5-digit -- by ownership sector","All establishment sizes",8,98,4675273,0,0,921,47870,"",0.68,0.28,0.16,0.00,0.00,0.58,0.58,"",0,0.0,25,34.2,1510712,47.7,0,0.0,0,0.0,90,10.8,4668,10.8
"34017","5","5173","76","0","2000","A","","Hudson County, New Jersey","Private","Telecommunications resellers","County, NAICS 4-digit -- by ownership sector","All establishment sizes",16,495,19670232,0,0,764,39738,"",1.29,1.35,0.73,0.00,0.00,0.54,0.54,"",-2,-11.1,45,10.0,917767,4.9,0,0.0,0,0.0,-38,-4.7,-1957,-4.7
"34017","5","51731","77","0","2000","A","","Hudson County, New Jersey","Private","Telecommunications resellers","County, NAICS 5-digit -- by ownership sector","All establishment sizes",16,495,19670232,0,0,764,39738,"",1.29,1.35,0.73,0.00,0.00,0.54,0.54,"",-2,-11.1,45,10.0,917767,4.9,0,0.0,0,0.0,-38,-4.7,-1957,-4.7
"34017","5","517310","78","0","2000","A","","Hudson County, New Jersey","Private","Telecommunications resellers","County, NAICS 6-digit -- by ownership sector","All establishment sizes",16,495,19670232,0,0,764,39738,"",1.29,1.35,0.73,0.00,0.00,0.54,0.54,"",-2,-11.1,45,10.0,917767,4.9,0,0.0,0,0.0,-38,-4.7,-1957,-4.7
"34017","5","518","75","0","2000","A","","Hudson County, New Jersey","Private","Data processing, hosting and related services","County, NAICS 3-digit -- by ownership sector","All establishment sizes",47,1833,84609593,0,0,888,46170,"",1.14,1.94,1.01,0.00,0.00,0.52,0.52,"",-1,-2.1,57,3.2,-7847384,-8.5,0,0.0,0,0.0,-113,-11.3,-5896,-11.3
"34017","5","5181","76","0","2000","A","","Hudson County, New Jersey","Private","Isps and web search portals","County, NAICS 4-digit -- by ownership sector","All establishment sizes",13,100,6460533,0,0,1242,64605,"",0.60,0.29,0.16,0.00,0.00,0.54,0.54,"",-2,-13.3,-111,-52.6,-14448611,-69.1,0,0.0,0,0.0,-667,-34.9,-34647,-34.9
"34017","5","51811","77","0","2000","A","","Hudson County, New Jersey","Private","Isps and web search portals","County, NAICS 5-digit -- by ownership sector","All establishment sizes",13,100,6460533,0,0,1242,64605,"",0.60,0.29,0.16,0.00,0.00,0.54,0.54,"",-2,-13.3,-111,-52.6,-14448611,-69.1,0,0.0,0,0.0,-667,-34.9,-34647,-34.9
"34017","5","5182","76","0","2000","A","","Hudson County, New Jersey","Private","Data processing, hosting and related services","County, NAICS 4-digit -- by ownership sector","All establishment sizes",33,1733,78149060,0,0,867,45106,"",1.68,2.90,1.81,0.00,0.00,0.63,0.63,"",0,0.0,168,10.7,6601227,9.2,0,0.0,0,0.0,-12,-1.4,-609,-1.3
"34017","5","51821","77","0","2000","A","","Hudson County, New Jersey","Private","Data processing and related services","County, NAICS 5-digit -- by ownership sector","All establishment sizes",33,1733,78149060,0,0,867,45106,"",1.68,2.90,1.81,0.00,0.00,0.63,0.63,"",0,0.0,168,10.7,6601227,9.2,0,0.0,0,0.0,-12,-1.4,-609,-1.3
"34017","5","518210","78","0","2000","A","","Hudson County, New Jersey","Private","Data processing, hosting and related services","County, NAICS 6-digit -- by ownership sector","All establishment sizes",33,1733,78149060,0,0,867,45106,"",1.68,2.90,1.81,0.00,0.00,0.63,0.63,"",0,0.0,168,10.7,6601227,9.2,0,0.0,0,0.0,-12,-1.4,-609,-1.3
"34017","5","52","74","0","2000","A","","Hudson County, New Jersey","Private","Finance and insurance","County, NAICS Sector -- by ownership sector","All establishment sizes",495,26637,3239069969,0,0,2338,121601,"",0.77,2.61,3.92,0.00,0.00,1.50,1.50,"",-29,-5.5,3620,15.7,1049914195,48.0,0,0.0,0,0.0,509,27.8,26491,27.9
"34017","5","522","75","0","2000","A","","Hudson County, New Jersey","Private","Credit intermediation and related activities","County, NAICS 3-digit -- by ownership sector","All establishment sizes",202,4033,227450744,0,0,1084,56394,"",0.81,0.86,0.84,0.00,0.00,0.97,0.97,"",-11,-5.2,75,1.9,38564598,20.4,0,0.0,0,0.0,166,18.1,8672,18.2
"34017","5","5221","76","0","2000","A","","Hudson County, New Jersey","Private","Depository credit intermediation","County, NAICS 4-digit -- by ownership sector","All establishment sizes",130,3332,189901160,0,0,1096,56986,"",0.96,1.08,1.18,0.00,0.00,1.09,1.09,"",-8,-5.8,34,1.0,32945493,21.0,0,0.0,0,0.0,181,19.8,9397,19.7
"34017","5","52211","77","0","2000","A","","Hudson County, New Jersey","Private","Commercial banking","County, NAICS 5-digit -- by ownership sector","All establishment sizes",82,2431,154495810,0,0,1222,63552,"",0.91,1.06,1.22,0.00,0.00,1.15,1.15,"",-3,-3.5,96,4.1,30577902,24.7,0,0.0,0,0.0,201,19.7,10475,19.7
"34017","5","522110","78","0","2000","A","","Hudson County, New Jersey","Private","Commercial banking","County, NAICS 6-digit -- by ownership sector","All establishment sizes",82,2431,154495810,0,0,1222,63552,"",0.91,1.06,1.22,0.00,0.00,1.15,1.15,"",-3,-3.5,96,4.1,30577902,24.7,0,0.0,0,0.0,201,19.7,10475,19.7
"34017","5","52212","77","0","2000","A","","Hudson County, New Jersey","Private","Savings institutions","County, NAICS 5-digit -- by ownership sector","All establishment sizes",36,838,33665807,0,0,772,40166,"",1.61,2.00,1.63,0.00,0.00,0.82,0.82,"",-5,-12.2,-63,-7.0,2263357,7.2,0,0.0,0,0.0,102,15.2,5326,15.3
"34017","5","522120","78","0","2000","A","","Hudson County, New Jersey","Private","Savings institutions","County, NAICS 6-digit -- by ownership sector","All establishment sizes",36,838,33665807,0,0,772,40166,"",1.61,2.00,1.63,0.00,0.00,0.82,0.82,"",-5,-12.2,-63,-7.0,2263357,7.2,0,0.0,0,0.0,102,15.2,5326,15.3
"34017","5","52213","77","0","2000","A","","Hudson County, New Jersey","Private","Credit unions","County, NAICS 5-digit -- by ownership sector","All establishment sizes",11,63,1739543,0,0,529,27503,"",0.53,0.19,0.14,0.00,0.00,0.75,0.74,"",-1,-8.3,1,1.6,104234,6.4,0,0.0,0,0.0,23,4.5,1198,4.6
"34017","5","522130","78","0","2000","A","","Hudson County, New Jersey","Private","Credit unions","County, NAICS 6-digit -- by ownership sector","All establishment sizes",11,63,1739543,0,0,529,27503,"",0.53,0.19,0.14,0.00,0.00,0.75,0.74,"",-1,-8.3,1,1.6,104234,6.4,0,0.0,0,0.0,23,4.5,1198,4.6
"34017","5","5222","76","0","2000","A","","Hudson County, New Jersey","Private","Nondepository credit intermediation","County, NAICS 4-digit -- by ownership sector","All establishment sizes",33,284,17106576,0,0,1159,60287,"",0.41,0.24,0.20,0.00,0.00,0.84,0.84,"",-3,-8.3,-120,-29.7,-5779521,-25.3,0,0.0,0,0.0,68,6.2,3580,6.3
"34017","5","52229","77","0","2000","A","","Hudson County, New Jersey","Private","Other nondepository credit intermediation","County, NAICS 5-digit -- by ownership sector","All establishment sizes",19,143,10875857,0,0,1466,76233,"",0.29,0.20,0.22,0.00,0.00,1.10,1.10,"",-2,-9.5,-119,-45.4,-4509472,-29.3,0,0.0,0,0.0,336,29.7,17492,29.8
"34017","5","522292","78","0","2000","A","","Hudson County, New Jersey","Private","Real estate credit","County, NAICS 6-digit -- by ownership sector","All establishment sizes",9,70,4527875,0,0,1237,64301,"",0.28,0.17,0.16,0.00,0.00,0.91,0.91,"",-1,-10.0,-107,-60.5,-4833574,-51.6,0,0.0,0,0.0,222,21.9,11536,21.9
"34017","5","5223","76","0","2000","A","","Hudson County, New Jersey","Private","Activities related to credit intermediation","County, NAICS 4-digit -- by ownership sector","All establishment sizes",40,417,20443008,0,0,943,49014,"",1.18,1.02,0.82,0.00,0.00,0.80,0.80,"",1,2.6,161,62.9,11398626,126.0,0,0.0,0,0.0,264,38.9,13730,38.9
"34017","5","52231","77","0","2000","A","","Hudson County, New Jersey","Private","Mortgage and nonmortgage loan brokers","County, NAICS 5-digit -- by ownership sector","All establishment sizes",4,11,236254,0,0,426,22149,"",0.22,0.10,0.03,0.00,0.00,0.33,0.33,"",-1,-20.0,3,37.5,107652,83.7,0,0.0,0,0.0,110,34.8,5732,34.9
"34017","5","522310","78","0","2000","A","","Hudson County, New Jersey","Private","Mortgage and nonmortgage loan brokers","County, NAICS 6-digit -- by ownership sector","All establishment sizes",4,11,236254,0,0,426,22149,"",0.22,0.10,0.03,0.00,0.00,0.33,0.33,"",-1,-20.0,3,37.5,107652,83.7,0,0.0,0,0.0,110,34.8,5732,34.9
"34017","5","52232","77","0","2000","A","","Hudson County, New Jersey","Private","Financial transaction processing and clearing","County, NAICS 5-digit -- by ownership sector","All establishment sizes",4,123,9022224,0,0,1412,73401,"",1.03,0.91,1.18,0.00,0.00,1.29,1.29,"N",0,0,0,0,0,0,0,0,0,0,0,0,0,0
"34017","5","522320","78","0","2000","A","","Hudson County, New Jersey","Private","Financial transaction processing and clearing","County, NAICS 6-digit -- by ownership sector","All establishment sizes",4,123,9022224,0,0,1412,73401,"",1.03,0.91,1.18,0.00,0.00,1.29,1.29,"N",0,0,0,0,0,0,0,0,0,0,0,0,0,0
"34017","5","52239","77","0","2000","A","","Hudson County, New Jersey","Private","Other credit intermediation activities","County, NAICS 5-digit -- by ownership sector","All establishment sizes",31,284,11184530,0,0,759,39452,"",2.63,1.75,1.13,0.00,0.00,0.65,0.65,"",0,0.0,74,35.2,3760937,50.7,0,0.0,0,0.0,78,11.5,4059,11.5
"34017","5","522390","78","0","2000","A","","Hudson County, New Jersey","Private","Other credit intermediation activities","County, NAICS 6-digit -- by ownership sector","All establishment sizes",31,284,11184530,0,0,759,39452,"",2.63,1.75,1.13,0.00,0.00,0.65,0.65,"",0,0.0,74,35.2,3760937,50.7,0,0.0,0,0.0,78,11.5,4059,11.5
"34017","5","523","75","0","2000","A","","Hudson County, New Jersey","Private","Securities, commodity contracts, investments","County, NAICS 3-digit -- by ownership sector","All establishment sizes",142,20235,2851322643,0,0,2710,140913,"",1.40,13.57,9.92,0.00,0.00,0.73,0.73,"",1,0.7,3374,20.0,990902289,53.3,0,0.0,0,0.0,588,27.7,30577,27.7
"34017","5","5231","76","0","2000","A","","Hudson County, New Jersey","Private","Securities and commodity contracts brokerage","County, NAICS 4-digit -- by ownership sector","All establishment sizes",90,16729,2558659030,0,0,2941,152950,"",1.94,16.23,12.14,0.00,0.00,0.75,0.75,"",2,2.3,2696,19.2,888199470,53.2,0,0.0,0,0.0,652,28.5,33909,28.5
"34017","5","52311","77","0","2000","A","","Hudson County, New Jersey","Private","Investment banking and securities dealing","County, NAICS 5-digit -- by ownership sector","All establishment sizes",37,12494,1486539256,0,0,2288,118977,"",2.84,37.17,19.58,0.00,0.00,0.53,0.53,"",2,5.7,1909,18.0,530186540,55.4,0,0.0,0,0.0,551,31.7,28631,31.7
"34017","5","523110","78","0","2000","A","","Hudson County, New Jersey","Private","Investment banking and securities dealing","County, NAICS 6-digit -- by ownership sector","All establishment sizes",37,12494,1486539256,0,0,2288,118977,"",2.84,37.17,19.58,0.00,0.00,0.53,0.53,"",2,5.7,1909,18.0,530186540,55.4,0,0.0,0,0.0,551,31.7,28631,31.7
"34017","5","52312","77","0","2000","A","","Hudson County, New Jersey","Private","Securities brokerage","County, NAICS 5-digit -- by ownership sector","All establishment sizes",45,4151,1065084314,0,0,4934,256580,"",1.58,6.41,8.32,0.00,0.00,1.30,1.30,"",2,4.7,802,23.9,356987263,50.4,0,0.0,0,0.0,868,21.3,45124,21.3
"34017","5","523120","78","0","2000","A","","Hudson County, New Jersey","Private","Securities brokerage","County, NAICS 6-digit -- by ownership sector","All establishment sizes",45,4151,1065084314,0,0,4934,256580,"",1.58,6.41,8.32,0.00,0.00,1.30,1.30,"",2,4.7,802,23.9,356987263,50.4,0,0.0,0,0.0,868,21.3,45124,21.3
"34017","5","52392","77","0","2000","A","","Hudson County, New Jersey","Private","Portfolio management","County, NAICS 5-digit -- by ownership sector","All establishment sizes",18,1279,174434452,0,0,2622,136357,"",0.90,7.42,4.76,0.00,0.00,0.64,0.64,"",0,0.0,473,58.7,94135130,117.2,0,0.0,0,0.0,705,36.8,36668,36.8
"34017","5","523920","78","0","2000","A","","Hudson County, New Jersey","Private","Portfolio management","County, NAICS 6-digit -- by ownership sector","All establishment sizes",18,1279,174434452,0,0,2622,136357,"",0.90,7.42,4.76,0.00,0.00,0.64,0.64,"",0,0.0,473,58.7,94135130,117.2,0,0.0,0,0.0,705,36.8,36668,36.8
"34017","5","52393","77","0","2000","A","","Hudson County, New Jersey","Private","Investment advice","County, NAICS 5-digit -- by ownership sector","All establishment sizes",19,142,16936670,0,0,2288,118993,"",0.90,1.09,0.78,0.00,0.00,0.71,0.71,"",1,5.6,16,12.7,-802958,-4.5,0,0.0,0,0.0,-423,-15.6,-21984,-15.6
"34017","5","523930","78","0","2000","A","","Hudson County, New Jersey","Private","Investment advice","County, NAICS 6-digit -- by ownership sector","All establishment sizes",19,142,16936670,0,0,2288,118993,"",0.90,1.09,0.78,0.00,0.00,0.71,0.71,"",1,5.6,16,12.7,-802958,-4.5,0,0.0,0,0.0,-423,-15.6,-21984,-15.6
"34017","5","52399","77","0","2000","A","","Hudson County, New Jersey","Private","All other financial investment activities","County, NAICS 5-digit -- by ownership sector","All establishment sizes",11,2054,97128725,0,0,909,47288,"",2.67,21.41,10.09,0.00,0.00,0.47,0.47,"",-1,-8.3,185,9.9,8262223,9.3,0,0.0,0,0.0,-5,-0.5,-262,-0.6
"34017","5","52411","77","0","2000","A","","Hudson County, New Jersey","Private","Direct life and health insurance carriers","County, NAICS 5-digit -- by ownership sector","All establishment sizes",12,954,65429359,0,0,1320,68620,"",0.62,0.75,0.76,0.00,0.00,1.02,1.02,"",0,0.0,338,54.9,30868696,89.3,0,0.0,0,0.0,241,22.3,12492,22.3
"34017","5","52412","77","0","2000","A","","Hudson County, New Jersey","Private","Direct insurers, except life and health","County, NAICS 5-digit -- by ownership sector","All establishment sizes",13,238,14441207,0,0,1169,60762,"",0.29,0.22,0.20,0.00,0.00,0.91,0.91,"",-3,-18.8,-24,-9.2,-1840504,-11.3,0,0.0,0,0.0,-25,-2.1,-1303,-2.1
"34017","5","5242","76","0","2000","A","","Hudson County, New Jersey","Private","Insurance agencies and brokerages","County, NAICS 4-digit -- by ownership sector","All establishment sizes",120,1133,78491793,0,0,1333,69293,"",0.56,0.78,0.91,0.00,0.00,1.16,1.16,"",-14,-10.4,-142,-11.1,-8570466,-9.8,0,0.0,0,0.0,19,1.4,982,1.4
"34017","5","52421","77","0","2000","A","","Hudson County, New Jersey","Private","Insurance agencies and brokerages","County, NAICS 5-digit -- by ownership sector","All establishment sizes",99,865,62096514,0,0,1381,71822,"",0.52,0.80,0.97,0.00,0.00,1.22,1.22,"",-10,-9.2,-149,-14.7,-10549459,-14.5,0,0.0,0,0.0,4,0.3,208,0.3
"34017","5","524210","78","0","2000","A","","Hudson County, New Jersey","Private","Insurance agencies and brokerages","County, NAICS 6-digit -- by ownership sector","All establishment sizes",99,865,62096514,0,0,1381,71822,"",0.52,0.80,0.97,0.00,0.00,1.22,1.22,"",-10,-9.2,-149,-14.7,-10549459,-14.5,0,0.0,0,0.0,4,0.3,208,0.3
"34017","5","52429","77","0","2000","A","","Hudson County, New Jersey","Private","Other insurance related activities","County, NAICS 5-digit -- by ownership sector","All establishment sizes",21,268,16395279,0,0,1176,61138,"",0.85,0.73,0.72,0.00,0.00,0.98,0.99,"",-4,-16.0,8,3.1,1978993,13.7,0,0.0,0,0.0,110,10.3,5709,10.3
"34017","5","524292","78","0","2000","A","","Hudson County, New Jersey","Private","Third party administration of insurance funds","County, NAICS 6-digit -- by ownership sector","All establishment sizes",13,212,12245503,0,0,1109,57649,"",1.54,1.04,1.08,0.00,0.00,1.03,1.03,"",-4,-23.5,8,3.9,1203957,10.9,0,0.0,0,0.0,68,6.5,3502,6.5
"34017","5","53","74","0","2000","A","","Hudson County, New Jersey","Private","Real estate and rental and leasing","County, NAICS Sector -- by ownership sector","All establishment sizes",630,3593,120935501,0,0,647,33662,"",1.29,0.96,0.76,0.00,0.00,0.79,0.79,"",-38,-5.7,-70,-1.9,12865954,11.9,0,0.0,0,0.0,80,14.1,4162,14.1
"34017","5","531","75","0","2000","A","","Hudson County, New Jersey","Private","Real estate","County, NAICS 3-digit -- by ownership sector","All establishment sizes",534,2758,95005379,0,0,662,34448,"",1.40,1.14,0.88,0.00,0.00,0.78,0.78,"",-24,-4.3,-69,-2.4,12298328,14.9,0,0.0,0,0.0,99,17.6,5195,17.8
"34017","5","5311","76","0","2000","A","","Hudson County, New Jersey","Private","Lessors of real estate","County, NAICS 4-digit -- by ownership sector","All establishment sizes",294,1448,53896694,0,0,716,37230,"",1.73,1.29,1.29,0.00,0.00,1.00,1.00,"",-16,-5.2,-153,-9.6,6475212,13.7,0,0.0,0,0.0,146,25.6,7610,25.7
"34017","5","53111","77","0","2000","A","","Hudson County, New Jersey","Private","Lessors of residential buildings","County, NAICS 5-digit -- by ownership sector","All establishment sizes",227,875,21408814,0,0,471,24467,"",2.21,1.23,0.93,0.00,0.00,0.75,0.75,"",-13,-5.4,70,8.7,2969973,16.1,0,0.0,0,0.0,31,7.0,1571,6.9
"34017","5","531110","78","0","2000","A","","Hudson County, New Jersey","Private","Lessors of residential buildings","County, NAICS 6-digit -- by ownership sector","All establishment sizes",227,875,21408814,0,0,471,24467,"",2.21,1.23,0.93,0.00,0.00,0.75,0.75,"",-13,-5.4,70,8.7,2969973,16.1,0,0.0,0,0.0,31,7.0,1571,6.9
"34017","5","53112","77","0","2000","A","","Hudson County, New Jersey","Private","Lessors of nonresidential buildings","County, NAICS 5-digit -- by ownership sector","All establishment sizes",49,463,29427459,0,0,1222,63524,"",1.30,1.68,2.01,0.00,0.00,1.20,1.20,"",-3,-5.8,-212,-31.4,4009046,15.8,0,0.0,0,0.0,498,68.8,25872,68.7
"34017","5","531120","78","0","2000","A","","Hudson County, New Jersey","Private","Lessors of nonresidential buildings","County, NAICS 6-digit -- by ownership sector","All establishment sizes",49,463,29427459,0,0,1222,63524,"",1.30,1.68,2.01,0.00,0.00,1.20,1.20,"",-3,-5.8,-212,-31.4,4009046,15.8,0,0.0,0,0.0,498,68.8,25872,68.7
"34017","5","5312","76","0","2000","A","","Hudson County, New Jersey","Private","Offices of real estate agents and brokers","County, NAICS 4-digit -- by ownership sector","All establishment sizes",101,312,9313359,0,0,574,29827,"",0.87,0.60,0.31,0.00,0.00,0.52,0.52,"",-2,-1.9,32,11.4,1084907,13.2,0,0.0,0,0.0,9,1.6,440,1.5
"34017","5","53121","77","0","2000","A","","Hudson County, New Jersey","Private","Offices of real estate agents and brokers","County, NAICS 5-digit -- by ownership sector","All establishment sizes",101,312,9313359,0,0,574,29827,"",0.87,0.60,0.31,0.00,0.00,0.52,0.52,"",-2,-1.9,32,11.4,1084907,13.2,0,0.0,0,0.0,9,1.6,440,1.5
"34017","5","531210","78","0","2000","A","","Hudson County, New Jersey","Private","Offices of real estate agents and brokers","County, NAICS 6-digit -- by ownership sector","All establishment sizes",101,312,9313359,0,0,574,29827,"",0.87,0.60,0.31,0.00,0.00,0.52,0.52,"",-2,-1.9,32,11.4,1084907,13.2,0,0.0,0,0.0,9,1.6,440,1.5
"34017","5","5313","76","0","2000","A","","Hudson County, New Jersey","Private","Activities related to real estate","County, NAICS 4-digit -- by ownership sector","All establishment sizes",139,998,31795326,0,0,613,31859,"",1.44,1.27,0.88,0.00,0.00,0.69,0.69,"",-6,-4.1,52,5.5,4738209,17.5,0,0.0,0,0.0,63,11.5,3267,11.4
"34017","5","53131","77","0","2000","A","","Hudson County, New Jersey","Private","Real estate property managers","County, NAICS 5-digit -- by ownership sector","All establishment sizes",125,956,29593593,0,0,595,30956,"",1.79,1.41,0.99,0.00,0.00,0.70,0.70,"",-2,-1.6,47,5.2,4248136,16.8,0,0.0,0,0.0,59,11.0,3083,11.1
"34017","5","531311","78","0","2000","A","","Hudson County, New Jersey","Private","Residential property managers","County, NAICS 6-digit -- by ownership sector","All establishment sizes",91,720,19815242,0,0,529,27534,"",1.88,1.52,1.11,0.00,0.00,0.73,0.73,"",-1,-1.1,11,1.6,1362839,7.4,0,0.0,0,0.0,28,5.6,1496,5.7
"34017","5","531312","78","0","2000","A","","Hudson County, New Jersey","Private","nonresidential property managers","County, NAICS 6-digit -- by ownership sector","All establishment sizes",34,236,9778351,0,0,796,41375,"",1.59,1.16,0.80,0.00,0.00,0.69,0.69,"",-1,-2.9,35,17.4,2885297,41.9,0,0.0,0,0.0,135,20.4,7024,20.4
"34017","5","5321","76","0","2000","A","","Hudson County, New Jersey","Private","Automotive equipment rental and leasing","County, NAICS 4-digit -- by ownership sector","All establishment sizes",29,285,12604143,0,0,852,44290,"",1.36,0.74,0.82,0.00,0.00,1.10,1.10,"",-1,-3.3,7,2.5,492666,4.1,0,0.0,0,0.0,15,1.8,789,1.8
"34017","5","53211","77","0","2000","A","","Hudson County, New Jersey","Private","Passenger car rental and leasing","County, NAICS 5-digit -- by ownership sector","All establishment sizes",13,61,1767394,0,0,556,28895,"",1.03,0.23,0.18,0.00,0.00,0.78,0.78,"",0,0.0,5,8.9,236845,15.5,0,0.0,0,0.0,29,5.5,1482,5.4
"34017","5","53212","77","0","2000","A","","Hudson County, New Jersey","Private","Truck, trailer, and rv rental and leasing","County, NAICS 5-digit -- by ownership sector","All establishment sizes",17,223,10836749,0,0,933,48505,"",1.94,1.90,1.94,0.00,0.00,1.02,1.02,"",0,0.0,0,0.0,255821,2.4,0,0.0,0,0.0,19,2.1,968,2.0
"34017","5","532120","78","0","2000","A","","Hudson County, New Jersey","Private","Truck, trailer, and rv rental and leasing","County, NAICS 6-digit -- by ownership sector","All establishment sizes",17,223,10836749,0,0,933,48505,"",1.94,1.90,1.94,0.00,0.00,1.02,1.02,"",0,0.0,0,0.0,255821,2.4,0,0.0,0,0.0,19,2.1,968,2.0
"34017","5","5322","76","0","2000","A","","Hudson County, New Jersey","Private","Consumer goods rental","County, NAICS 4-digit -- by ownership sector","All establishment sizes",43,398,6276293,0,0,303,15770,"",0.84,0.73,0.45,0.00,0.00,0.62,0.62,"",-9,-17.3,-10,-2.5,-64181,-1.0,0,0.0,0,0.0,4,1.3,230,1.5
"34017","5","53223","77","0","2000","A","","Hudson County, New Jersey","Private","Video tape and disc rental","County, NAICS 5-digit -- by ownership sector","All establishment sizes",34,143,1569117,0,0,211,10973,"",1.27,0.48,0.34,0.00,0.00,0.72,0.72,"",-4,-10.5,-1,-0.7,-77032,-4.7,0,0.0,0,0.0,-10,-4.5,-498,-4.3
"34017","5","532230","78","0","2000","A","","Hudson County, New Jersey","Private","Video tape and disc rental","County, NAICS 6-digit -- by ownership sector","All establishment sizes",34,143,1569117,0,0,211,10973,"",1.27,0.48,0.34,0.00,0.00,0.72,0.72,"",-4,-10.5,-1,-0.7,-77032,-4.7,0,0.0,0,0.0,-10,-4.5,-498,-4.3
"34017","5","5324","76","0","2000","A","","Hudson County, New Jersey","Private","Machinery and equipment rental and leasing","County, NAICS 4-digit -- by ownership sector","All establishment sizes",12,84,4715654,0,0,1082,56250,"",0.78,0.45,0.41,0.00,0.00,0.92,0.92,"",-2,-14.3,-2,-2.3,82610,1.8,0,0.0,0,0.0,47,4.5,2430,4.5
"34017","5","54","74","0","2000","A","","Hudson County, New Jersey","Private","Professional and technical services","County, NAICS Sector -- by ownership sector","All establishment sizes",1157,11258,812863116,0,0,1389,72205,"",0.91,0.90,0.83,0.00,0.00,0.92,0.92,"",-118,-9.3,311,2.8,21940932,2.8,0,0.0,0,0.0,0,0.0,-48,-0.1
"34017","5","541","75","0","2000","A","","Hudson County, New Jersey","Private","Professional and technical services","County, NAICS 3-digit -- by ownership sector","All establishment sizes",1157,11258,812863116,0,0,1389,72205,"",0.91,0.90,0.83,0.00,0.00,0.92,0.92,"",-118,-9.3,311,2.8,21940932,2.8,0,0.0,0,0.0,0,0.0,-48,-0.1
"34017","5","5411","76","0","2000","A","","Hudson County, New Jersey","Private","Legal services","County, NAICS 4-digit -- by ownership sector","All establishment sizes",306,1279,60347904,0,0,908,47202,"",1.11,0.65,0.39,0.00,0.00,0.60,0.60,"",-31,-9.2,-38,-2.9,-199275,-0.3,0,0.0,0,0.0,24,2.7,1228,2.7
"34017","5","54111","77","0","2000","A","","Hudson County, New Jersey","Private","Offices of lawyers","County, NAICS 5-digit -- by ownership sector","All establishment sizes",298,1221,56778960,0,0,894,46505,"",1.14,0.66,0.38,0.00,0.00,0.58,0.58,"",-29,-8.9,-41,-3.2,-520777,-0.9,0,0.0,0,0.0,21,2.4,1092,2.4
"34017","5","541110","78","0","2000","A","","Hudson County, New Jersey","Private","Offices of lawyers","County, NAICS 6-digit -- by ownership sector","All establishment sizes",298,1221,56778960,0,0,894,46505,"",1.14,0.66,0.38,0.00,0.00,0.58,0.58,"",-29,-8.9,-41,-3.2,-520777,-0.9,0,0.0,0,0.0,21,2.4,1092,2.4
"34017","5","54119","77","0","2000","A","","Hudson County, New Jersey","Private","Other legal services","County, NAICS 5-digit -- by ownership sector","All establishment sizes",9,58,3568944,0,0,1192,61979,"",0.66,0.54,0.71,0.00,0.00,1.32,1.32,"",-1,-10.0,3,5.5,321502,9.9,0,0.0,0,0.0,62,5.5,3202,5.4
"34017","5","5412","76","0","2000","A","","Hudson County, New Jersey","Private","Accounting and bookkeeping services","County, NAICS 4-digit -- by ownership sector","All establishment sizes",115,1231,74182259,0,0,1158,60241,"",0.70,0.77,0.77,0.00,0.00,1.00,1.00,"",-12,-9.4,-73,-5.6,1782866,2.5,0,0.0,0,0.0,90,8.4,4727,8.5
"34017","5","54121","77","0","2000","A","","Hudson County, New Jersey","Private","Accounting and bookkeeping services","County, NAICS 5-digit -- by ownership sector","All establishment sizes",115,1231,74182259,0,0,1158,60241,"",0.70,0.77,0.77,0.00,0.00,1.00,1.00,"",-12,-9.4,-73,-5.6,1782866,2.5,0,0.0,0,0.0,90,8.4,4727,8.5
"34017","5","541211","78","0","2000","A","","Hudson County, New Jersey","Private","Offices of certified public accountants","County, NAICS 6-digit -- by ownership sector","All establishment sizes",52,483,34614655,0,0,1377,71617,"",0.61,0.63,0.64,0.00,0.00,1.01,1.01,"",-7,-11.9,-14,-2.8,-567078,-1.6,0,0.0,0,0.0,15,1.1,817,1.2
"34017","5","541219","78","0","2000","A","","Hudson County, New Jersey","Private","Other accounting services","County, NAICS 6-digit -- by ownership sector","All establishment sizes",48,553,34323654,0,0,1195,62124,"",0.87,1.33,1.56,0.00,0.00,1.18,1.18,"",-4,-7.7,-69,-11.1,2073805,6.4,0,0.0,0,0.0,197,19.7,10241,19.7
"34017","5","5413","76","0","2000","A","","Hudson County, New Jersey","Private","Architectural and engineering services","County, NAICS 4-digit -- by ownership sector","All establishment sizes",79,607,30122498,0,0,954,49612,"",0.45,0.27,0.18,0.00,0.00,0.67,0.67,"",-8,-9.2,48,8.6,2110315,7.5,0,0.0,0,0.0,-11,-1.1,-544,-1.1
"34017","5","54131","77","0","2000","A","","Hudson County, New Jersey","Private","Architectural services","County, NAICS 5-digit -- by ownership sector","All establishment sizes",22,131,6472327,0,0,954,49596,"",0.62,0.39,0.26,0.00,0.00,0.68,0.68,"",-3,-12.0,33,33.7,1137260,21.3,0,0.0,0,0.0,-96,-9.1,-4983,-9.1
"34017","5","541310","78","0","2000","A","","Hudson County, New Jersey","Private","Architectural services","County, NAICS 6-digit -- by ownership sector","All establishment sizes",22,131,6472327,0,0,954,49596,"",0.62,0.39,0.26,0.00,0.00,0.68,0.68,"",-3,-12.0,33,33.7,1137260,21.3,0,0.0,0,0.0,-96,-9.1,-4983,-9.1
"34017","5","54133","77","0","2000","A","","Hudson County, New Jersey","Private","Engineering services","County, NAICS 5-digit -- by ownership sector","All establishment sizes",33,228,14513079,0,0,1224,63631,"",0.37,0.16,0.13,0.00,0.00,0.81,0.81,"",-4,-10.8,9,4.1,709354,5.1,0,0.0,0,0.0,10,0.8,504,0.8
"34017","5","541330","78","0","2000","A","","Hudson County, New Jersey","Private","Engineering services","County, NAICS 6-digit -- by ownership sector","All establishment sizes",33,228,14513079,0,0,1224,63631,"",0.37,0.16,0.13,0.00,0.00,0.81,0.81,"",-4,-10.8,9,4.1,709354,5.1,0,0.0,0,0.0,10,0.8,504,0.8
"34017","5","5414","76","0","2000","A","","Hudson County, New Jersey","Private","Specialized design services","County, NAICS 4-digit -- by ownership sector","All establishment sizes",65,249,7277275,0,0,563,29275,"",1.33,1.04,0.50,0.00,0.00,0.49,0.49,"",-9,-12.2,-17,-6.4,-261732,-3.5,0,0.0,0,0.0,19,3.5,968,3.4
"34017","5","54143","77","0","2000","A","","Hudson County, New Jersey","Private","Graphic design services","County, NAICS 5-digit -- by ownership sector","All establishment sizes",33,125,5164689,0,0,796,41373,"",1.23,0.85,0.55,0.00,0.00,0.65,0.65,"",-1,-2.9,-1,-0.8,7392,0.1,0,0.0,0,0.0,9,1.1,469,1.1
"34017","5","541430","78","0","2000","A","","Hudson County, New Jersey","Private","Graphic design services","County, NAICS 6-digit -- by ownership sector","All establishment sizes",33,125,5164689,0,0,796,41373,"",1.23,0.85,0.55,0.00,0.00,0.65,0.65,"",-1,-2.9,-1,-0.8,7392,0.1,0,0.0,0,0.0,9,1.1,469,1.1
"34017","5","54149","77","0","2000","A","","Hudson County, New Jersey","Private","Other specialized design services","County, NAICS 5-digit -- by ownership sector","All establishment sizes",15,84,1242778,0,0,286,14854,"",4.47,5.35,1.45,0.00,0.00,0.27,0.27,"",-3,-16.7,-3,-3.4,-63253,-4.8,0,0.0,0,0.0,-4,-1.4,-201,-1.3
"34017","5","541490","78","0","2000","A","","Hudson County, New Jersey","Private","Other specialized design services","County, NAICS 6-digit -- by ownership sector","All establishment sizes",15,84,1242778,0,0,286,14854,"",4.47,5.35,1.45,0.00,0.00,0.27,0.27,"",-3,-16.7,-3,-3.4,-63253,-4.8,0,0.0,0,0.0,-4,-1.4,-201,-1.3
"34017","5","5415","76","0","2000","A","","Hudson County, New Jersey","Private","Computer systems design and related services","County, NAICS 4-digit -- by ownership sector","All establishment sizes",335,3263,325961712,0,0,1921,99884,"",1.54,1.35,1.33,0.00,0.00,0.98,0.98,"",-26,-7.2,316,10.7,-31708716,-8.9,0,0.0,0,0.0,-413,-17.7,-21487,-17.7
"34017","5","54151","77","0","2000","A","","Hudson County, New Jersey","Private","Computer systems design and related services","County, NAICS 5-digit -- by ownership sector","All establishment sizes",335,3263,325961712,0,0,1921,99884,"",1.54,1.35,1.33,0.00,0.00,0.98,0.98,"",-26,-7.2,316,10.7,-31708716,-8.9,0,0.0,0,0.0,-413,-17.7,-21487,-17.7
"34017","5","541511","78","0","2000","A","","Hudson County, New Jersey","Private","Custom computer programming services","County, NAICS 6-digit -- by ownership sector","All establishment sizes",125,1334,124337086,0,0,1792,93177,"",1.41,1.28,1.13,0.00,0.00,0.89,0.89,"",-6,-4.6,294,28.3,-43650642,-26.0,0,0.0,0,0.0,-1314,-42.3,-68324,-42.3
"34017","5","541512","78","0","2000","A","","Hudson County, New Jersey","Private","Computer systems design services","County, NAICS 6-digit -- by ownership sector","All establishment sizes",165,651,53878644,0,0,1592,82763,"",1.78,0.67,0.54,0.00,0.00,0.80,0.80,"",-23,-12.2,1,0.2,-14025364,-20.7,0,0.0,0,0.0,-417,-20.8,-21691,-20.8
"34017","5","5416","76","0","2000","A","","Hudson County, New Jersey","Private","Management and technical consulting services","County, NAICS 4-digit -- by ownership sector","All establishment sizes",142,1890,129934919,0,0,1322,68767,"",0.70,1.43,1.14,0.00,0.00,0.79,0.79,"",-7,-4.7,92,5.1,11676986,9.9,0,0.0,0,0.0,57,4.5,2986,4.5
"34017","5","54161","77","0","2000","A","","Hudson County, New Jersey","Private","Management consulting services","County, NAICS 5-digit -- by ownership sector","All establishment sizes",126,1664,122863838,0,0,1420,73825,"",0.72,1.45,1.20,0.00,0.00,0.83,0.83,"",-7,-5.3,42,2.6,10869191,9.7,0,0.0,0,0.0,92,6.9,4792,6.9
"34017","5","541611","78","0","2000","A","","Hudson County, New Jersey","Private","Administrative management consulting services","County, NAICS 6-digit -- by ownership sector","All establishment sizes",47,392,34800326,0,0,1709,88852,"",0.64,0.82,0.75,0.00,0.00,0.91,0.91,"",-3,-6.0,4,1.0,631470,1.8,0,0.0,0,0.0,14,0.8,731,0.8
"34017","5","541614","78","0","2000","A","","Hudson County, New Jersey","Private","Process and logistics consulting services","County, NAICS 6-digit -- by ownership sector","All establishment sizes",16,202,11054053,0,0,1054,54791,"",1.20,1.83,1.31,0.00,0.00,0.72,0.72,"",3,23.1,50,32.9,4311558,63.9,0,0.0,0,0.0,198,23.1,10286,23.1
"34017","5","541618","78","0","2000","A","","Hudson County, New Jersey","Private","Other management consulting services","County, NAICS 6-digit -- by ownership sector","All establishment sizes",25,186,15864220,0,0,1639,85215,"",0.69,1.02,0.97,0.00,0.00,0.95,0.95,"",-1,-3.8,0,0.0,-269149,-1.7,0,0.0,0,0.0,-25,-1.5,-1330,-1.5
"34017","5","5417","76","0","2000","A","","Hudson County, New Jersey","Private","Scientific research and development services","County, NAICS 4-digit -- by ownership sector","All establishment sizes",10,111,8737092,0,0,1518,78950,"",0.33,0.12,0.10,0.00,0.00,0.87,0.87,"",0,0.0,22,24.7,2752582,46.0,0,0.0,0,0.0,220,16.9,11456,17.0
"34017","5","5418","76","0","2000","A","","Hudson County, New Jersey","Private","Advertising, pr, and related services","County, NAICS 4-digit -- by ownership sector","All establishment sizes",63,1287,78975383,0,0,1180,61376,"",0.83,1.40,1.17,0.00,0.00,0.83,0.84,"",-16,-20.3,-47,-3.5,7582700,10.6,0,0.0,0,0.0,151,14.7,7862,14.7
"34017","5","54181","77","0","2000","A","","Hudson County, New Jersey","Private","Advertising agencies","County, NAICS 5-digit -- by ownership sector","All establishment sizes",25,337,34241134,0,0,1953,101530,"",0.84,0.90,1.03,0.00,0.00,1.14,1.14,"",-4,-13.8,61,22.1,10635167,45.1,0,0.0,0,0.0,310,18.9,16104,18.9
"34017","5","541810","78","0","2000","A","","Hudson County, New Jersey","Private","Advertising agencies","County, NAICS 6-digit -- by ownership sector","All establishment sizes",25,337,34241134,0,0,1953,101530,"",0.84,0.90,1.03,0.00,0.00,1.14,1.14,"",-4,-13.8,61,22.1,10635167,45.1,0,0.0,0,0.0,310,18.9,16104,18.9
"34017","5","54182","77","0","2000","A","","Hudson County, New Jersey","Private","Public relations agencies","County, NAICS 5-digit -- by ownership sector","All establishment sizes",10,62,4035592,0,0,1245,64742,"",0.78,0.63,0.45,0.00,0.00,0.72,0.72,"",0,0.0,2,3.3,-219791,-5.2,0,0.0,0,0.0,-128,-9.3,-6677,-9.3
"34017","5","541820","78","0","2000","A","","Hudson County, New Jersey","Private","Public relations agencies","County, NAICS 6-digit -- by ownership sector","All establishment sizes",10,62,4035592,0,0,1245,64742,"",0.78,0.63,0.45,0.00,0.00,0.72,0.72,"",0,0.0,2,3.3,-219791,-5.2,0,0.0,0,0.0,-128,-9.3,-6677,-9.3
"34017","5","54184","77","0","2000","A","","Hudson County, New Jersey","Private","Media representatives","County, NAICS 5-digit -- by ownership sector","All establishment sizes",7,109,5773806,0,0,1019,52971,"",1.32,1.72,1.08,0.00,0.00,0.63,0.63,"",0,0.0,4,3.8,101525,1.8,0,0.0,0,0.0,-23,-2.2,-1223,-2.3
"34017","5","541840","78","0","2000","A","","Hudson County, New Jersey","Private","Media representatives","County, NAICS 6-digit -- by ownership sector","All establishment sizes",7,109,5773806,0,0,1019,52971,"",1.32,1.72,1.08,0.00,0.00,0.63,0.63,"",0,0.0,4,3.8,101525,1.8,0,0.0,0,0.0,-23,-2.2,-1223,-2.3
"34017","5","54186","77","0","2000","A","","Hudson County, New Jersey","Private","Direct mail advertising","County, NAICS 5-digit -- by ownership sector","All establishment sizes",8,726,30708207,0,0,814,42303,"",1.49,4.53,3.89,0.00,0.00,0.86,0.86,"",-3,-27.3,-40,-5.2,-2480455,-7.5,0,0.0,0,0.0,-19,-2.3,-1010,-2.3
"34017","5","541860","78","0","2000","A","","Hudson County, New Jersey","Private","Direct mail advertising","County, NAICS 6-digit -- by ownership sector","All establishment sizes",8,726,30708207,0,0,814,42303,"",1.49,4.53,3.89,0.00,0.00,0.86,0.86,"",-3,-27.3,-40,-5.2,-2480455,-7.5,0,0.0,0,0.0,-19,-2.3,-1010,-2.3
"34017","5","54189","77","0","2000","A","","Hudson County, New Jersey","Private","Other services related to advertising","County, NAICS 5-digit -- by ownership sector","All establishment sizes",6,11,2356694,0,0,4216,219227,"",0.42,0.10,0.54,0.00,0.00,5.70,5.71,"",-6,-50.0,-1,-8.3,471329,25.0,0,0.0,0,0.0,1276,43.4,66360,43.4
"34017","5","541890","78","0","2000","A","","Hudson County, New Jersey","Private","Other services related to advertising","County, NAICS 6-digit -- by ownership sector","All establishment sizes",6,11,2356694,0,0,4216,219227,"",0.42,0.10,0.54,0.00,0.00,5.70,5.71,"",-6,-50.0,-1,-8.3,471329,25.0,0,0.0,0,0.0,1276,43.4,66360,43.4
"34017","5","5419","76","0","2000","A","","Hudson County, New Jersey","Private","Other professional and technical services","County, NAICS 4-digit -- by ownership sector","All establishment sizes",44,1342,97324074,0,0,1395,72535,"",0.52,1.57,3.10,0.00,0.00,1.97,1.97,"",-9,-17.0,9,0.7,28205206,40.8,0,0.0,0,0.0,398,39.9,20686,39.9
"34017","5","54191","77","0","2000","A","","Hudson County, New Jersey","Private","Marketing research and public opinion polling","County, NAICS 5-digit -- by ownership sector","All establishment sizes",10,1103,90658442,0,0,1580,82168,"",1.18,5.05,8.43,0.00,0.00,1.67,1.67,"",0,0.0,10,0.9,28403117,45.6,0,0.0,0,0.0,485,44.3,25210,44.3
"34017","5","541910","78","0","2000","A","","Hudson County, New Jersey","Private","Marketing research and public opinion polling","County, NAICS 6-digit -- by ownership sector","All establishment sizes",10,1103,90658442,0,0,1580,82168,"",1.18,5.05,8.43,0.00,0.00,1.67,1.67,"",0,0.0,10,0.9,28403117,45.6,0,0.0,0,0.0,485,44.3,25210,44.3
"34017","5","54192","77","0","2000","A","","Hudson County, New Jersey","Private","Photographic services","County, NAICS 5-digit -- by ownership sector","All establishment sizes",14,52,1154658,0,0,424,22028,"",0.52,0.34,0.26,0.00,0.00,0.75,0.75,"",-1,-6.7,-10,-16.1,-190736,-14.2,0,0.0,0,0.0,6,1.4,270,1.2
"34017","5","54194","77","0","2000","A","","Hudson County, New Jersey","Private","Veterinary services","County, NAICS 5-digit -- by ownership sector","All establishment sizes",12,171,5041764,0,0,568,29527,"",0.31,0.42,0.41,0.00,0.00,0.99,0.99,"",-1,-7.7,12,7.5,460277,10.0,0,0.0,0,0.0,13,2.3,682,2.4
"34017","5","541940","78","0","2000","A","","Hudson County, New Jersey","Private","Veterinary services","County, NAICS 6-digit -- by ownership sector","All establishment sizes",12,171,5041764,0,0,568,29527,"",0.31,0.42,0.41,0.00,0.00,0.99,0.99,"",-1,-7.7,12,7.5,460277,10.0,0,0.0,0,0.0,13,2.3,682,2.4
"34017","5","55","74","0","2000","A","","Hudson County, New Jersey","Private","Management of companies and enterprises","County, NAICS Sector -- by ownership sector","All establishment sizes",40,2752,177828124,0,0,1243,64618,"",0.67,0.84,0.58,0.00,0.00,0.69,0.69,"",0,0.0,112,4.2,4212774,2.4,0,0.0,0,0.0,-22,-1.7,-1158,-1.8
"34017","5","551","75","0","2000","A","","Hudson County, New Jersey","Private","Management of companies and enterprises","County, NAICS 3-digit -- by ownership sector","All establishment sizes",40,2752,177828124,0,0,1243,64618,"",0.67,0.84,0.58,0.00,0.00,0.69,0.69,"",0,0.0,112,4.2,4212774,2.4,0,0.0,0,0.0,-22,-1.7,-1158,-1.8
"34017","5","5511","76","0","2000","A","","Hudson County, New Jersey","Private","Management of companies and enterprises","County, NAICS 4-digit -- by ownership sector","All establishment sizes",40,2752,177828124,0,0,1243,64618,"",0.67,0.84,0.58,0.00,0.00,0.69,0.69,"",0,0.0,112,4.2,4212774,2.4,0,0.0,0,0.0,-22,-1.7,-1158,-1.8
"34017","5","55111","77","0","2000","A","","Hudson County, New Jersey","Private","Management of companies and enterprises","County, NAICS 5-digit -- by ownership sector","All establishment sizes",40,2752,177828124,0,0,1243,64618,"",0.67,0.84,0.58,0.00,0.00,0.69,0.69,"",0,0.0,112,4.2,4212774,2.4,0,0.0,0,0.0,-22,-1.7,-1158,-1.8
"34017","5","551112","78","0","2000","A","","Hudson County, New Jersey","Private","Offices of other holding companies","County, NAICS 6-digit -- by ownership sector","All establishment sizes",9,230,23491917,0,0,1968,102361,"",0.53,1.48,0.88,0.00,0.00,0.60,0.60,"",0,0.0,56,32.2,5904301,33.6,0,0.0,0,0.0,27,1.4,1428,1.4
"34017","5","551114","78","0","2000","A","","Hudson County, New Jersey","Private","Managing offices","County, NAICS 6-digit -- by ownership sector","All establishment sizes",31,2523,154336207,0,0,1177,61184,"",0.75,0.81,0.56,0.00,0.00,0.69,0.69,"",0,0.0,58,2.4,-1691527,-1.1,0,0.0,0,0.0,-40,-3.3,-2107,-3.3
"34017","5","56","74","0","2000","A","","Hudson County, New Jersey","Private","Administrative and waste services","County, NAICS Sector -- by ownership sector","All establishment sizes",552,13532,323625660,0,0,460,23915,"",0.90,0.91,0.71,0.00,0.00,0.77,0.77,"",-73,-11.7,1234,10.0,51864456,19.1,0,0.0,0,0.0,35,8.2,1817,8.2
"34017","5","561","75","0","2000","A","","Hudson County, New Jersey","Private","Administrative and support services","County, NAICS 3-digit -- by ownership sector","All establishment sizes",495,12860,293535402,0,0,439,22825,"",0.86,0.90,0.68,0.00,0.00,0.76,0.76,"",-66,-11.8,1282,11.1,50208310,20.6,0,0.0,0,0.0,35,8.7,1809,8.6
"34017","5","5613","76","0","2000","A","","Hudson County, New Jersey","Private","Employment services","County, NAICS 4-digit -- by ownership sector","All establishment sizes",78,6107,115649164,0,0,364,18937,"",0.88,0.88,0.61,0.00,0.00,0.70,0.70,"",-5,-6.0,1169,23.7,14905935,14.8,0,0.0,0,0.0,-28,-7.1,-1465,-7.2
"34017","5","56131","77","0","2000","A","","Hudson County, New Jersey","Private","Employment placement and executive search","County, NAICS 5-digit -- by ownership sector","All establishment sizes",16,740,9758740,0,0,254,13190,"",0.89,1.22,0.46,0.00,0.00,0.38,0.38,"",-1,-5.9,308,71.3,-3102593,-24.1,0,0.0,0,0.0,-319,-55.7,-16593,-55.7
"34017","5","561310","78","0","2000","A","","Hudson County, New Jersey","Private","Employment placement agencies","County, NAICS 6-digit -- by ownership sector","All establishment sizes",16,740,9758740,0,0,254,13190,"",0.89,1.22,0.46,0.00,0.00,0.38,0.38,"",-1,-5.9,308,71.3,-3102593,-24.1,0,0.0,0,0.0,-319,-55.7,-16593,-55.7
"34017","5","56132","77","0","2000","A","","Hudson County, New Jersey","Private","Temporary help services","County, NAICS 5-digit -- by ownership sector","All establishment sizes",47,3997,62783582,0,0,302,15707,"",0.87,0.81,0.51,0.00,0.00,0.63,0.63,"",-3,-6.0,922,30.0,17630068,39.0,0,0.0,0,0.0,20,7.1,1023,7.0
"34017","5","561320","78","0","2000","A","","Hudson County, New Jersey","Private","Temporary help services","County, NAICS 6-digit -- by ownership sector","All establishment sizes",47,3997,62783582,0,0,302,15707,"",0.87,0.81,0.51,0.00,0.00,0.63,0.63,"",-3,-6.0,922,30.0,17630068,39.0,0,0.0,0,0.0,20,7.1,1023,7.0
"34017","5","56133","77","0","2000","A","","Hudson County, New Jersey","Private","Professional employer organizations","County, NAICS 5-digit -- by ownership sector","All establishment sizes",14,1370,43106842,0,0,605,31469,"",0.83,0.98,0.97,0.00,0.00,0.99,0.99,"",-2,-12.5,-61,-4.3,378460,0.9,0,0.0,0,0.0,31,5.4,1610,5.4
"34017","5","561330","78","0","2000","A","","Hudson County, New Jersey","Private","Professional employer organizations","County, NAICS 6-digit -- by ownership sector","All establishment sizes",14,1370,43106842,0,0,605,31469,"",0.83,0.98,0.97,0.00,0.00,0.99,0.99,"",-2,-12.5,-61,-4.3,378460,0.9,0,0.0,0,0.0,31,5.4,1610,5.4
"34017","5","5614","76","0","2000","A","","Hudson County, New Jersey","Private","Business support services","County, NAICS 4-digit -- by ownership sector","All establishment sizes",62,662,20767318,0,0,604,31394,"",0.99,0.47,0.43,0.00,0.00,0.90,0.90,"",-10,-13.9,90,15.7,3096668,17.5,0,0.0,0,0.0,10,1.7,524,1.7
"34017","5","56142","77","0","2000","A","","Hudson County, New Jersey","Private","Telephone call centers","County, NAICS 5-digit -- by ownership sector","All establishment sizes",15,238,4609793,0,0,372,19342,"",1.38,0.33,0.22,0.00,0.00,0.67,0.67,"",-2,-11.8,17,7.7,643300,16.2,0,0.0,0,0.0,26,7.5,1353,7.5
"34017","5","56143","77","0","2000","A","","Hudson County, New Jersey","Private","Business service centers","County, NAICS 5-digit -- by ownership sector","All establishment sizes",13,138,2351002,0,0,327,17026,"",0.90,0.84,0.41,0.00,0.00,0.48,0.48,"",-3,-18.8,57,70.4,715862,43.8,0,0.0,0,0.0,-60,-15.5,-3119,-15.5
"34017","5","56149","77","0","2000","A","","Hudson County, New Jersey","Private","Other business support services","County, NAICS 5-digit -- by ownership sector","All establishment sizes",20,103,3839012,0,0,720,37423,"",1.33,0.66,0.53,0.00,0.00,0.81,0.81,"",-3,-13.0,11,12.0,409316,11.9,0,0.0,0,0.0,4,0.6,211,0.6
"34017","5","561499","78","0","2000","A","","Hudson County, New Jersey","Private","All other business support services","County, NAICS 6-digit -- by ownership sector","All establishment sizes",19,103,3839012,0,0,720,37423,"",2.15,0.88,0.70,0.00,0.00,0.79,0.79,"",-2,-9.5,11,12.0,409316,11.9,0,0.0,0,0.0,4,0.6,211,0.6
"34017","5","5615","76","0","2000","A","","Hudson County, New Jersey","Private","Travel arrangement and reservation services","County, NAICS 4-digit -- by ownership sector","All establishment sizes",108,721,34848188,0,0,930,48339,"",2.05,1.33,1.56,0.00,0.00,1.18,1.18,"",-11,-9.2,227,46.0,21649106,164.0,0,0.0,0,0.0,416,80.9,21634,81.0
"34017","5","56151","77","0","2000","A","","Hudson County, New Jersey","Private","Travel agencies","County, NAICS 5-digit -- by ownership sector","All establishment sizes",87,559,29981801,0,0,1032,53683,"",2.20,1.82,2.32,0.00,0.00,1.27,1.28,"",-8,-8.4,230,69.9,21683522,261.3,0,0.0,0,0.0,547,112.8,28479,113.0
"34017","5","561510","78","0","2000","A","","Hudson County, New Jersey","Private","Travel agencies","County, NAICS 6-digit -- by ownership sector","All establishment sizes",87,559,29981801,0,0,1032,53683,"",2.20,1.82,2.32,0.00,0.00,1.27,1.28,"",-8,-8.4,230,69.9,21683522,261.3,0,0.0,0,0.0,547,112.8,28479,113.0
"34017","5","5616","76","0","2000","A","","Hudson County, New Jersey","Private","Investigation and security services","County, NAICS 4-digit -- by ownership sector","All establishment sizes",46,1049,16670233,0,0,306,15898,"",1.20,0.82,0.48,0.00,0.00,0.58,0.58,"",-8,-14.8,150,16.7,2708733,19.4,0,0.0,0,0.0,7,2.3,367,2.4
"34017","5","56161","77","0","2000","A","","Hudson County, New Jersey","Private","Security and armored car services","County, NAICS 5-digit -- by ownership sector","All establishment sizes",35,752,11222941,0,0,287,14916,"",1.49,0.69,0.42,0.00,0.00,0.61,0.61,"",-8,-18.6,103,15.9,1695328,17.8,0,0.0,0,0.0,5,1.8,237,1.6
"34017","5","56162","77","0","2000","A","","Hudson County, New Jersey","Private","Security systems services","County, NAICS 5-digit -- by ownership sector","All establishment sizes",11,296,5447292,0,0,354,18393,"",0.74,1.59,0.67,0.00,0.00,0.42,0.42,"",0,0.0,46,18.4,1013405,22.9,0,0.0,0,0.0,13,3.8,646,3.6
"34017","5","5617","76","0","2000","A","","Hudson County, New Jersey","Private","Services to buildings and dwellings","County, NAICS 4-digit -- by ownership sector","All establishment sizes",133,3166,62435017,0,0,379,19719,"",0.52,1.08,0.89,0.00,0.00,0.82,0.82,"",-17,-11.3,17,0.5,3068736,5.2,0,0.0,0,0.0,17,4.7,869,4.6
"34017","5","56171","77","0","2000","A","","Hudson County, New Jersey","Private","Exterminating and pest control services","County, NAICS 5-digit -- by ownership sector","All establishment sizes",18,61,1502820,0,0,474,24670,"",1.04,0.38,0.25,0.00,0.00,0.66,0.66,"",0,0.0,-1,-1.6,94338,6.7,0,0.0,0,0.0,37,8.5,1953,8.6
"34017","5","561710","78","0","2000","A","","Hudson County, New Jersey","Private","Exterminating and pest control services","County, NAICS 6-digit -- by ownership sector","All establishment sizes",18,61,1502820,0,0,474,24670,"",1.04,0.38,0.25,0.00,0.00,0.66,0.66,"",0,0.0,-1,-1.6,94338,6.7,0,0.0,0,0.0,37,8.5,1953,8.6
"34017","5","56172","77","0","2000","A","","Hudson County, New Jersey","Private","Janitorial services","County, NAICS 5-digit -- by ownership sector","All establishment sizes",85,2909,55812518,0,0,369,19185,"",0.98,1.78,1.81,0.00,0.00,1.02,1.02,"",-9,-9.6,2,0.1,3088888,5.9,0,0.0,0,0.0,20,5.7,1048,5.8
"34017","5","561720","78","0","2000","A","","Hudson County, New Jersey","Private","Janitorial services","County, NAICS 6-digit -- by ownership sector","All establishment sizes",85,2909,55812518,0,0,369,19185,"",0.98,1.78,1.81,0.00,0.00,1.02,1.02,"",-9,-9.6,2,0.1,3088888,5.9,0,0.0,0,0.0,20,5.7,1048,5.8
"34017","5","56173","77","0","2000","A","","Hudson County, New Jersey","Private","Landscaping services","County, NAICS 5-digit -- by ownership sector","All establishment sizes",19,97,1779053,0,0,354,18388,"",0.16,0.11,0.07,0.00,0.00,0.63,0.62,"",-3,-13.6,-3,-3.0,-383024,-17.7,0,0.0,0,0.0,-64,-15.3,-3341,-15.4
"34017","5","561730","78","0","2000","A","","Hudson County, New Jersey","Private","Landscaping services","County, NAICS 6-digit -- by ownership sector","All establishment sizes",19,97,1779053,0,0,354,18388,"",0.16,0.11,0.07,0.00,0.00,0.63,0.62,"",-3,-13.6,-3,-3.0,-383024,-17.7,0,0.0,0,0.0,-64,-15.3,-3341,-15.4
"34017","5","56174","77","0","2000","A","","Hudson County, New Jersey","Private","Carpet and upholstery cleaning services","County, NAICS 5-digit -- by ownership sector","All establishment sizes",4,26,468065,0,0,341,17719,"",0.28,0.31,0.20,0.00,0.00,0.63,0.63,"",-2,-33.3,-3,-10.3,32681,7.5,0,0.0,0,0.0,52,18.0,2706,18.0
"34017","5","561740","78","0","2000","A","","Hudson County, New Jersey","Private","Carpet and upholstery cleaning services","County, NAICS 6-digit -- by ownership sector","All establishment sizes",4,26,468065,0,0,341,17719,"",0.28,0.31,0.20,0.00,0.00,0.63,0.63,"",-2,-33.3,-3,-10.3,32681,7.5,0,0.0,0,0.0,52,18.0,2706,18.0
"34017","5","56179","77","0","2000","A","","Hudson County, New Jersey","Private","Other services to buildings and dwellings","County, NAICS 5-digit -- by ownership sector","All establishment sizes",7,73,2872561,0,0,758,39440,"",0.42,0.59,0.72,0.00,0.00,1.22,1.22,"",-4,-36.4,21,40.4,235853,8.9,0,0.0,0,0.0,-219,-22.4,-11347,-22.3
"34017","5","561790","78","0","2000","A","","Hudson County, New Jersey","Private","Other services to buildings and dwellings","County, NAICS 6-digit -- by ownership sector","All establishment sizes",7,73,2872561,0,0,758,39440,"",0.42,0.59,0.72,0.00,0.00,1.22,1.22,"",-4,-36.4,21,40.4,235853,8.9,0,0.0,0,0.0,-219,-22.4,-11347,-22.3
"34017","5","5619","76","0","2000","A","","Hudson County, New Jersey","Private","Other support services","County, NAICS 4-digit -- by ownership sector","All establishment sizes",33,697,22442125,0,0,619,32179,"",0.92,1.35,1.07,0.00,0.00,0.80,0.79,"",-4,-10.8,-395,-36.2,270407,1.2,0,0.0,0,0.0,228,58.3,11872,58.5
"34017","5","56191","77","0","2000","A","","Hudson County, New Jersey","Private","Packaging and labeling services","County, NAICS 5-digit -- by ownership sector","All establishment sizes",16,445,11900187,0,0,514,26732,"",4.06,4.26,3.36,0.00,0.00,0.79,0.79,"",-3,-15.8,-376,-45.8,-1946434,-14.1,0,0.0,0,0.0,190,58.6,9868,58.5
"34017","5","561910","78","0","2000","A","","Hudson County, New Jersey","Private","Packaging and labeling services","County, NAICS 6-digit -- by ownership sector","All establishment sizes",16,445,11900187,0,0,514,26732,"",4.06,4.26,3.36,0.00,0.00,0.79,0.79,"",-3,-15.8,-376,-45.8,-1946434,-14.1,0,0.0,0,0.0,190,58.6,9868,58.5
"34017","5","56192","77","0","2000","A","","Hudson County, New Jersey","Private","Convention and trade show organizers","County, NAICS 5-digit -- by ownership sector","All establishment sizes",8,214,8303495,0,0,745,38756,"",1.21,2.25,1.78,0.00,0.00,0.79,0.79,"",-1,-11.1,-6,-2.7,2139387,34.7,0,0.0,0,0.0,205,38.0,10684,38.1
"34017","5","561920","78","0","2000","A","","Hudson County, New Jersey","Private","Convention and trade show organizers","County, NAICS 6-digit -- by ownership sector","All establishment sizes",8,214,8303495,0,0,745,38756,"",1.21,2.25,1.78,0.00,0.00,0.79,0.79,"",-1,-11.1,-6,-2.7,2139387,34.7,0,0.0,0,0.0,205,38.0,10684,38.1
"34017","5","56199","77","0","2000","A","","Hudson County, New Jersey","Private","All other support services","County, NAICS 5-digit -- by ownership sector","All establishment sizes",9,38,2238443,0,0,1133,58906,"",0.36,0.12,0.18,0.00,0.00,1.47,1.47,"",0,0.0,-13,-25.5,77454,3.6,0,0.0,0,0.0,321,39.5,16672,39.5
"34017","5","561990","78","0","2000","A","","Hudson County, New Jersey","Private","All other support services","County, NAICS 6-digit -- by ownership sector","All establishment sizes",9,38,2238443,0,0,1133,58906,"",0.36,0.12,0.18,0.00,0.00,1.47,1.47,"",0,0.0,-13,-25.5,77454,3.6,0,0.0,0,0.0,321,39.5,16672,39.5
"34017","5","562","75","0","2000","A","","Hudson County, New Jersey","Private","Waste management and remediation services","County, NAICS 3-digit -- by ownership sector","All establishment sizes",57,672,30090258,0,0,861,44755,"",1.80,1.16,0.99,0.00,0.00,0.85,0.85,"",-7,-10.9,-48,-6.7,1656146,5.8,0,0.0,0,0.0,101,13.3,5249,13.3
"34017","5","5621","76","0","2000","A","","Hudson County, New Jersey","Private","Waste collection","County, NAICS 4-digit -- by ownership sector","All establishment sizes",43,495,22822415,0,0,887,46106,"",3.63,2.76,2.75,0.00,0.00,0.99,1.00,"",-5,-10.4,-68,-12.1,237448,1.1,0,0.0,0,0.0,115,14.9,5961,14.8
"34017","5","56211","77","0","2000","A","","Hudson County, New Jersey","Private","Waste collection","County, NAICS 5-digit -- by ownership sector","All establishment sizes",43,495,22822415,0,0,887,46106,"",3.63,2.76,2.75,0.00,0.00,0.99,1.00,"",-5,-10.4,-68,-12.1,237448,1.1,0,0.0,0,0.0,115,14.9,5961,14.8
"34017","5","562111","78","0","2000","A","","Hudson County, New Jersey","Private","Solid waste collection","County, NAICS 6-digit -- by ownership sector","All establishment sizes",36,413,17861344,0,0,831,43213,"",4.10,2.85,2.66,0.00,0.00,0.93,0.93,"",-4,-10.0,-50,-10.8,311074,1.8,0,0.0,0,0.0,103,14.1,5335,14.1
"34017","5","56291","77","0","2000","A","","Hudson County, New Jersey","Private","Remediation services","County, NAICS 5-digit -- by ownership sector","All establishment sizes",7,67,3764932,0,0,1082,56263,"",1.10,0.59,0.61,0.00,0.00,1.04,1.04,"",0,0.0,20,42.6,1237239,48.9,0,0.0,0,0.0,44,4.2,2291,4.2
"34017","5","562910","78","0","2000","A","","Hudson County, New Jersey","Private","Remediation services","County, NAICS 6-digit -- by ownership sector","All establishment sizes",7,67,3764932,0,0,1082,56263,"",1.10,0.59,0.61,0.00,0.00,1.04,1.04,"",0,0.0,20,42.6,1237239,48.9,0,0.0,0,0.0,44,4.2,2291,4.2
"34017","5","61","74","0","2000","A","","Hudson County, New Jersey","Private","Educational services","County, NAICS Sector -- by ownership sector","All establishment sizes",87,2149,76553702,0,0,685,35620,"",0.86,0.65,0.56,0.00,0.00,0.86,0.86,"",-7,-7.4,242,12.7,9401243,14.0,0,0.0,0,0.0,8,1.2,399,1.1
"34017","5","611","75","0","2000","A","","Hudson County, New Jersey","Private","Educational services","County, NAICS 3-digit -- by ownership sector","All establishment sizes",87,2149,76553702,0,0,685,35620,"",0.86,0.65,0.56,0.00,0.00,0.86,0.86,"",-7,-7.4,242,12.7,9401243,14.0,0,0.0,0,0.0,8,1.2,399,1.1
"34017","5","6111","76","0","2000","A","","Hudson County, New Jersey","Private","Elementary and secondary schools","County, NAICS 4-digit -- by ownership sector","All establishment sizes",19,447,12464912,0,0,537,27907,"",0.94,0.49,0.42,0.00,0.00,0.85,0.85,"",1,5.6,105,30.7,3603013,40.7,0,0.0,0,0.0,39,7.8,2014,7.8
"34017","5","61111","77","0","2000","A","","Hudson County, New Jersey","Private","Elementary and secondary schools","County, NAICS 5-digit -- by ownership sector","All establishment sizes",19,447,12464912,0,0,537,27907,"",0.94,0.49,0.42,0.00,0.00,0.85,0.85,"",1,5.6,105,30.7,3603013,40.7,0,0.0,0,0.0,39,7.8,2014,7.8
"34017","5","611110","78","0","2000","A","","Hudson County, New Jersey","Private","Elementary and secondary schools","County, NAICS 6-digit -- by ownership sector","All establishment sizes",19,447,12464912,0,0,537,27907,"",0.94,0.49,0.42,0.00,0.00,0.85,0.85,"",1,5.6,105,30.7,3603013,40.7,0,0.0,0,0.0,39,7.8,2014,7.8
"34017","5","6115","76","0","2000","A","","Hudson County, New Jersey","Private","Technical and trade schools","County, NAICS 4-digit -- by ownership sector","All establishment sizes",10,48,2162076,0,0,875,45517,"",0.85,0.29,0.32,0.00,0.00,1.10,1.11,"",-2,-16.7,-19,-28.4,-834452,-27.8,0,0.0,0,0.0,15,1.7,793,1.8
"34017","5","61151","77","0","2000","A","","Hudson County, New Jersey","Private","Technical and trade schools","County, NAICS 5-digit -- by ownership sector","All establishment sizes",10,48,2162076,0,0,875,45517,"",0.85,0.29,0.32,0.00,0.00,1.10,1.11,"",-2,-16.7,-19,-28.4,-834452,-27.8,0,0.0,0,0.0,15,1.7,793,1.8
"34017","5","6116","76","0","2000","A","","Hudson County, New Jersey","Private","Other schools and instruction","County, NAICS 4-digit -- by ownership sector","All establishment sizes",43,167,2875152,0,0,331,17199,"",1.08,0.49,0.38,0.00,0.00,0.78,0.78,"",-4,-8.5,15,9.9,349019,13.8,0,0.0,0,0.0,11,3.4,534,3.2
"34017","5","61161","77","0","2000","A","","Hudson County, New Jersey","Private","Fine arts schools","County, NAICS 5-digit -- by ownership sector","All establishment sizes",12,38,556318,0,0,279,14513,"",0.98,0.42,0.32,0.00,0.00,0.75,0.75,"",-1,-7.7,1,2.7,-27318,-4.7,0,0.0,0,0.0,-28,-9.1,-1441,-9.0
"34017","5","611610","78","0","2000","A","","Hudson County, New Jersey","Private","Fine arts schools","County, NAICS 6-digit -- by ownership sector","All establishment sizes",12,38,556318,0,0,279,14513,"",0.98,0.42,0.32,0.00,0.00,0.75,0.75,"",-1,-7.7,1,2.7,-27318,-4.7,0,0.0,0,0.0,-28,-9.1,-1441,-9.0
"34017","5","61162","77","0","2000","A","","Hudson County, New Jersey","Private","Sports and recreation instruction","County, NAICS 5-digit -- by ownership sector","All establishment sizes",12,35,880869,0,0,489,25410,"",1.07,0.45,0.64,0.00,0.00,1.44,1.44,"",-2,-14.3,-3,-7.9,77206,9.6,0,0.0,0,0.0,86,21.3,4445,21.2
"34017","5","611620","78","0","2000","A","","Hudson County, New Jersey","Private","Sports and recreation instruction","County, NAICS 6-digit -- by ownership sector","All establishment sizes",12,35,880869,0,0,489,25410,"",1.07,0.45,0.64,0.00,0.00,1.44,1.44,"",-2,-14.3,-3,-7.9,77206,9.6,0,0.0,0,0.0,86,21.3,4445,21.2
"34017","5","61163","77","0","2000","A","","Hudson County, New Jersey","Private","Language schools","County, NAICS 5-digit -- by ownership sector","All establishment sizes",5,55,684989,0,0,241,12549,"",2.82,2.08,1.04,0.00,0.00,0.50,0.50,"",0,0.0,22,66.7,288679,72.8,0,0.0,0,0.0,7,3.0,386,3.2
"34017","5","611630","78","0","2000","A","","Hudson County, New Jersey","Private","Language schools","County, NAICS 6-digit -- by ownership sector","All establishment sizes",5,55,684989,0,0,241,12549,"",2.82,2.08,1.04,0.00,0.00,0.50,0.50,"",0,0.0,22,66.7,288679,72.8,0,0.0,0,0.0,7,3.0,386,3.2
"34017","5","61169","77","0","2000","A","","Hudson County, New Jersey","Private","All other schools and instruction","County, NAICS 5-digit -- by ownership sector","All establishment sizes",14,40,752976,0,0,366,19023,"",0.97,0.28,0.20,0.00,0.00,0.74,0.74,"",-1,-6.7,-4,-9.1,10452,1.4,0,0.0,0,0.0,42,13.0,2179,12.9
"34017","5","611692","78","0","2000","A","","Hudson County, New Jersey","Private","Automobile driving schools","County, NAICS 6-digit -- by ownership sector","All establishment sizes",9,32,590137,0,0,357,18538,"",3.03,1.53,1.35,0.00,0.00,0.89,0.89,"",1,12.5,2,6.7,114585,24.1,0,0.0,0,0.0,51,16.7,2642,16.6
"34017","5","62","74","0","2000","A","","Hudson County, New Jersey","Private","Health care and social assistance","County, NAICS Sector -- by ownership sector","All establishment sizes",1121,19795,652789600,0,0,634,32977,"",1.16,0.86,0.67,0.00,0.00,0.78,0.78,"",-62,-5.2,341,1.8,19217505,3.0,0,0.0,0,0.0,8,1.3,410,1.3
"34017","5","621","75","0","2000","A","","Hudson County, New Jersey","Private","Ambulatory health care services","County, NAICS 3-digit -- by ownership sector","All establishment sizes",895,6640,243859082,0,0,706,36727,"",1.30,0.84,0.55,0.00,0.00,0.66,0.66,"",-56,-5.9,-76,-1.1,8671784,3.7,0,0.0,0,0.0,33,4.9,1707,4.9
"34017","5","6211","76","0","2000","A","","Hudson County, New Jersey","Private","Offices of physicians","County, NAICS 4-digit -- by ownership sector","All establishment sizes",462,2308,130272359,0,0,1086,56452,"",1.56,0.68,0.50,0.00,0.00,0.73,0.73,"",-19,-4.0,37,1.6,7834982,6.4,0,0.0,0,0.0,49,4.7,2545,4.7
"34017","5","62111","77","0","2000","A","","Hudson County, New Jersey","Private","Offices of physicians","County, NAICS 5-digit -- by ownership sector","All establishment sizes",462,2308,130272359,0,0,1086,56452,"",1.56,0.68,0.50,0.00,0.00,0.73,0.73,"",-19,-4.0,37,1.6,7834982,6.4,0,0.0,0,0.0,49,4.7,2545,4.7
"34017","5","621111","78","0","2000","A","","Hudson County, New Jersey","Private","Offices of physicians, except mental health","County, NAICS 6-digit -- by ownership sector","All establishment sizes",445,2274,128781284,0,0,1089,56624,"",1.57,0.69,0.50,0.00,0.00,0.73,0.73,"",-16,-3.5,42,1.9,8294139,6.9,0,0.0,0,0.0,51,4.9,2652,4.9
"34017","5","621112","78","0","2000","A","","Hudson County, New Jersey","Private","Offices of mental health physicians","County, NAICS 6-digit -- by ownership sector","All establishment sizes",17,33,1491075,0,0,860,44732,"",1.27,0.48,0.33,0.00,0.00,0.69,0.69,"",-3,-15.0,-6,-15.4,-459157,-23.5,0,0.0,0,0.0,-106,-11.0,-5489,-10.9
"34017","5","6212","76","0","2000","A","","Hudson County, New Jersey","Private","Offices of dentists","County, NAICS 4-digit -- by ownership sector","All establishment sizes",217,944,27369770,0,0,557,28986,"",1.23,0.75,0.48,0.00,0.00,0.64,0.64,"",-14,-6.1,-15,-1.6,163868,0.6,0,0.0,0,0.0,12,2.2,624,2.2
"34017","5","62121","77","0","2000","A","","Hudson County, New Jersey","Private","Offices of dentists","County, NAICS 5-digit -- by ownership sector","All establishment sizes",217,944,27369770,0,0,557,28986,"",1.23,0.75,0.48,0.00,0.00,0.64,0.64,"",-14,-6.1,-15,-1.6,163868,0.6,0,0.0,0,0.0,12,2.2,624,2.2
"34017","5","621210","78","0","2000","A","","Hudson County, New Jersey","Private","Offices of dentists","County, NAICS 6-digit -- by ownership sector","All establishment sizes",217,944,27369770,0,0,557,28986,"",1.23,0.75,0.48,0.00,0.00,0.64,0.64,"",-14,-6.1,-15,-1.6,163868,0.6,0,0.0,0,0.0,12,2.2,624,2.2
"34017","5","6213","76","0","2000","A","","Hudson County, New Jersey","Private","Offices of other health practitioners","County, NAICS 4-digit -- by ownership sector","All establishment sizes",136,557,18375688,0,0,635,32995,"",0.96,0.69,0.60,0.00,0.00,0.87,0.87,"",-20,-12.8,-59,-9.6,-3151955,-14.6,0,0.0,0,0.0,-37,-5.5,-1948,-5.6
"34017","5","62131","77","0","2000","A","","Hudson County, New Jersey","Private","Offices of chiropractors","County, NAICS 5-digit -- by ownership sector","All establishment sizes",54,153,6260635,0,0,786,40852,"",1.11,0.88,1.13,0.00,0.00,1.28,1.28,"",-5,-8.5,-23,-13.1,-1338166,-17.6,0,0.0,0,0.0,-47,-5.6,-2446,-5.6
"34017","5","621310","78","0","2000","A","","Hudson County, New Jersey","Private","Offices of chiropractors","County, NAICS 6-digit -- by ownership sector","All establishment sizes",54,153,6260635,0,0,786,40852,"",1.11,0.88,1.13,0.00,0.00,1.28,1.28,"",-5,-8.5,-23,-13.1,-1338166,-17.6,0,0.0,0,0.0,-47,-5.6,-2446,-5.6
"34017","5","62134","77","0","2000","A","","Hudson County, New Jersey","Private","Offices of specialty therapists","County, NAICS 5-digit -- by ownership sector","All establishment sizes",22,200,6727938,0,0,646,33598,"",0.88,0.73,0.59,0.00,0.00,0.81,0.81,"",-4,-15.4,-26,-11.5,-1655772,-19.7,0,0.0,0,0.0,-67,-9.4,-3457,-9.3
"34017","5","621340","78","0","2000","A","","Hudson County, New Jersey","Private","Offices of specialty therapists","County, NAICS 6-digit -- by ownership sector","All establishment sizes",22,200,6727938,0,0,646,33598,"",0.88,0.73,0.59,0.00,0.00,0.81,0.81,"",-4,-15.4,-26,-11.5,-1655772,-19.7,0,0.0,0,0.0,-67,-9.4,-3457,-9.3
"34017","5","62139","77","0","2000","A","","Hudson County, New Jersey","Private","Offices of all other health practitioners","County, NAICS 5-digit -- by ownership sector","All establishment sizes",33,107,2549054,0,0,456,23731,"",1.55,1.06,0.63,0.00,0.00,0.59,0.59,"",-4,-10.8,-10,-8.5,-200260,-7.3,0,0.0,0,0.0,5,1.1,266,1.1
"34017","5","6214","76","0","2000","A","","Hudson County, New Jersey","Private","Outpatient care centers","County, NAICS 4-digit -- by ownership sector","All establishment sizes",28,499,16625327,0,0,640,33289,"",1.14,0.70,0.50,0.00,0.00,0.71,0.71,"",-4,-12.5,-102,-17.0,528689,3.3,0,0.0,0,0.0,125,24.3,6487,24.2
"34017","5","62149","77","0","2000","A","","Hudson County, New Jersey","Private","Other outpatient care centers","County, NAICS 5-digit -- by ownership sector","All establishment sizes",17,276,10239392,0,0,715,37155,"",1.18,0.64,0.44,0.00,0.00,0.69,0.69,"",-1,-5.6,69,33.3,1950567,23.5,0,0.0,0,0.0,-57,-7.4,-2985,-7.4
"34017","5","6215","76","0","2000","A","","Hudson County, New Jersey","Private","Medical and diagnostic laboratories","County, NAICS 4-digit -- by ownership sector","All establishment sizes",29,285,15521297,0,0,1047,54461,"",2.15,0.96,0.91,0.00,0.00,0.95,0.95,"",1,3.6,31,12.2,3253358,26.5,0,0.0,0,0.0,118,12.7,6162,12.8
"34017","5","62151","77","0","2000","A","","Hudson County, New Jersey","Private","Medical and diagnostic laboratories","County, NAICS 5-digit -- by ownership sector","All establishment sizes",29,285,15521297,0,0,1047,54461,"",2.15,0.96,0.91,0.00,0.00,0.95,0.95,"",1,3.6,31,12.2,3253358,26.5,0,0.0,0,0.0,118,12.7,6162,12.8
"34017","5","621511","78","0","2000","A","","Hudson County, New Jersey","Private","Medical laboratories","County, NAICS 6-digit -- by ownership sector","All establishment sizes",15,75,2998760,0,0,770,40028,"",1.96,0.34,0.25,0.00,0.00,0.73,0.73,"",1,7.1,-13,-14.8,-247826,-7.6,0,0.0,0,0.0,59,8.3,3065,8.3
"34017","5","621512","78","0","2000","A","","Hudson County, New Jersey","Private","Diagnostic imaging centers","County, NAICS 6-digit -- by ownership sector","All establishment sizes",15,210,12522537,0,0,1146,59607,"",2.57,2.69,2.45,0.00,0.00,0.91,0.91,"",1,7.1,44,26.5,3501184,38.8,0,0.0,0,0.0,102,9.8,5316,9.8
"34017","5","6216","76","0","2000","A","","Hudson County, New Jersey","Private","Home health care services","County, NAICS 4-digit -- by ownership sector","All establishment sizes",16,1947,32775165,0,0,324,16834,"",0.71,1.68,1.09,0.00,0.00,0.65,0.65,"",-1,-5.9,4,0.2,-889380,-2.6,0,0.0,0,0.0,-9,-2.7,-488,-2.8
"34017","5","62161","77","0","2000","A","","Hudson County, New Jersey","Private","Home health care services","County, NAICS 5-digit -- by ownership sector","All establishment sizes",16,1947,32775165,0,0,324,16834,"",0.71,1.68,1.09,0.00,0.00,0.65,0.65,"",-1,-5.9,4,0.2,-889380,-2.6,0,0.0,0,0.0,-9,-2.7,-488,-2.8
"34017","5","621610","78","0","2000","A","","Hudson County, New Jersey","Private","Home health care services","County, NAICS 6-digit -- by ownership sector","All establishment sizes",16,1947,32775165,0,0,324,16834,"",0.71,1.68,1.09,0.00,0.00,0.65,0.65,"",-1,-5.9,4,0.2,-889380,-2.6,0,0.0,0,0.0,-9,-2.7,-488,-2.8
"34017","5","6219","76","0","2000","A","","Hudson County, New Jersey","Private","Other ambulatory health care services","County, NAICS 4-digit -- by ownership sector","All establishment sizes",7,100,2919476,0,0,563,29292,"",0.59,0.32,0.25,0.00,0.00,0.80,0.80,"N",0,0,0,0,0,0,0,0,0,0,0,0,0,0
"34017","5","622","75","0","2000","A","","Hudson County, New Jersey","Private","Hospitals","County, NAICS 3-digit -- by ownership sector","All establishment sizes",11,7551,292315460,0,0,744,38714,"",1.00,1.05,0.88,0.00,0.00,0.84,0.84,"",-1,-8.3,-160,-2.1,-3407818,-1.2,0,0.0,0,0.0,6,0.8,363,0.9
"34017","5","623","75","0","2000","A","","Hudson County, New Jersey","Private","Nursing and residential care facilities","County, NAICS 3-digit -- by ownership sector","All establishment sizes",41,2854,65711602,0,0,443,23023,"",0.44,0.60,0.51,0.00,0.00,0.85,0.85,"",1,2.5,359,14.4,8195734,14.2,0,0.0,0,0.0,0,0.0,-28,-0.1
"34017","5","6231","76","0","2000","A","","Hudson County, New Jersey","Private","Nursing care facilities","County, NAICS 4-digit -- by ownership sector","All establishment sizes",16,1767,36884993,0,0,401,20874,"",0.62,0.64,0.47,0.00,0.00,0.74,0.75,"",0,0.0,239,15.6,4089684,12.5,0,0.0,0,0.0,-12,-2.9,-589,-2.7
"34017","5","62311","77","0","2000","A","","Hudson County, New Jersey","Private","Nursing care facilities","County, NAICS 5-digit -- by ownership sector","All establishment sizes",16,1767,36884993,0,0,401,20874,"",0.62,0.64,0.47,0.00,0.00,0.74,0.75,"",0,0.0,239,15.6,4089684,12.5,0,0.0,0,0.0,-12,-2.9,-589,-2.7
"34017","5","623110","78","0","2000","A","","Hudson County, New Jersey","Private","Nursing care facilities","County, NAICS 6-digit -- by ownership sector","All establishment sizes",16,1767,36884993,0,0,401,20874,"",0.62,0.64,0.47,0.00,0.00,0.74,0.75,"",0,0.0,239,15.6,4089684,12.5,0,0.0,0,0.0,-12,-2.9,-589,-2.7
"34017","5","6232","76","0","2000","A","","Hudson County, New Jersey","Private","Residential mental health facilities","County, NAICS 4-digit -- by ownership sector","All establishment sizes",8,587,16997506,0,0,557,28957,"",0.26,0.73,0.79,0.00,0.00,1.08,1.08,"",0,0.0,118,25.2,3400283,25.0,0,0.0,0,0.0,0,0.0,-9,0.0
"34017","5","624","75","0","2000","A","","Hudson County, New Jersey","Private","Social assistance","County, NAICS 3-digit -- by ownership sector","All establishment sizes",174,2751,50903456,0,0,356,18507,"",0.98,0.85,0.67,0.00,0.00,0.79,0.79,"",-7,-3.9,219,8.6,5757805,12.8,0,0.0,0,0.0,13,3.8,679,3.8
"34017","5","6241","76","0","2000","A","","Hudson County, New Jersey","Private","Individual and family services","County, NAICS 4-digit -- by ownership sector","All establishment sizes",36,686,14738283,0,0,413,21500,"",0.68,0.55,0.45,0.00,0.00,0.81,0.81,"",-1,-2.7,24,3.6,1039594,7.6,0,0.0,0,0.0,15,3.8,807,3.9
"34017","5","62411","77","0","2000","A","","Hudson County, New Jersey","Private","Child and youth services","County, NAICS 5-digit -- by ownership sector","All establishment sizes",10,109,2502910,0,0,444,23068,"",0.86,0.44,0.35,0.00,0.00,0.80,0.80,"",-1,-9.1,-4,-3.5,-16839,-0.7,0,0.0,0,0.0,16,3.7,802,3.6
"34017","5","624110","78","0","2000","A","","Hudson County, New Jersey","Private","Child and youth services","County, NAICS 6-digit -- by ownership sector","All establishment sizes",10,109,2502910,0,0,444,23068,"",0.86,0.44,0.35,0.00,0.00,0.80,0.80,"",-1,-9.1,-4,-3.5,-16839,-0.7,0,0.0,0,0.0,16,3.7,802,3.6
"34017","5","62412","77","0","2000","A","","Hudson County, New Jersey","Private","Services for the elderly and disabled","County, NAICS 5-digit -- by ownership sector","All establishment sizes",8,142,2538306,0,0,343,17844,"",0.52,0.27,0.22,0.00,0.00,0.80,0.80,"",1,14.3,39,37.9,940207,58.8,0,0.0,0,0.0,45,15.1,2366,15.3
"34017","5","624120","78","0","2000","A","","Hudson County, New Jersey","Private","Services for the elderly and disabled","County, NAICS 6-digit -- by ownership sector","All establishment sizes",8,142,2538306,0,0,343,17844,"",0.52,0.27,0.22,0.00,0.00,0.80,0.80,"",1,14.3,39,37.9,940207,58.8,0,0.0,0,0.0,45,15.1,2366,15.3
"34017","5","62419","77","0","2000","A","","Hudson County, New Jersey","Private","Other individual and family services","County, NAICS 5-digit -- by ownership sector","All establishment sizes",17,435,9697067,0,0,429,22305,"",0.65,0.94,0.69,0.00,0.00,0.74,0.74,"",-2,-10.5,-11,-2.5,116226,1.2,0,0.0,0,0.0,16,3.9,803,3.7
"34017","5","624190","78","0","2000","A","","Hudson County, New Jersey","Private","Other individual and family services","County, NAICS 6-digit -- by ownership sector","All establishment sizes",17,435,9697067,0,0,429,22305,"",0.65,0.94,0.69,0.00,0.00,0.74,0.74,"",-2,-10.5,-11,-2.5,116226,1.2,0,0.0,0,0.0,16,3.9,803,3.7
"34017","5","6242","76","0","2000","A","","Hudson County, New Jersey","Private","Emergency and other relief services","County, NAICS 4-digit -- by ownership sector","All establishment sizes",13,272,4468721,0,0,316,16424,"",1.06,1.25,0.72,0.00,0.00,0.57,0.57,"",0,0.0,-3,-1.1,-280208,-5.9,0,0.0,0,0.0,-16,-4.8,-845,-4.9
"34017","5","62421","77","0","2000","A","","Hudson County, New Jersey","Private","Community food services","County, NAICS 5-digit -- by ownership sector","All establishment sizes",5,190,2584462,0,0,262,13638,"",1.22,3.45,2.01,0.00,0.00,0.58,0.58,"",0,0.0,7,3.8,-55287,-2.1,0,0.0,0,0.0,-16,-5.8,-793,-5.5
"34017","5","624210","78","0","2000","A","","Hudson County, New Jersey","Private","Community food services","County, NAICS 6-digit -- by ownership sector","All establishment sizes",5,190,2584462,0,0,262,13638,"",1.22,3.45,2.01,0.00,0.00,0.58,0.58,"",0,0.0,7,3.8,-55287,-2.1,0,0.0,0,0.0,-16,-5.8,-793,-5.5
"34017","5","6243","76","0","2000","A","","Hudson County, New Jersey","Private","Vocational rehabilitation services","County, NAICS 4-digit -- by ownership sector","All establishment sizes",6,236,4672890,0,0,380,19779,"",0.40,0.43,0.34,0.00,0.00,0.78,0.78,"",0,0.0,16,7.3,285494,6.5,0,0.0,0,0.0,-3,-0.8,-149,-0.7
"34017","5","62431","77","0","2000","A","","Hudson County, New Jersey","Private","Vocational rehabilitation services","County, NAICS 5-digit -- by ownership sector","All establishment sizes",6,236,4672890,0,0,380,19779,"",0.40,0.43,0.34,0.00,0.00,0.78,0.78,"",0,0.0,16,7.3,285494,6.5,0,0.0,0,0.0,-3,-0.8,-149,-0.7
"34017","5","624310","78","0","2000","A","","Hudson County, New Jersey","Private","Vocational rehabilitation services","County, NAICS 6-digit -- by ownership sector","All establishment sizes",6,236,4672890,0,0,380,19779,"",0.40,0.43,0.34,0.00,0.00,0.78,0.78,"",0,0.0,16,7.3,285494,6.5,0,0.0,0,0.0,-3,-0.8,-149,-0.7
"34017","5","6244","76","0","2000","A","","Hudson County, New Jersey","Private","Child day care services","County, NAICS 4-digit -- by ownership sector","All establishment sizes",120,1557,27023562,0,0,334,17360,"",1.24,1.26,1.17,0.00,0.00,0.93,0.93,"",-5,-4.0,182,13.2,4712925,21.1,0,0.0,0,0.0,22,7.1,1135,7.0
"34017","5","62441","77","0","2000","A","","Hudson County, New Jersey","Private","Child day care services","County, NAICS 5-digit -- by ownership sector","All establishment sizes",120,1557,27023562,0,0,334,17360,"",1.24,1.26,1.17,0.00,0.00,0.93,0.93,"",-5,-4.0,182,13.2,4712925,21.1,0,0.0,0,0.0,22,7.1,1135,7.0
"34017","5","624410","78","0","2000","A","","Hudson County, New Jersey","Private","Child day care services","County, NAICS 6-digit -- by ownership sector","All establishment sizes",120,1557,27023562,0,0,334,17360,"",1.24,1.26,1.17,0.00,0.00,0.93,0.93,"",-5,-4.0,182,13.2,4712925,21.1,0,0.0,0,0.0,22,7.1,1135,7.0
"34017","5","71","74","0","2000","A","","Hudson County, New Jersey","Private","Arts, entertainment, and recreation","County, NAICS Sector -- by ownership sector","All establishment sizes",89,817,21649403,0,0,509,26485,"",0.54,0.24,0.19,0.00,0.00,0.80,0.80,"",-4,-4.3,31,3.9,2873509,15.3,0,0.0,0,0.0,50,10.9,2595,10.9
"34017","5","7111","76","0","2000","A","","Hudson County, New Jersey","Private","Performing arts companies","County, NAICS 4-digit -- by ownership sector","All establishment sizes",18,35,2154293,0,0,1189,61846,"",1.05,0.15,0.24,0.00,0.00,1.60,1.60,"",-2,-10.0,-6,-14.6,-53853,-2.4,0,0.0,0,0.0,164,16.0,8531,16.0
"34017","5","7115","76","0","2000","A","","Hudson County, New Jersey","Private","Independent artists, writers, and performers","County, NAICS 4-digit -- by ownership sector","All establishment sizes",18,49,1370614,0,0,534,27783,"",0.83,0.72,0.16,0.00,0.00,0.23,0.23,"",0,0.0,2,4.3,211059,18.2,0,0.0,0,0.0,61,12.9,3199,13.0
"34017","5","71151","77","0","2000","A","","Hudson County, New Jersey","Private","Independent artists, writers, and performers","County, NAICS 5-digit -- by ownership sector","All establishment sizes",18,49,1370614,0,0,534,27783,"",0.83,0.72,0.16,0.00,0.00,0.23,0.23,"",0,0.0,2,4.3,211059,18.2,0,0.0,0,0.0,61,12.9,3199,13.0
"34017","5","711510","78","0","2000","A","","Hudson County, New Jersey","Private","Independent artists, writers, and performers","County, NAICS 6-digit -- by ownership sector","All establishment sizes",18,49,1370614,0,0,534,27783,"",0.83,0.72,0.16,0.00,0.00,0.23,0.23,"",0,0.0,2,4.3,211059,18.2,0,0.0,0,0.0,61,12.9,3199,13.0
"34017","5","713","75","0","2000","A","","Hudson County, New Jersey","Private","Amusements, gambling, and recreation","County, NAICS 3-digit -- by ownership sector","All establishment sizes",42,376,6787474,0,0,347,18068,"",0.43,0.15,0.12,0.00,0.00,0.79,0.79,"",-2,-4.5,35,10.3,1430264,26.7,0,0.0,0,0.0,44,14.5,2335,14.8
"34017","5","71393","77","0","2000","A","","Hudson County, New Jersey","Private","Marinas","County, NAICS 5-digit -- by ownership sector","All establishment sizes",6,92,2271523,0,0,477,24825,"",0.96,1.82,1.38,0.00,0.00,0.76,0.76,"",0,0.0,13,16.5,629380,38.3,0,0.0,0,0.0,76,19.0,3950,18.9
"34017","5","713930","78","0","2000","A","","Hudson County, New Jersey","Private","Marinas","County, NAICS 6-digit -- by ownership sector","All establishment sizes",6,92,2271523,0,0,477,24825,"",0.96,1.82,1.38,0.00,0.00,0.76,0.76,"",0,0.0,13,16.5,629380,38.3,0,0.0,0,0.0,76,19.0,3950,18.9
"34017","5","71394","77","0","2000","A","","Hudson County, New Jersey","Private","Fitness and recreational sports centers","County, NAICS 5-digit -- by ownership sector","All establishment sizes",26,216,3343728,0,0,298,15474,"",0.73,0.27,0.23,0.00,0.00,0.84,0.84,"",1,4.0,43,24.9,1054896,46.1,0,0.0,0,0.0,43,16.9,2225,16.8
"34017","5","713940","78","0","2000","A","","Hudson County, New Jersey","Private","Fitness and recreational sports centers","County, NAICS 6-digit -- by ownership sector","All establishment sizes",26,216,3343728,0,0,298,15474,"",0.73,0.27,0.23,0.00,0.00,0.84,0.84,"",1,4.0,43,24.9,1054896,46.1,0,0.0,0,0.0,43,16.9,2225,16.8
"34017","5","72","74","0","2000","A","","Hudson County, New Jersey","Private","Accommodation and food services","County, NAICS Sector -- by ownership sector","All establishment sizes",1035,10167,160375059,0,0,303,15774,"",1.24,0.55,0.48,0.00,0.00,0.88,0.88,"",-131,-11.2,248,2.5,12100454,8.2,0,0.0,0,0.0,16,5.6,826,5.5
"34017","5","721","75","0","2000","A","","Hudson County, New Jersey","Private","Accommodation","County, NAICS 3-digit -- by ownership sector","All establishment sizes",48,1077,25709130,0,0,459,23882,"",0.51,0.31,0.28,0.00,0.00,0.89,0.89,"",-2,-4.0,10,0.9,3542317,16.0,0,0.0,0,0.0,59,14.8,3105,14.9
"34017","5","7211","76","0","2000","A","","Hudson County, New Jersey","Private","Traveler accommodation","County, NAICS 4-digit -- by ownership sector","All establishment sizes",39,1062,25417446,0,0,460,23935,"",0.49,0.32,0.28,0.00,0.00,0.89,0.89,"",-1,-2.5,11,1.0,3598045,16.5,0,0.0,0,0.0,61,15.3,3178,15.3
"34017","5","72111","77","0","2000","A","","Hudson County, New Jersey","Private","Hotels and motels, except casino hotels","County, NAICS 5-digit -- by ownership sector","All establishment sizes",37,872,20615831,0,0,455,23637,"",0.52,0.32,0.30,0.00,0.00,0.94,0.94,"",0,0.0,18,2.1,3687007,21.8,0,0.0,0,0.0,74,19.4,3810,19.2
"34017","5","721110","78","0","2000","A","","Hudson County, New Jersey","Private","Hotels and motels, except casino hotels","County, NAICS 6-digit -- by ownership sector","All establishment sizes",37,872,20615831,0,0,455,23637,"",0.52,0.32,0.30,0.00,0.00,0.94,0.94,"",0,0.0,18,2.1,3687007,21.8,0,0.0,0,0.0,74,19.4,3810,19.2
"34017","5","722","75","0","2000","A","","Hudson County, New Jersey","Private","Food services and drinking places","County, NAICS 3-digit -- by ownership sector","All establishment sizes",987,9090,134665929,0,0,285,14814,"",1.34,0.60,0.56,0.00,0.00,0.93,0.93,"",-129,-11.6,238,2.7,8558137,6.8,0,0.0,0,0.0,11,4.0,568,4.0
"34017","5","7221","76","0","2000","A","","Hudson County, New Jersey","Private","Full-service restaurants","County, NAICS 4-digit -- by ownership sector","All establishment sizes",276,3363,55126891,0,0,315,16391,"",0.99,0.48,0.46,0.00,0.00,0.95,0.95,"",-29,-9.5,103,3.2,4416687,8.7,0,0.0,0,0.0,16,5.4,835,5.4
"34017","5","72211","77","0","2000","A","","Hudson County, New Jersey","Private","Full-service restaurants","County, NAICS 5-digit -- by ownership sector","All establishment sizes",276,3363,55126891,0,0,315,16391,"",0.99,0.48,0.46,0.00,0.00,0.95,0.95,"",-29,-9.5,103,3.2,4416687,8.7,0,0.0,0,0.0,16,5.4,835,5.4
"34017","5","722110","78","0","2000","A","","Hudson County, New Jersey","Private","Full-service restaurants","County, NAICS 6-digit -- by ownership sector","All establishment sizes",276,3363,55126891,0,0,315,16391,"",0.99,0.48,0.46,0.00,0.00,0.95,0.95,"",-29,-9.5,103,3.2,4416687,8.7,0,0.0,0,0.0,16,5.4,835,5.4
"34017","5","7222","76","0","2000","A","","Hudson County, New Jersey","Private","Limited-service eating places","County, NAICS 4-digit -- by ownership sector","All establishment sizes",384,3117,37982939,0,0,234,12185,"",1.17,0.49,0.42,0.00,0.00,0.87,0.87,"",-56,-12.7,-64,-2.0,840817,2.3,0,0.0,0,0.0,9,4.0,510,4.4
"34017","5","72221","77","0","2000","A","","Hudson County, New Jersey","Private","Limited-service eating places","County, NAICS 5-digit -- by ownership sector","All establishment sizes",384,3117,37982939,0,0,234,12185,"",1.17,0.49,0.42,0.00,0.00,0.87,0.87,"",-56,-12.7,-64,-2.0,840817,2.3,0,0.0,0,0.0,9,4.0,510,4.4
"34017","5","722211","78","0","2000","A","","Hudson County, New Jersey","Private","Limited-service restaurants","County, NAICS 6-digit -- by ownership sector","All establishment sizes",286,2587,29071703,0,0,216,11239,"",1.06,0.46,0.37,0.00,0.00,0.81,0.81,"",-43,-13.1,-55,-2.1,-213139,-0.7,0,0.0,0,0.0,3,1.4,154,1.4
"34017","5","722212","78","0","2000","A","","Hudson County, New Jersey","Private","Cafeterias, grill buffets, and buffets","County, NAICS 6-digit -- by ownership sector","All establishment sizes",21,95,1620203,0,0,327,17010,"",2.03,0.38,0.37,0.00,0.00,0.99,0.99,"",-2,-8.7,-8,-7.8,22120,1.4,0,0.0,0,0.0,27,9.0,1432,9.2
"34017","5","722213","78","0","2000","A","","Hudson County, New Jersey","Private","Snack and nonalcoholic beverage bars","County, NAICS 6-digit -- by ownership sector","All establishment sizes",77,435,7291033,0,0,322,16755,"",1.61,0.80,0.94,0.00,0.00,1.17,1.17,"",-11,-12.5,-2,-0.5,1031836,16.5,0,0.0,0,0.0,47,17.1,2432,17.0
"34017","5","7223","76","0","2000","A","","Hudson County, New Jersey","Private","Special food services","County, NAICS 4-digit -- by ownership sector","All establishment sizes",79,1809,32510437,0,0,346,17974,"",1.91,1.97,1.67,0.00,0.00,0.85,0.85,"",-14,-15.1,136,8.1,2505425,8.4,0,0.0,0,0.0,1,0.3,44,0.2
"34017","5","72231","77","0","2000","A","","Hudson County, New Jersey","Private","Food service contractors","County, NAICS 5-digit -- by ownership sector","All establishment sizes",45,1592,28696637,0,0,347,18022,"",2.10,2.62,2.12,0.00,0.00,0.81,0.81,"",-6,-11.8,144,9.9,2127326,8.0,0,0.0,0,0.0,-6,-1.7,-328,-1.8
"34017","5","722310","78","0","2000","A","","Hudson County, New Jersey","Private","Food service contractors","County, NAICS 6-digit -- by ownership sector","All establishment sizes",45,1592,28696637,0,0,347,18022,"",2.10,2.62,2.12,0.00,0.00,0.81,0.81,"",-6,-11.8,144,9.9,2127326,8.0,0,0.0,0,0.0,-6,-1.7,-328,-1.8
"34017","5","7224","76","0","2000","A","","Hudson County, New Jersey","Private","Drinking places, alcoholic beverages","County, NAICS 4-digit -- by ownership sector","All establishment sizes",249,801,9045662,0,0,217,11291,"",2.82,1.11,0.86,0.00,0.00,0.78,0.78,"",-29,-10.4,63,8.5,795208,9.6,0,0.0,0,0.0,2,0.9,106,0.9
"34017","5","72241","77","0","2000","A","","Hudson County, New Jersey","Private","Drinking places, alcoholic beverages","County, NAICS 5-digit -- by ownership sector","All establishment sizes",249,801,9045662,0,0,217,11291,"",2.82,1.11,0.86,0.00,0.00,0.78,0.78,"",-29,-10.4,63,8.5,795208,9.6,0,0.0,0,0.0,2,0.9,106,0.9
"34017","5","722410","78","0","2000","A","","Hudson County, New Jersey","Private","Drinking places, alcoholic beverages","County, NAICS 6-digit -- by ownership sector","All establishment sizes",249,801,9045662,0,0,217,11291,"",2.82,1.11,0.86,0.00,0.00,0.78,0.78,"",-29,-10.4,63,8.5,795208,9.6,0,0.0,0,0.0,2,0.9,106,0.9
"34017","5","81","74","0","2000","A","","Hudson County, New Jersey","Private","Other services, except public administration","County, NAICS Sector -- by ownership sector","All establishment sizes",1120,5156,142964733,0,0,533,27728,"",0.74,0.68,0.62,0.00,0.00,0.92,0.92,"",-129,-10.3,-103,-2.0,-1329467,-0.9,0,0.0,0,0.0,5,0.9,288,1.0
"34017","5","811","75","0","2000","A","","Hudson County, New Jersey","Private","Repair and maintenance","County, NAICS 3-digit -- by ownership sector","All establishment sizes",387,1496,44558436,0,0,573,29783,"",1.06,0.65,0.52,0.00,0.00,0.80,0.80,"",-45,-10.4,-101,-6.3,928926,2.1,0,0.0,0,0.0,48,9.1,2466,9.0
"34017","5","8111","76","0","2000","A","","Hudson County, New Jersey","Private","Automotive repair and maintenance","County, NAICS 4-digit -- by ownership sector","All establishment sizes",306,1196,34208354,0,0,550,28598,"",1.15,0.73,0.62,0.00,0.00,0.85,0.85,"",-37,-10.8,-76,-6.0,884868,2.7,0,0.0,0,0.0,46,9.1,2393,9.1
"34017","5","81111","77","0","2000","A","","Hudson County, New Jersey","Private","Automotive mechanical and electrical repair","County, NAICS 5-digit -- by ownership sector","All establishment sizes",173,474,12154430,0,0,493,25656,"",1.09,0.61,0.44,0.00,0.00,0.72,0.72,"",-22,-11.3,-12,-2.5,959283,8.6,0,0.0,0,0.0,50,11.3,2640,11.5
"34017","5","811111","78","0","2000","A","","Hudson County, New Jersey","Private","General automotive repair","County, NAICS 6-digit -- by ownership sector","All establishment sizes",142,380,9899943,0,0,501,26030,"",1.16,0.66,0.49,0.00,0.00,0.73,0.74,"",-17,-10.7,-3,-0.8,1204569,13.9,0,0.0,0,0.0,64,14.6,3302,14.5
"34017","5","811118","78","0","2000","A","","Hudson County, New Jersey","Private","Other automotive mechanical and elec. repair","County, NAICS 6-digit -- by ownership sector","All establishment sizes",13,35,791328,0,0,435,22609,"",0.72,0.35,0.22,0.00,0.00,0.63,0.63,"",-4,-23.5,-6,-14.6,-62577,-7.3,0,0.0,0,0.0,33,8.2,1697,8.1
"34017","5","81112","77","0","2000","A","","Hudson County, New Jersey","Private","Automotive body, interior, and glass repair","County, NAICS 5-digit -- by ownership sector","All establishment sizes",88,530,18306468,0,0,664,34530,"",1.26,1.12,0.94,0.00,0.00,0.84,0.84,"",-8,-8.3,-41,-7.2,-77617,-0.4,0,0.0,0,0.0,45,7.3,2352,7.3
"34017","5","81119","77","0","2000","A","","Hudson County, New Jersey","Private","Other automotive repair and maintenance","County, NAICS 5-digit -- by ownership sector","All establishment sizes",46,192,3747456,0,0,375,19493,"",1.23,0.49,0.45,0.00,0.00,0.93,0.93,"",-6,-11.5,-22,-10.3,3202,0.1,0,0.0,0,0.0,38,11.3,1990,11.4
"34017","5","811192","78","0","2000","A","","Hudson County, New Jersey","Private","Car washes","County, NAICS 6-digit -- by ownership sector","All establishment sizes",36,135,2171245,0,0,310,16113,"",1.61,0.53,0.46,0.00,0.00,0.87,0.87,"",-3,-7.7,-20,-12.9,-42320,-1.9,0,0.0,0,0.0,35,12.7,1817,12.7
"34017","5","8113","76","0","2000","A","","Hudson County, New Jersey","Private","Commercial machinery repair and maintenance","County, NAICS 4-digit -- by ownership sector","All establishment sizes",41,199,7296989,0,0,706,36714,"",1.04,0.68,0.54,0.00,0.00,0.79,0.79,"",-7,-14.6,-4,-2.0,416668,6.1,0,0.0,0,0.0,54,8.3,2793,8.2
"34017","5","81131","77","0","2000","A","","Hudson County, New Jersey","Private","Commercial machinery repair and maintenance","County, NAICS 5-digit -- by ownership sector","All establishment sizes",41,199,7296989,0,0,706,36714,"",1.04,0.68,0.54,0.00,0.00,0.79,0.79,"",-7,-14.6,-4,-2.0,416668,6.1,0,0.0,0,0.0,54,8.3,2793,8.2
"34017","5","811310","78","0","2000","A","","Hudson County, New Jersey","Private","Commercial machinery repair and maintenance","County, NAICS 6-digit -- by ownership sector","All establishment sizes",41,199,7296989,0,0,706,36714,"",1.04,0.68,0.54,0.00,0.00,0.79,0.79,"",-7,-14.6,-4,-2.0,416668,6.1,0,0.0,0,0.0,54,8.3,2793,8.2
"34017","5","81149","77","0","2000","A","","Hudson County, New Jersey","Private","Other household goods repair and maintenance","County, NAICS 5-digit -- by ownership sector","All establishment sizes",12,53,1254291,0,0,454,23592,"",0.96,0.99,0.74,0.00,0.00,0.74,0.74,"",1,9.1,-29,-35.4,-472961,-27.4,0,0.0,0,0.0,50,12.4,2571,12.2
"34017","5","811490","78","0","2000","A","","Hudson County, New Jersey","Private","Other household goods repair and maintenance","County, NAICS 6-digit -- by ownership sector","All establishment sizes",12,53,1254291,0,0,454,23592,"",0.96,0.99,0.74,0.00,0.00,0.74,0.74,"",1,9.1,-29,-35.4,-472961,-27.4,0,0.0,0,0.0,50,12.4,2571,12.2
"34017","5","812","75","0","2000","A","","Hudson County, New Jersey","Private","Personal and laundry services","County, NAICS 3-digit -- by ownership sector","All establishment sizes",462,1452,23353090,0,0,309,16089,"",1.66,0.64,0.41,0.00,0.00,0.64,0.64,"",-52,-10.1,-47,-3.1,-665924,-2.8,0,0.0,0,0.0,1,0.3,64,0.4
"34017","5","8121","76","0","2000","A","","Hudson County, New Jersey","Private","Personal care services","County, NAICS 4-digit -- by ownership sector","All establishment sizes",219,552,6508446,0,0,227,11789,"",1.54,0.62,0.34,0.00,0.00,0.56,0.56,"",-34,-13.4,-22,-3.8,162080,2.6,0,0.0,0,0.0,14,6.6,728,6.6
"34017","5","81211","77","0","2000","A","","Hudson County, New Jersey","Private","Hair, nail, and skin care services","County, NAICS 5-digit -- by ownership sector","All establishment sizes",205,506,5923910,0,0,225,11713,"",1.65,0.65,0.35,0.00,0.00,0.54,0.54,"",-32,-13.5,-34,-6.3,50896,0.9,0,0.0,0,0.0,16,7.7,835,7.7
"34017","5","812111","78","0","2000","A","","Hudson County, New Jersey","Private","Barber shops","County, NAICS 6-digit -- by ownership sector","All establishment sizes",14,34,403976,0,0,226,11738,"",2.65,1.89,0.93,0.00,0.00,0.49,0.49,"",-1,-6.7,-6,-15.0,-20063,-4.7,0,0.0,0,0.0,21,10.2,1093,10.3
"34017","5","812112","78","0","2000","A","","Hudson County, New Jersey","Private","Beauty salons","County, NAICS 6-digit -- by ownership sector","All establishment sizes",161,427,4937580,0,0,223,11570,"",1.50,0.59,0.31,0.00,0.00,0.53,0.53,"",-22,-12.0,-14,-3.2,92177,1.9,0,0.0,0,0.0,12,5.7,593,5.4
"34017","5","812113","78","0","2000","A","","Hudson County, New Jersey","Private","Nail salons","County, NAICS 6-digit -- by ownership sector","All establishment sizes",30,45,582354,0,0,251,13062,"",2.70,1.20,0.93,0.00,0.00,0.78,0.78,"",-9,-23.1,-14,-23.7,-21218,-3.5,0,0.0,0,0.0,53,26.8,2774,27.0
"34017","5","81219","77","0","2000","A","","Hudson County, New Jersey","Private","Other personal care services","County, NAICS 5-digit -- by ownership sector","All establishment sizes",14,46,584536,0,0,243,12616,"",0.76,0.38,0.29,0.00,0.00,0.75,0.75,"",-2,-12.5,12,35.3,111184,23.5,0,0.0,0,0.0,-26,-9.7,-1375,-9.8
"34017","5","8122","76","0","2000","A","","Hudson County, New Jersey","Private","Death care services","County, NAICS 4-digit -- by ownership sector","All establishment sizes",49,184,5586846,0,0,583,30336,"",1.64,0.72,0.61,0.00,0.00,0.85,0.85,"",1,2.1,-4,-2.1,-599865,-9.7,0,0.0,0,0.0,-49,-7.8,-2514,-7.7
"34017","5","81221","77","0","2000","A","","Hudson County, New Jersey","Private","Funeral homes and funeral services","County, NAICS 5-digit -- by ownership sector","All establishment sizes",38,124,3965096,0,0,617,32063,"",1.75,0.68,0.59,0.00,0.00,0.86,0.86,"",0,0.0,-30,-19.5,-1271105,-24.3,0,0.0,0,0.0,-39,-5.9,-2049,-6.0
"34017","5","812210","78","0","2000","A","","Hudson County, New Jersey","Private","Funeral homes and funeral services","County, NAICS 6-digit -- by ownership sector","All establishment sizes",38,124,3965096,0,0,617,32063,"",1.75,0.68,0.59,0.00,0.00,0.86,0.86,"",0,0.0,-30,-19.5,-1271105,-24.3,0,0.0,0,0.0,-39,-5.9,-2049,-6.0
"34017","5","81222","77","0","2000","A","","Hudson County, New Jersey","Private","Cemeteries and crematories","County, NAICS 5-digit -- by ownership sector","All establishment sizes",11,61,1621750,0,0,515,26806,"",1.35,0.83,0.68,0.00,0.00,0.82,0.83,"",1,10.0,26,74.3,671240,70.6,0,0.0,0,0.0,-10,-1.9,-481,-1.8
"34017","5","812220","78","0","2000","A","","Hudson County, New Jersey","Private","Cemeteries and crematories","County, NAICS 6-digit -- by ownership sector","All establishment sizes",11,61,1621750,0,0,515,26806,"",1.35,0.83,0.68,0.00,0.00,0.82,0.83,"",1,10.0,26,74.3,671240,70.6,0,0.0,0,0.0,-10,-1.9,-481,-1.8
"34017","5","8123","76","0","2000","A","","Hudson County, New Jersey","Private","Drycleaning and laundry services","County, NAICS 4-digit -- by ownership sector","All establishment sizes",155,554,7958406,0,0,277,14378,"",2.36,0.78,0.46,0.00,0.00,0.59,0.59,"",-9,-5.5,22,4.1,133278,1.7,0,0.0,0,0.0,-6,-2.1,-324,-2.2
"34017","5","81232","77","0","2000","A","","Hudson County, New Jersey","Private","Drycleaning and laundry services","County, NAICS 5-digit -- by ownership sector","All establishment sizes",89,329,4659252,0,0,272,14151,"",2.01,0.85,0.60,0.00,0.00,0.71,0.71,"",-4,-4.3,13,4.1,183602,4.1,0,0.0,0,0.0,0,0.0,-5,0.0
"34017","5","812320","78","0","2000","A","","Hudson County, New Jersey","Private","Drycleaning and laundry services","County, NAICS 6-digit -- by ownership sector","All establishment sizes",89,329,4659252,0,0,272,14151,"",2.01,0.85,0.60,0.00,0.00,0.71,0.71,"",-4,-4.3,13,4.1,183602,4.1,0,0.0,0,0.0,0,0.0,-5,0.0
"34017","5","8129","76","0","2000","A","","Hudson County, New Jersey","Private","Other personal services","County, NAICS 4-digit -- by ownership sector","All establishment sizes",39,162,3299392,0,0,392,20398,"",0.95,0.39,0.29,0.00,0.00,0.74,0.74,"",-10,-20.4,-43,-21.0,-361417,-9.9,0,0.0,0,0.0,48,14.0,2497,13.9
"34017","5","81292","77","0","2000","A","","Hudson County, New Jersey","Private","Photofinishing","County, NAICS 5-digit -- by ownership sector","All establishment sizes",15,29,696602,0,0,469,24371,"",1.46,0.23,0.16,0.00,0.00,0.74,0.74,"",-5,-25.0,-6,-17.1,-61991,-8.2,0,0.0,0,0.0,57,13.8,2952,13.8
"34017","5","81293","77","0","2000","A","","Hudson County, New Jersey","Private","Parking lots and garages","County, NAICS 5-digit -- by ownership sector","All establishment sizes",19,109,2138671,0,0,378,19666,"",2.05,0.65,0.55,0.00,0.00,0.85,0.85,"",-1,-5.0,-34,-23.8,-281382,-11.6,0,0.0,0,0.0,51,15.6,2683,15.8
"34017","5","812930","78","0","2000","A","","Hudson County, New Jersey","Private","Parking lots and garages","County, NAICS 6-digit -- by ownership sector","All establishment sizes",19,109,2138671,0,0,378,19666,"",2.05,0.65,0.55,0.00,0.00,0.85,0.85,"",-1,-5.0,-34,-23.8,-281382,-11.6,0,0.0,0,0.0,51,15.6,2683,15.8
"34017","5","813","75","0","2000","A","","Hudson County, New Jersey","Private","Membership associations and organizations","County, NAICS 3-digit -- by ownership sector","All establishment sizes",165,2122,73106740,0,0,663,34450,"",0.81,0.93,1.00,0.00,0.00,1.08,1.08,"",-12,-6.8,73,3.6,-1038003,-1.4,0,0.0,0,0.0,-33,-4.7,-1730,-4.8
"34017","5","8131","76","0","2000","A","","Hudson County, New Jersey","Private","Religious organizations","County, NAICS 4-digit -- by ownership sector","All establishment sizes",11,32,574254,0,0,351,18230,"",0.42,0.11,0.08,0.00,0.00,0.74,0.74,"",-1,-8.3,0,0.0,-2233,-0.4,0,0.0,0,0.0,3,0.9,120,0.7
"34017","5","81311","77","0","2000","A","","Hudson County, New Jersey","Private","Religious organizations","County, NAICS 5-digit -- by ownership sector","All establishment sizes",11,32,574254,0,0,351,18230,"",0.42,0.11,0.08,0.00,0.00,0.74,0.74,"",-1,-8.3,0,0.0,-2233,-0.4,0,0.0,0,0.0,3,0.9,120,0.7
"34017","5","813110","78","0","2000","A","","Hudson County, New Jersey","Private","Religious organizations","County, NAICS 6-digit -- by ownership sector","All establishment sizes",11,32,574254,0,0,351,18230,"",0.42,0.11,0.08,0.00,0.00,0.74,0.74,"",-1,-8.3,0,0.0,-2233,-0.4,0,0.0,0,0.0,3,0.9,120,0.7
"34017","5","8133","76","0","2000","A","","Hudson County, New Jersey","Private","Social advocacy organizations","County, NAICS 4-digit -- by ownership sector","All establishment sizes",14,71,1794592,0,0,486,25246,"",0.70,0.26,0.20,0.00,0.00,0.77,0.77,"",-2,-12.5,19,36.5,465025,35.0,0,0.0,0,0.0,-7,-1.4,-405,-1.6
"34017","5","81331","77","0","2000","A","","Hudson County, New Jersey","Private","Social advocacy organizations","County, NAICS 5-digit -- by ownership sector","All establishment sizes",14,71,1794592,0,0,486,25246,"",0.70,0.26,0.20,0.00,0.00,0.77,0.77,"",-2,-12.5,19,36.5,465025,35.0,0,0.0,0,0.0,-7,-1.4,-405,-1.6
"34017","5","8134","76","0","2000","A","","Hudson County, New Jersey","Private","Civic and social organizations","County, NAICS 4-digit -- by ownership sector","All establishment sizes",22,256,3452514,0,0,259,13478,"",0.46,0.35,0.26,0.00,0.00,0.74,0.74,"",-2,-8.3,18,7.6,301609,9.6,0,0.0,0,0.0,5,2.0,253,1.9
"34017","5","81341","77","0","2000","A","","Hudson County, New Jersey","Private","Civic and social organizations","County, NAICS 5-digit -- by ownership sector","All establishment sizes",22,256,3452514,0,0,259,13478,"",0.46,0.35,0.26,0.00,0.00,0.74,0.74,"",-2,-8.3,18,7.6,301609,9.6,0,0.0,0,0.0,5,2.0,253,1.9
"34017","5","813410","78","0","2000","A","","Hudson County, New Jersey","Private","Civic and social organizations","County, NAICS 6-digit -- by ownership sector","All establishment sizes",22,256,3452514,0,0,259,13478,"",0.46,0.35,0.26,0.00,0.00,0.74,0.74,"",-2,-8.3,18,7.6,301609,9.6,0,0.0,0,0.0,5,2.0,253,1.9
"34017","5","8139","76","0","2000","A","","Hudson County, New Jersey","Private","Professional and similar organizations","County, NAICS 4-digit -- by ownership sector","All establishment sizes",112,1681,65398316,0,0,748,38899,"",1.22,2.14,1.91,0.00,0.00,0.89,0.89,"",-4,-3.4,39,2.4,-1913867,-2.8,0,0.0,0,0.0,-40,-5.1,-2085,-5.1
"34017","5","81391","77","0","2000","A","","Hudson County, New Jersey","Private","Business associations","County, NAICS 5-digit -- by ownership sector","All establishment sizes",13,1153,46497650,0,0,775,40325,"",0.43,5.16,3.65,0.00,0.00,0.71,0.71,"",-2,-13.3,58,5.3,-1267960,-2.7,0,0.0,0,0.0,-64,-7.6,-3297,-7.6
"34017","5","813910","78","0","2000","A","","Hudson County, New Jersey","Private","Business associations","County, NAICS 6-digit -- by ownership sector","All establishment sizes",13,1153,46497650,0,0,775,40325,"",0.43,5.16,3.65,0.00,0.00,0.71,0.71,"",-2,-13.3,58,5.3,-1267960,-2.7,0,0.0,0,0.0,-64,-7.6,-3297,-7.6
"34017","5","81393","77","0","2000","A","","Hudson County, New Jersey","Private","Labor unions and similar labor organizations","County, NAICS 5-digit -- by ownership sector","All establishment sizes",42,221,8422046,0,0,732,38051,"",1.58,0.84,1.00,0.00,0.00,1.19,1.19,"",0,0.0,9,4.2,-75072,-0.9,0,0.0,0,0.0,-40,-5.2,-2093,-5.2
"34017","5","813930","78","0","2000","A","","Hudson County, New Jersey","Private","Labor unions and similar labor organizations","County, NAICS 6-digit -- by ownership sector","All establishment sizes",42,221,8422046,0,0,732,38051,"",1.58,0.84,1.00,0.00,0.00,1.19,1.19,"",0,0.0,9,4.2,-75072,-0.9,0,0.0,0,0.0,-40,-5.2,-2093,-5.2
"34017","5","81399","77","0","2000","A","","Hudson County, New Jersey","Private","Other similar organizations","County, NAICS 5-digit -- by ownership sector","All establishment sizes",46,230,5422414,0,0,453,23533,"",2.01,1.47,1.16,0.00,0.00,0.79,0.79,"",-1,-2.1,-20,-8.0,-545539,-9.1,0,0.0,0,0.0,-5,-1.1,-299,-1.3
"34017","5","813990","78","0","2000","A","","Hudson County, New Jersey","Private","Other similar organizations","County, NAICS 6-digit -- by ownership sector","All establishment sizes",46,230,5422414,0,0,453,23533,"",2.01,1.47,1.16,0.00,0.00,0.79,0.79,"",-1,-2.1,-20,-8.0,-545539,-9.1,0,0.0,0,0.0,-5,-1.1,-299,-1.3
"34017","5","814","75","0","2000","A","","Hudson County, New Jersey","Private","Private households","County, NAICS 3-digit -- by ownership sector","All establishment sizes",106,86,1946467,0,0,434,22568,"",0.16,0.11,0.14,0.00,0.00,1.26,1.26,"",-21,-16.5,-27,-23.9,-554466,-22.2,0,0.0,0,0.0,9,2.1,485,2.2
"34017","5","8141","76","0","2000","A","","Hudson County, New Jersey","Private","Private households","County, NAICS 4-digit -- by ownership sector","All establishment sizes",106,86,1946467,0,0,434,22568,"",0.16,0.11,0.14,0.00,0.00,1.26,1.26,"",-21,-16.5,-27,-23.9,-554466,-22.2,0,0.0,0,0.0,9,2.1,485,2.2
"34017","5","81411","77","0","2000","A","","Hudson County, New Jersey","Private","Private households","County, NAICS 5-digit -- by ownership sector","All establishment sizes",106,86,1946467,0,0,434,22568,"",0.16,0.11,0.14,0.00,0.00,1.26,1.26,"",-21,-16.5,-27,-23.9,-554466,-22.2,0,0.0,0,0.0,9,2.1,485,2.2
"34017","5","814110","78","0","2000","A","","Hudson County, New Jersey","Private","Private households","County, NAICS 6-digit -- by ownership sector","All establishment sizes",106,86,1946467,0,0,434,22568,"",0.16,0.11,0.14,0.00,0.00,1.26,1.26,"",-21,-16.5,-27,-23.9,-554466,-22.2,0,0.0,0,0.0,9,2.1,485,2.2
