"area_fips","own_code","industry_code","agglvl_code","size_code","year","qtr","disclosure_code","area_title","own_title","industry_title","agglvl_title","size_title","annual_avg_estabs_count","annual_avg_emplvl","total_annual_wages","taxable_annual_wages","annual_contributions","annual_avg_wkly_wage","avg_annual_pay","lq_disclosure_code","lq_annual_avg_estabs_count","lq_annual_avg_emplvl","lq_total_annual_wages","lq_taxable_annual_wages","lq_annual_contributions","lq_annual_avg_wkly_wage","lq_avg_annual_pay","oty_disclosure_code","oty_annual_avg_estabs_count_chg","oty_annual_avg_estabs_count_pct_chg","oty_annual_avg_emplvl_chg","oty_annual_avg_emplvl_pct_chg","oty_total_annual_wages_chg","oty_total_annual_wages_pct_chg","oty_taxable_annual_wages_chg","oty_taxable_annual_wages_pct_chg","oty_annual_contributions_chg","oty_annual_contributions_pct_chg","oty_annual_avg_wkly_wage_chg","oty_annual_avg_wkly_wage_pct_chg","oty_avg_annual_pay_chg","oty_avg_annual_pay_pct_chg"
"55105","0","10","70","0","2000","A","","Rock County, Wisconsin","Total Covered","Total, all industries","County, Total Covered","All establishment sizes",3300,67230,2099435844,0,0,601,31228,"",1.00,1.00,1.00,0.00,0.00,1.00,1.00,"",1,0.0,-447,-0.7,33358044,1.6,0,0.0,0,0.0,14,2.4,700,2.3
"55105","1","10","71","0","2000","A","","Rock County, Wisconsin","Federal Government","Total, all industries","County, Total -- by ownership sector","All establishment sizes",19,393,15249637,0,0,746,38803,"",0.91,0.26,0.25,0.00,0.00,0.95,0.95,"",0,0.0,42,12.0,1639793,12.0,0,0.0,0,0.0,0,0.0,19,0.0
"55105","1","102","72","0","2000","A","","Rock County, Wisconsin","Federal Government","Service-providing","County, by Domain -- by ownership sector","All establishment sizes",19,393,15249637,0,0,746,38803,"",0.91,0.27,0.26,0.00,0.00,0.95,0.95,"",0,0.0,42,12.0,1639793,12.0,0,0.0,0,0.0,0,0.0,19,0.0
"55105","1","1021","73","0","2000","A","","Rock County, Wisconsin","Federal Government","Trade, transportation, and utilities","County, by Supersector -- by ownership sector","All establishment sizes",11,302,12080029,0,0,770,40055,"",1.37,0.60,0.64,0.00,0.00,1.08,1.08,"",0,0.0,6,2.0,640723,5.6,0,0.0,0,0.0,28,3.8,1452,3.8
"55105","1","1028","73","0","2000","A","","Rock County, Wisconsin","Federal Government","Public administration","County, by Supersector -- by ownership sector","All establishment sizes",8,91,3169608,0,0,667,34672,"",0.72,0.12,0.10,0.00,0.00,0.79,0.80,"",0,0.0,36,65.5,999070,46.0,0,0.0,0,0.0,-98,-12.8,-5094,-12.8
"55105","1","48-49","74","0","2000","A","","Rock County, Wisconsin","Federal Government","Transportation and warehousing","County, NAICS Sector -- by ownership sector","All establishment sizes",11,302,12080029,0,0,770,40055,"",1.42,0.64,0.68,0.00,0.00,1.05,1.05,"",0,0.0,6,2.0,640723,5.6,0,0.0,0,0.0,28,3.8,1452,3.8
"55105","1","491","75","0","2000","A","","Rock County, Wisconsin","Federal Government","Postal service","County, NAICS 3-digit -- by ownership sector","All establishment sizes",11,302,12080029,0,0,770,40055,"",1.44,0.66,0.71,0.00,0.00,1.08,1.08,"",0,0.0,6,2.0,640723,5.6,0,0.0,0,0.0,28,3.8,1452,3.8
"55105","1","4911","76","0","2000","A","","Rock County, Wisconsin","Federal Government","Postal service","County, NAICS 4-digit -- by ownership sector","All establishment sizes",11,302,12080029,0,0,770,40055,"",1.44,0.66,0.71,0.00,0.00,1.08,1.08,"",0,0.0,6,2.0,640723,5.6,0,0.0,0,0.0,28,3.8,1452,3.8
"55105","1","49111","77","0","2000","A","","Rock County, Wisconsin","Federal Government","Postal service","County, NAICS 5-digit -- by ownership sector","All establishment sizes",11,302,12080029,0,0,770,40055,"",1.44,0.66,0.71,0.00,0.00,1.08,1.08,"",0,0.0,6,2.0,640723,5.6,0,0.0,0,0.0,28,3.8,1452,3.8
"55105","1","491110","78","0","2000","A","","Rock County, Wisconsin","Federal Government","Postal service","County, NAICS 6-digit -- by ownership sector","All establishment sizes",11,302,12080029,0,0,770,40055,"",1.44,0.66,0.71,0.00,0.00,1.08,1.08,"",0,0.0,6,2.0,640723,5.6,0,0.0,0,0.0,28,3.8,1452,3.8
"55105","1","92","74","0","2000","A","","Rock County, Wisconsin","Federal Government","Public administration","County, NAICS Sector -- by ownership sector","All establishment sizes",8,91,3169608,0,0,667,34672,"",0.72,0.12,0.10,0.00,0.00,0.79,0.80,"",0,0.0,36,65.5,999070,46.0,0,0.0,0,0.0,-98,-12.8,-5094,-12.8
"55105","1","921","75","0","2000","A","","Rock County, Wisconsin","Federal Government","Executive, legislative and general government","County, NAICS 3-digit -- by ownership sector","All establishment sizes",1,5,262285,0,0,1081,56204,"",1.15,0.05,0.06,0.00,0.00,1.29,1.30,"",0,0.0,0,0.0,-1886,-0.7,0,0.0,0,0.0,65,6.4,3370,6.4
"55105","1","9211","76","0","2000","A","","Rock County, Wisconsin","Federal Government","Executive, legislative and general government","County, NAICS 4-digit -- by ownership sector","All establishment sizes",1,5,262285,0,0,1081,56204,"",1.15,0.05,0.06,0.00,0.00,1.29,1.30,"",0,0.0,0,0.0,-1886,-0.7,0,0.0,0,0.0,65,6.4,3370,6.4
"55105","1","92113","77","0","2000","A","","Rock County, Wisconsin","Federal Government","Public finance activities","County, NAICS 5-digit -- by ownership sector","All establishment sizes",1,5,262285,0,0,1081,56204,"",2.68,0.07,0.08,0.00,0.00,1.28,1.28,"",0,0.0,0,0.0,-1886,-0.7,0,0.0,0,0.0,65,6.4,3370,6.4
"55105","1","921130","78","0","2000","A","","Rock County, Wisconsin","Federal Government","Public finance activities","County, NAICS 6-digit -- by ownership sector","All establishment sizes",1,5,262285,0,0,1081,56204,"",2.68,0.07,0.08,0.00,0.00,1.28,1.28,"",0,0.0,0,0.0,-1886,-0.7,0,0.0,0,0.0,65,6.4,3370,6.4
"55105","1","923","75","0","2000","A","","Rock County, Wisconsin","Federal Government","Administration of human resource programs","County, NAICS 3-digit -- by ownership sector","All establishment sizes",1,26,1195300,0,0,884,45973,"",1.12,0.37,0.39,0.00,0.00,1.04,1.05,"",0,0.0,0,0.0,24694,2.1,0,0.0,0,0.0,10,1.1,513,1.1
"55105","1","9231","76","0","2000","A","","Rock County, Wisconsin","Federal Government","Administration of human resource programs","County, NAICS 4-digit -- by ownership sector","All establishment sizes",1,26,1195300,0,0,884,45973,"",1.12,0.37,0.39,0.00,0.00,1.04,1.05,"",0,0.0,0,0.0,24694,2.1,0,0.0,0,0.0,10,1.1,513,1.1
"55105","1","92313","77","0","2000","A","","Rock County, Wisconsin","Federal Government","Other human resource programs administration","County, NAICS 5-digit -- by ownership sector","All establishment sizes",1,26,1195300,0,0,884,45973,"",1.51,0.68,0.82,0.00,0.00,1.22,1.22,"",0,0.0,0,0.0,24694,2.1,0,0.0,0,0.0,10,1.1,513,1.1
"55105","1","923130","78","0","2000","A","","Rock County, Wisconsin","Federal Government","Other human resource programs administration","County, NAICS 6-digit -- by ownership sector","All establishment sizes",1,26,1195300,0,0,884,45973,"",1.51,0.68,0.82,0.00,0.00,1.22,1.22,"",0,0.0,0,0.0,24694,2.1,0,0.0,0,0.0,10,1.1,513,1.1
"55105","1","924","75","0","2000","A","","Rock County, Wisconsin","Federal Government","Administration of environmental programs","County, NAICS 3-digit -- by ownership sector","All establishment sizes",2,19,464032,0,0,466,24210,"",0.80,0.33,0.20,0.00,0.00,0.59,0.59,"",0,0.0,3,18.8,30656,7.1,0,0.0,0,0.0,-50,-9.7,-2597,-9.7
"55105","1","9241","76","0","2000","A","","Rock County, Wisconsin","Federal Government","Administration of environmental programs","County, NAICS 4-digit -- by ownership sector","All establishment sizes",2,19,464032,0,0,466,24210,"",0.80,0.33,0.20,0.00,0.00,0.59,0.59,"",0,0.0,3,18.8,30656,7.1,0,0.0,0,0.0,-50,-9.7,-2597,-9.7
"55105","1","92412","77","0","2000","A","","Rock County, Wisconsin","Federal Government","Administration of conservation programs","County, NAICS 5-digit -- by ownership sector","All establishment sizes",2,19,464032,0,0,466,24210,"",0.81,0.39,0.25,0.00,0.00,0.64,0.64,"",0,0.0,3,18.8,30656,7.1,0,0.0,0,0.0,-50,-9.7,-2597,-9.7
"55105","1","924120","78","0","2000","A","","Rock County, Wisconsin","Federal Government","Administration of conservation programs","County, NAICS 6-digit -- by ownership sector","All establishment sizes",2,19,464032,0,0,466,24210,"",0.81,0.39,0.25,0.00,0.00,0.64,0.64,"",0,0.0,3,18.8,30656,7.1,0,0.0,0,0.0,-50,-9.7,-2597,-9.7
"55105","1","926","75","0","2000","A","","Rock County, Wisconsin","Federal Government","Administration of economic programs","County, NAICS 3-digit -- by ownership sector","All establishment sizes",3,39,1109908,0,0,553,28767,"",0.68,0.27,0.21,0.00,0.00,0.77,0.77,"",0,0.0,34,680.0,929840,516.4,0,0.0,0,0.0,-189,-25.5,-9819,-25.4
"55105","1","9261","76","0","2000","A","","Rock County, Wisconsin","Federal Government","Administration of economic programs","County, NAICS 4-digit -- by ownership sector","All establishment sizes",3,39,1109908,0,0,553,28767,"",0.68,0.27,0.21,0.00,0.00,0.77,0.77,"",0,0.0,34,680.0,929840,516.4,0,0.0,0,0.0,-189,-25.5,-9819,-25.4
"55105","1","92611","77","0","2000","A","","Rock County, Wisconsin","Federal Government","Administration of general economic programs","County, NAICS 5-digit -- by ownership sector","All establishment sizes",2,36,929711,0,0,502,26128,"",0.91,0.44,0.45,0.00,0.00,1.04,1.04,"",0,0.0,34,1700.0,915446,6417.4,0,0.0,0,0.0,359,251.0,18685,251.0
"55105","1","926110","78","0","2000","A","","Rock County, Wisconsin","Federal Government","Administration of general economic programs","County, NAICS 6-digit -- by ownership sector","All establishment sizes",2,36,929711,0,0,502,26128,"",0.91,0.44,0.45,0.00,0.00,1.04,1.04,"",0,0.0,34,1700.0,915446,6417.4,0,0.0,0,0.0,359,251.0,18685,251.0
"55105","1","92614","77","0","2000","A","","Rock County, Wisconsin","Federal Government","Agricultural market and commodity regulation","County, NAICS 5-digit -- by ownership sector","All establishment sizes",1,3,180197,0,0,1155,60066,"",0.58,0.11,0.16,0.00,0.00,1.43,1.44,"",0,0.0,0,0.0,14394,8.7,0,0.0,0,0.0,-4,-0.3,-226,-0.4
"55105","1","926140","78","0","2000","A","","Rock County, Wisconsin","Federal Government","Agricultural market and commodity regulation","County, NAICS 6-digit -- by ownership sector","All establishment sizes",1,3,180197,0,0,1155,60066,"",0.58,0.11,0.16,0.00,0.00,1.43,1.44,"",0,0.0,0,0.0,14394,8.7,0,0.0,0,0.0,-4,-0.3,-226,-0.4
"55105","1","928","75","0","2000","A","","Rock County, Wisconsin","Federal Government","National security and international affairs","County, NAICS 3-digit -- by ownership sector","All establishment sizes",1,3,138083,0,0,885,46028,"",0.97,0.01,0.01,0.00,0.00,1.03,1.03,"",0,0.0,0,0.0,15766,12.9,0,0.0,0,0.0,101,12.9,5256,12.9
"55105","1","9281","76","0","2000","A","","Rock County, Wisconsin","Federal Government","National security and international affairs","County, NAICS 4-digit -- by ownership sector","All establishment sizes",1,3,138083,0,0,885,46028,"",0.97,0.01,0.01,0.00,0.00,1.03,1.03,"",0,0.0,0,0.0,15766,12.9,0,0.0,0,0.0,101,12.9,5256,12.9
"55105","1","92811","77","0","2000","A","","Rock County, Wisconsin","Federal Government","National security","County, NAICS 5-digit -- by ownership sector","All establishment sizes",1,3,138083,0,0,885,46028,"",1.15,0.01,0.01,0.00,0.00,1.04,1.04,"",0,0.0,0,0.0,15766,12.9,0,0.0,0,0.0,101,12.9,5256,12.9
"55105","1","928110","78","0","2000","A","","Rock County, Wisconsin","Federal Government","National security","County, NAICS 6-digit -- by ownership sector","All establishment sizes",1,3,138083,0,0,885,46028,"",1.15,0.01,0.01,0.00,0.00,1.04,1.04,"",0,0.0,0,0.0,15766,12.9,0,0.0,0,0.0,101,12.9,5256,12.9
"55105","2","10","71","0","2000","A","","Rock County, Wisconsin","State Government","Total, all industries","County, Total -- by ownership sector","All establishment sizes",12,292,10508508,0,0,691,35937,"",0.44,0.13,0.14,0.00,0.00,1.12,1.12,"",0,0.0,-6,-2.0,488160,4.9,0,0.0,0,0.0,45,7.0,2340,7.0
"55105","2","102","72","0","2000","A","","Rock County, Wisconsin","State Government","Service-providing","County, by Domain -- by ownership sector","All establishment sizes",12,292,10508508,0,0,691,35937,"",0.45,0.13,0.15,0.00,0.00,1.12,1.12,"",0,0.0,-6,-2.0,488160,4.9,0,0.0,0,0.0,45,7.0,2340,7.0
"55105","3","10","71","0","2000","A","","Rock County, Wisconsin","Local Government","Total, all industries","County, Total -- by ownership sector","All establishment sizes",104,7796,243190316,0,0,600,31195,"",1.76,1.19,1.30,0.00,0.00,1.09,1.09,"",-1,-1.0,72,0.9,4807314,2.0,0,0.0,0,0.0,6,1.0,332,1.1
"55105","3","102","72","0","2000","A","","Rock County, Wisconsin","Local Government","Service-providing","County, by Domain -- by ownership sector","All establishment sizes",104,7796,243190316,0,0,600,31195,"",1.82,1.20,1.31,0.00,0.00,1.09,1.09,"",-1,-1.0,72,0.9,4807314,2.0,0,0.0,0,0.0,6,1.0,332,1.1
"55105","3","1025","73","0","2000","A","","Rock County, Wisconsin","Local Government","Education and health services","County, by Supersector -- by ownership sector","All establishment sizes",65,4409,143021369,0,0,624,32440,"",2.85,1.08,1.26,0.00,0.00,1.17,1.17,"",0,0.0,106,2.5,2720495,1.9,0,0.0,0,0.0,-3,-0.5,-166,-0.5
"55105","3","1028","73","0","2000","A","","Rock County, Wisconsin","Local Government","Public administration","County, by Supersector -- by ownership sector","All establishment sizes",32,3276,97701531,0,0,574,29826,"",1.36,1.73,1.70,0.00,0.00,0.98,0.98,"",0,0.0,-29,-0.9,2054425,2.1,0,0.0,0,0.0,17,3.1,882,3.0
"55105","3","6111","76","0","2000","A","","Rock County, Wisconsin","Local Government","Elementary and secondary schools","County, NAICS 4-digit -- by ownership sector","All establishment sizes",59,4045,132349487,0,0,629,32721,"",3.00,1.18,1.38,0.00,0.00,1.17,1.17,"",0,0.0,104,2.6,2584393,2.0,0,0.0,0,0.0,-4,-0.6,-209,-0.6
"55105","3","61111","77","0","2000","A","","Rock County, Wisconsin","Local Government","Elementary and secondary schools","County, NAICS 5-digit -- by ownership sector","All establishment sizes",59,4045,132349487,0,0,629,32721,"",3.00,1.18,1.38,0.00,0.00,1.17,1.17,"",0,0.0,104,2.6,2584393,2.0,0,0.0,0,0.0,-4,-0.6,-209,-0.6
"55105","3","611110","78","0","2000","A","","Rock County, Wisconsin","Local Government","Elementary and secondary schools","County, NAICS 6-digit -- by ownership sector","All establishment sizes",59,4045,132349487,0,0,629,32721,"",3.00,1.18,1.38,0.00,0.00,1.17,1.17,"",0,0.0,104,2.6,2584393,2.0,0,0.0,0,0.0,-4,-0.6,-209,-0.6
"55105","3","92","74","0","2000","A","","Rock County, Wisconsin","Local Government","Public administration","County, NAICS Sector -- by ownership sector","All establishment sizes",32,3276,97701531,0,0,574,29826,"",1.36,1.73,1.70,0.00,0.00,0.98,0.98,"",0,0.0,-29,-0.9,2054425,2.1,0,0.0,0,0.0,17,3.1,882,3.0
"55105","3","921","75","0","2000","A","","Rock County, Wisconsin","Local Government","Executive, legislative and general government","County, NAICS 3-digit -- by ownership sector","All establishment sizes",29,2976,92098633,0,0,595,30943,"",1.98,2.31,2.55,0.00,0.00,1.10,1.10,"",0,0.0,-33,-1.1,2227008,2.5,0,0.0,0,0.0,21,3.7,1073,3.6
"55105","3","9211","76","0","2000","A","","Rock County, Wisconsin","Local Government","Executive, legislative and general government","County, NAICS 4-digit -- by ownership sector","All establishment sizes",29,2976,92098633,0,0,595,30943,"",1.98,2.31,2.55,0.00,0.00,1.10,1.10,"",0,0.0,-33,-1.1,2227008,2.5,0,0.0,0,0.0,21,3.7,1073,3.6
"55105","3","92114","77","0","2000","A","","Rock County, Wisconsin","Local Government","Executive and legislative offices, combined","County, NAICS 5-digit -- by ownership sector","All establishment sizes",29,2976,92098633,0,0,595,30943,"",3.20,3.42,3.81,0.00,0.00,1.11,1.12,"",0,0.0,-33,-1.1,2227008,2.5,0,0.0,0,0.0,21,3.7,1073,3.6
"55105","3","921140","78","0","2000","A","","Rock County, Wisconsin","Local Government","Executive and legislative offices, combined","County, NAICS 6-digit -- by ownership sector","All establishment sizes",29,2976,92098633,0,0,595,30943,"",3.20,3.42,3.81,0.00,0.00,1.11,1.12,"",0,0.0,-33,-1.1,2227008,2.5,0,0.0,0,0.0,21,3.7,1073,3.6
"55105","5","10","71","0","2000","A","","Rock County, Wisconsin","Private","Total, all industries","County, Total -- by ownership sector","All establishment sizes",3165,58749,1830487383,0,0,599,31158,"",0.99,1.03,1.03,0.00,0.00,1.00,1.00,"",1,0.0,-555,-0.9,26422777,1.5,0,0.0,0,0.0,14,2.4,737,2.4
"55105","5","101","72","0","2000","A","","Rock County, Wisconsin","Private","Goods-producing","County, by Domain -- by ownership sector","All establishment sizes",718,21555,947403927,0,0,845,43954,"",1.31,1.62,1.99,0.00,0.00,1.22,1.22,"",12,1.7,-964,-4.3,-9799008,-1.0,0,0.0,0,0.0,28,3.4,1447,3.4
"55105","5","1011","73","0","2000","A","","Rock County, Wisconsin","Private","Natural resources and mining","County, by Supersector -- by ownership sector","All establishment sizes",39,339,10108371,0,0,574,29848,"",0.72,0.38,0.42,0.00,0.00,1.09,1.09,"",3,8.3,33,10.8,1417672,16.3,0,0.0,0,0.0,28,5.1,1432,5.0
"55105","5","1012","73","0","2000","A","","Rock County, Wisconsin","Private","Construction","County, by Supersector -- by ownership sector","All establishment sizes",409,2937,110141741,0,0,721,37507,"",1.27,0.85,0.98,0.00,0.00,1.15,1.15,"",2,0.5,-83,-2.7,-6974447,-6.0,0,0.0,0,0.0,-25,-3.4,-1279,-3.3
"55105","5","1013","73","0","2000","A","","Rock County, Wisconsin","Private","Manufacturing","County, by Supersector -- by ownership sector","All establishment sizes",270,18279,827153815,0,0,870,45251,"",1.60,2.04,2.43,0.00,0.00,1.19,1.19,"",6,2.3,-915,-4.8,-4242233,-0.5,0,0.0,0,0.0,37,4.4,1934,4.5
"55105","5","102","72","0","2000","A","","Rock County, Wisconsin","Private","Service-providing","County, by Domain -- by ownership sector","All establishment sizes",2447,37194,883083456,0,0,457,23743,"",0.92,0.85,0.68,0.00,0.00,0.80,0.80,"",-11,-0.4,409,1.1,36221785,4.3,0,0.0,0,0.0,14,3.2,721,3.1
"55105","5","1021","73","0","2000","A","","Rock County, Wisconsin","Private","Trade, transportation, and utilities","County, by Supersector -- by ownership sector","All establishment sizes",790,14522,372228923,0,0,493,25632,"",1.02,1.09,1.02,0.00,0.00,0.94,0.94,"",-11,-1.4,110,0.8,13719906,3.8,0,0.0,0,0.0,15,3.1,756,3.0
"55105","5","1022","73","0","2000","A","","Rock County, Wisconsin","Private","Information","County, by Supersector -- by ownership sector","All establishment sizes",45,1312,30257552,0,0,443,23059,"",0.73,0.70,0.31,0.00,0.00,0.44,0.45,"",1,2.3,102,8.4,3265172,12.1,0,0.0,0,0.0,14,3.3,744,3.3
"55105","5","1023","73","0","2000","A","","Rock County, Wisconsin","Private","Financial activities","County, by Supersector -- by ownership sector","All establishment sizes",276,1724,47970086,0,0,535,27830,"",0.93,0.44,0.26,0.00,0.00,0.60,0.60,"",-9,-3.2,-41,-2.3,-471638,-1.0,0,0.0,0,0.0,7,1.3,383,1.4
"55105","5","1024","73","0","2000","A","","Rock County, Wisconsin","Private","Professional and business services","County, by Supersector -- by ownership sector","All establishment sizes",383,4471,104245635,0,0,448,23317,"",0.75,0.52,0.32,0.00,0.00,0.62,0.62,"",22,6.1,362,8.8,904433,0.9,0,0.0,0,0.0,-36,-7.4,-1836,-7.3
"55105","5","1025","73","0","2000","A","","Rock County, Wisconsin","Private","Education and health services","County, by Supersector -- by ownership sector","All establishment sizes",248,7421,245721735,0,0,637,33112,"",0.88,1.00,1.19,0.00,0.00,1.20,1.20,"",1,0.4,-64,-0.9,15809006,6.9,0,0.0,0,0.0,46,7.8,2395,7.8
"55105","5","1026","73","0","2000","A","","Rock County, Wisconsin","Private","Leisure and hospitality","County, by Supersector -- by ownership sector","All establishment sizes",370,6005,55059971,0,0,176,9170,"",1.41,0.98,0.67,0.00,0.00,0.68,0.69,"",-5,-1.3,-15,-0.2,1673625,3.1,0,0.0,0,0.0,5,2.9,302,3.4
"55105","5","1027","73","0","2000","A","","Rock County, Wisconsin","Private","Other services","County, by Supersector -- by ownership sector","All establishment sizes",335,1738,27549118,0,0,305,15850,"",0.84,0.81,0.65,0.00,0.00,0.80,0.80,"",-8,-2.3,-15,-0.9,1444061,5.5,0,0.0,0,0.0,19,6.6,958,6.4
"55105","5","11","74","0","2000","A","","Rock County, Wisconsin","Private","Agriculture, forestry, fishing and hunting","County, NAICS Sector -- by ownership sector","All establishment sizes",35,248,5133177,0,0,399,20733,"",0.81,0.40,0.48,0.00,0.00,1.21,1.21,"",4,12.9,32,14.8,975111,23.5,0,0.0,0,0.0,29,7.8,1505,7.8
"55105","5","111","75","0","2000","A","","Rock County, Wisconsin","Private","Crop production","County, NAICS 3-digit -- by ownership sector","All establishment sizes",14,98,2006102,0,0,395,20523,"",0.69,0.33,0.41,0.00,0.00,1.24,1.24,"",2,16.7,18,22.5,633592,46.2,0,0.0,0,0.0,66,20.1,3402,19.9
"55105","5","1111","76","0","2000","A","","Rock County, Wisconsin","Private","Oilseed and grain farming","County, NAICS 4-digit -- by ownership sector","All establishment sizes",10,44,887834,0,0,385,20026,"",3.92,3.06,3.11,0.00,0.00,1.00,1.01,"",2,25.0,0,0.0,80311,9.9,0,0.0,0,0.0,29,8.1,1533,8.3
"55105","5","11115","77","0","2000","A","","Rock County, Wisconsin","Private","Corn farming","County, NAICS 5-digit -- by ownership sector","All establishment sizes",10,44,887834,0,0,385,20026,"",18.45,8.08,7.28,0.00,0.00,0.89,0.89,"",2,25.0,0,0.0,80311,9.9,0,0.0,0,0.0,29,8.1,1533,8.3
"55105","5","111150","78","0","2000","A","","Rock County, Wisconsin","Private","Corn farming","County, NAICS 6-digit -- by ownership sector","All establishment sizes",10,44,887834,0,0,385,20026,"",18.45,8.08,7.28,0.00,0.00,0.89,0.89,"",2,25.0,0,0.0,80311,9.9,0,0.0,0,0.0,29,8.1,1533,8.3
"55105","5","112","75","0","2000","A","","Rock County, Wisconsin","Private","Animal production and aquaculture","County, NAICS 3-digit -- by ownership sector","All establishment sizes",10,120,2382053,0,0,383,19933,"",1.16,1.18,1.20,0.00,0.00,1.02,1.02,"",1,11.1,16,15.4,370261,18.4,0,0.0,0,0.0,10,2.7,527,2.7
"55105","5","1121","76","0","2000","A","","Rock County, Wisconsin","Private","Cattle ranching and farming","County, NAICS 4-digit -- by ownership sector","All establishment sizes",7,69,1249074,0,0,351,18235,"",1.33,1.29,1.24,0.00,0.00,0.97,0.97,"",1,16.7,13,23.2,306267,32.5,0,0.0,0,0.0,26,8.0,1349,8.0
"55105","5","115","75","0","2000","A","","Rock County, Wisconsin","Private","Agriculture and forestry support activities","County, NAICS 3-digit -- by ownership sector","All establishment sizes",10,30,745022,0,0,472,24561,"",1.38,0.18,0.30,0.00,0.00,1.68,1.68,"",0,0.0,-2,-6.2,-28742,-3.7,0,0.0,0,0.0,13,2.8,692,2.9
"55105","5","21","74","0","2000","A","","Rock County, Wisconsin","Private","Mining, quarrying, and oil and gas extraction","County, NAICS Sector -- by ownership sector","All establishment sizes",4,91,4975194,0,0,1050,54622,"",0.37,0.34,0.37,0.00,0.00,1.06,1.07,"",-1,-20.0,1,1.1,442561,9.8,0,0.0,0,0.0,77,7.9,4025,8.0
"55105","5","23","74","0","2000","A","","Rock County, Wisconsin","Private","Construction","County, NAICS Sector -- by ownership sector","All establishment sizes",409,2937,110141741,0,0,721,37507,"",1.27,0.85,0.98,0.00,0.00,1.15,1.15,"",2,0.5,-83,-2.7,-6974447,-6.0,0,0.0,0,0.0,-25,-3.4,-1279,-3.3
"55105","5","236","75","0","2000","A","","Rock County, Wisconsin","Private","Construction of buildings","County, NAICS 3-digit -- by ownership sector","All establishment sizes",102,888,33542144,0,0,727,37780,"",1.06,1.11,1.21,0.00,0.00,1.09,1.09,"",-2,-1.9,11,1.3,2098225,6.7,0,0.0,0,0.0,37,5.4,1912,5.3
"55105","5","2361","76","0","2000","A","","Rock County, Wisconsin","Private","Residential building construction","County, NAICS 4-digit -- by ownership sector","All establishment sizes",81,314,9283683,0,0,569,29613,"",1.10,0.81,0.79,0.00,0.00,0.98,0.98,"",1,1.2,-15,-4.6,-105656,-1.1,0,0.0,0,0.0,19,3.5,1031,3.6
"55105","5","23611","77","0","2000","A","","Rock County, Wisconsin","Private","Residential building construction","County, NAICS 5-digit -- by ownership sector","All establishment sizes",81,314,9283683,0,0,569,29613,"",1.10,0.81,0.79,0.00,0.00,0.98,0.98,"",1,1.2,-15,-4.6,-105656,-1.1,0,0.0,0,0.0,19,3.5,1031,3.6
"55105","5","236115","78","0","2000","A","","Rock County, Wisconsin","Private","New single-family general contractors","County, NAICS 6-digit -- by ownership sector","All establishment sizes",59,236,7566702,0,0,617,32074,"",1.38,0.97,1.00,0.00,0.00,1.03,1.03,"",1,1.7,-9,-3.7,106475,1.4,0,0.0,0,0.0,32,5.5,1665,5.5
"55105","5","236118","78","0","2000","A","","Rock County, Wisconsin","Private","Residential remodelers","County, NAICS 6-digit -- by ownership sector","All establishment sizes",20,67,1393505,0,0,403,20955,"",0.70,0.56,0.46,0.00,0.00,0.81,0.81,"",1,5.3,-1,-1.5,-135719,-8.9,0,0.0,0,0.0,-28,-6.5,-1451,-6.5
"55105","5","2362","76","0","2000","A","","Rock County, Wisconsin","Private","Nonresidential building construction","County, NAICS 4-digit -- by ownership sector","All establishment sizes",21,574,24258461,0,0,812,42238,"",0.93,1.39,1.51,0.00,0.00,1.09,1.09,"",-3,-12.5,26,4.7,2203881,10.0,0,0.0,0,0.0,38,4.9,2005,5.0
"55105","5","237","75","0","2000","A","","Rock County, Wisconsin","Private","Heavy and civil engineering construction","County, NAICS 3-digit -- by ownership sector","All establishment sizes",21,217,11577330,0,0,1027,53413,"",0.83,0.45,0.65,0.00,0.00,1.46,1.46,"",-1,-4.5,-15,-6.5,-1256987,-9.8,0,0.0,0,0.0,-38,-3.6,-1967,-3.6
"55105","5","2371","76","0","2000","A","","Rock County, Wisconsin","Private","Utility system construction","County, NAICS 4-digit -- by ownership sector","All establishment sizes",8,63,3029314,0,0,919,47768,"",0.81,0.31,0.44,0.00,0.00,1.38,1.39,"",0,0.0,9,16.7,209144,7.4,0,0.0,0,0.0,-81,-8.1,-4217,-8.1
"55105","5","238","75","0","2000","A","","Rock County, Wisconsin","Private","Specialty trade contractors","County, NAICS 3-digit -- by ownership sector","All establishment sizes",287,1832,65022267,0,0,683,35493,"",1.42,0.85,0.97,0.00,0.00,1.14,1.14,"",6,2.1,-79,-4.1,-7815685,-10.7,0,0.0,0,0.0,-50,-6.8,-2619,-6.9
"55105","5","2381","76","0","2000","A","","Rock County, Wisconsin","Private","Building foundation and exterior contractors","County, NAICS 4-digit -- by ownership sector","All establishment sizes",65,337,9933137,0,0,568,29512,"",1.46,0.73,0.79,0.00,0.00,1.09,1.09,"",4,6.6,23,7.3,488242,5.2,0,0.0,0,0.0,-11,-1.9,-591,-2.0
"55105","5","23811","77","0","2000","A","","Rock County, Wisconsin","Private","Poured concrete structure contractors","County, NAICS 5-digit -- by ownership sector","All establishment sizes",14,93,2765408,0,0,572,29736,"",1.93,0.99,1.07,0.00,0.00,1.08,1.08,"",1,7.7,5,5.7,187994,7.3,0,0.0,0,0.0,6,1.1,308,1.0
"55105","5","23813","77","0","2000","A","","Rock County, Wisconsin","Private","Framing contractors","County, NAICS 5-digit -- by ownership sector","All establishment sizes",13,48,995232,0,0,402,20916,"",1.89,0.79,0.66,0.00,0.00,0.85,0.85,"",1,8.3,3,6.7,38786,4.1,0,0.0,0,0.0,-6,-1.5,-299,-1.4
"55105","5","238131","78","0","2000","A","","Rock County, Wisconsin","Private","Residential framing contractors","County, NAICS 6-digit -- by ownership sector","All establishment sizes",12,48,995232,0,0,402,20916,"",1.98,0.96,0.84,0.00,0.00,0.89,0.89,"",1,9.1,3,6.7,38786,4.1,0,0.0,0,0.0,-6,-1.5,-299,-1.4
"55105","5","23814","77","0","2000","A","","Rock County, Wisconsin","Private","Masonry contractors","County, NAICS 5-digit -- by ownership sector","All establishment sizes",13,65,2450482,0,0,724,37651,"",1.08,0.59,0.85,0.00,0.00,1.45,1.45,"",2,18.2,3,4.8,58241,2.4,0,0.0,0,0.0,-13,-1.8,-676,-1.8
"55105","5","23816","77","0","2000","A","","Rock County, Wisconsin","Private","Roofing contractors","County, NAICS 5-digit -- by ownership sector","All establishment sizes",11,52,1409889,0,0,526,27376,"",1.27,0.56,0.59,0.00,0.00,1.06,1.06,"",0,0.0,0,0.0,-25780,-1.8,0,0.0,0,0.0,-10,-1.9,-501,-1.8
"55105","5","23817","77","0","2000","A","","Rock County, Wisconsin","Private","Siding contractors","County, NAICS 5-digit -- by ownership sector","All establishment sizes",7,41,905653,0,0,426,22134,"",2.21,2.43,2.31,0.00,0.00,0.95,0.95,"",0,0.0,2,5.1,-38416,-4.1,0,0.0,0,0.0,-41,-8.8,-2125,-8.8
"55105","5","2382","76","0","2000","A","","Rock County, Wisconsin","Private","Building equipment contractors","County, NAICS 4-digit -- by ownership sector","All establishment sizes",101,998,41080770,0,0,792,41180,"",1.36,1.03,1.22,0.00,0.00,1.18,1.18,"",5,5.2,-85,-7.8,-7667847,-15.7,0,0.0,0,0.0,-74,-8.5,-3840,-8.5
"55105","5","23821","77","0","2000","A","","Rock County, Wisconsin","Private","Electrical and wiring contractors","County, NAICS 5-digit -- by ownership sector","All establishment sizes",44,559,24188845,0,0,833,43310,"",1.23,1.15,1.38,0.00,0.00,1.21,1.21,"",4,10.0,52,10.3,864396,3.7,0,0.0,0,0.0,-51,-5.8,-2672,-5.8
"55105","5","238211","78","0","2000","A","","Rock County, Wisconsin","Private","Residential electrical contractors","County, NAICS 6-digit -- by ownership sector","All establishment sizes",25,108,3467870,0,0,616,32011,"",1.34,0.74,0.81,0.00,0.00,1.10,1.10,"",3,13.6,-3,-2.7,-412882,-10.6,0,0.0,0,0.0,-57,-8.5,-2977,-8.5
"55105","5","238212","78","0","2000","A","","Rock County, Wisconsin","Private","Nonresidential electrical contractors","County, NAICS 6-digit -- by ownership sector","All establishment sizes",18,450,20720975,0,0,885,46030,"",1.05,1.32,1.56,0.00,0.00,1.18,1.18,"",1,5.9,54,13.6,1277278,6.6,0,0.0,0,0.0,-58,-6.2,-3029,-6.2
"55105","5","238221","78","0","2000","A","","Rock County, Wisconsin","Private","Residential plumbing and hvac contractors","County, NAICS 6-digit -- by ownership sector","All establishment sizes",37,312,11391958,0,0,702,36513,"",1.53,1.60,2.12,0.00,0.00,1.32,1.32,"",1,2.8,9,3.0,646394,6.0,0,0.0,0,0.0,19,2.8,1020,2.9
"55105","5","2383","76","0","2000","A","","Rock County, Wisconsin","Private","Building finishing contractors","County, NAICS 4-digit -- by ownership sector","All establishment sizes",70,222,5297258,0,0,458,23817,"",1.35,0.50,0.44,0.00,0.00,0.87,0.87,"",-6,-7.9,-22,-9.0,-666763,-11.2,0,0.0,0,0.0,-13,-2.8,-659,-2.7
"55105","5","23831","77","0","2000","A","","Rock County, Wisconsin","Private","Drywall and insulation contractors","County, NAICS 5-digit -- by ownership sector","All establishment sizes",20,71,1482531,0,0,399,20759,"",2.06,0.44,0.32,0.00,0.00,0.72,0.72,"",-1,-4.8,-5,-6.6,-168787,-10.2,0,0.0,0,0.0,-19,-4.5,-969,-4.5
"55105","5","23832","77","0","2000","A","","Rock County, Wisconsin","Private","Painting and wall covering contractors","County, NAICS 5-digit -- by ownership sector","All establishment sizes",18,36,676077,0,0,365,18955,"",1.06,0.32,0.25,0.00,0.00,0.78,0.78,"",0,0.0,4,12.5,52936,8.5,0,0.0,0,0.0,-7,-1.9,-367,-1.9
"55105","5","23835","77","0","2000","A","","Rock County, Wisconsin","Private","Finish carpentry contractors","County, NAICS 5-digit -- by ownership sector","All establishment sizes",18,55,1488397,0,0,524,27227,"",1.47,0.82,0.82,0.00,0.00,1.01,1.01,"",0,0.0,-4,-6.8,-218877,-12.8,0,0.0,0,0.0,-30,-5.4,-1588,-5.5
"55105","5","23839","77","0","2000","A","","Rock County, Wisconsin","Private","Other building finishing contractors","County, NAICS 5-digit -- by ownership sector","All establishment sizes",7,39,1034992,0,0,506,26313,"",2.08,1.17,1.07,0.00,0.00,0.91,0.91,"",-1,-12.5,-9,-18.8,-316437,-23.4,0,0.0,0,0.0,-33,-6.1,-1696,-6.1
"55105","5","2389","76","0","2000","A","","Rock County, Wisconsin","Private","Other specialty trade contractors","County, NAICS 4-digit -- by ownership sector","All establishment sizes",51,275,8711102,0,0,608,31629,"",1.64,0.95,1.02,0.00,0.00,1.07,1.07,"",3,6.2,4,1.5,30683,0.4,0,0.0,0,0.0,-8,-1.3,-412,-1.3
"55105","5","23891","77","0","2000","A","","Rock County, Wisconsin","Private","Site preparation contractors","County, NAICS 5-digit -- by ownership sector","All establishment sizes",21,85,3121807,0,0,704,36619,"",1.31,0.58,0.69,0.00,0.00,1.19,1.19,"",-1,-4.5,-9,-9.6,-202426,-6.1,0,0.0,0,0.0,26,3.8,1380,3.9
"55105","5","23899","77","0","2000","A","","Rock County, Wisconsin","Private","All other specialty trade contractors","County, NAICS 5-digit -- by ownership sector","All establishment sizes",30,190,5589295,0,0,565,29392,"",1.98,1.32,1.37,0.00,0.00,1.03,1.04,"",4,15.4,13,7.3,233109,4.4,0,0.0,0,0.0,-18,-3.1,-940,-3.1
"55105","5","238991","78","0","2000","A","","Rock County, Wisconsin","Private","All other residential trade contractors","County, NAICS 6-digit -- by ownership sector","All establishment sizes",26,122,2855364,0,0,449,23373,"",2.76,1.92,1.82,0.00,0.00,0.95,0.95,"",4,18.2,4,3.4,6261,0.2,0,0.0,0,0.0,-14,-3.0,-687,-2.9
"55105","5","238992","78","0","2000","A","","Rock County, Wisconsin","Private","All other nonresidential trade contractors","County, NAICS 6-digit -- by ownership sector","All establishment sizes",5,68,2733931,0,0,773,40205,"",0.88,0.85,1.09,0.00,0.00,1.28,1.28,"",1,25.0,10,17.2,226848,9.0,0,0.0,0,0.0,-56,-6.8,-2897,-6.7
"55105","5","31-33","74","0","2000","A","","Rock County, Wisconsin","Private","Manufacturing","County, NAICS Sector -- by ownership sector","All establishment sizes",270,18279,827153815,0,0,870,45251,"",1.60,2.04,2.43,0.00,0.00,1.19,1.19,"",6,2.3,-915,-4.8,-4242233,-0.5,0,0.0,0,0.0,37,4.4,1934,4.5
"55105","5","311","75","0","2000","A","","Rock County, Wisconsin","Private","Food manufacturing","County, NAICS 3-digit -- by ownership sector","All establishment sizes",19,2241,90572235,0,0,777,40408,"",1.49,2.78,4.04,0.00,0.00,1.45,1.45,"",2,11.8,64,2.9,7064600,8.5,0,0.0,0,0.0,39,5.3,2050,5.3
"55105","5","314","75","0","2000","A","","Rock County, Wisconsin","Private","Textile product mills","County, NAICS 3-digit -- by ownership sector","All establishment sizes",9,24,277494,0,0,221,11483,"",2.47,0.21,0.11,0.00,0.00,0.50,0.50,"",-1,-10.0,-3,-11.1,23315,9.2,0,0.0,0,0.0,41,22.8,2127,22.7
"55105","5","321","75","0","2000","A","","Rock County, Wisconsin","Private","Wood product manufacturing","County, NAICS 3-digit -- by ownership sector","All establishment sizes",10,192,4889119,0,0,489,25442,"",1.23,0.60,0.60,0.00,0.00,0.99,0.99,"",0,0.0,8,4.3,370391,8.2,0,0.0,0,0.0,15,3.2,817,3.3
"55105","5","3219","76","0","2000","A","","Rock County, Wisconsin","Private","Other wood product manufacturing","County, NAICS 4-digit -- by ownership sector","All establishment sizes",6,144,3639448,0,0,488,25362,"",1.17,0.78,0.81,0.00,0.00,1.04,1.04,"",0,0.0,15,11.6,380905,11.7,0,0.0,0,0.0,2,0.4,86,0.3
"55105","5","323","75","0","2000","A","","Rock County, Wisconsin","Private","Printing and related support activities","County, NAICS 3-digit -- by ownership sector","All establishment sizes",30,274,7758585,0,0,544,28307,"",1.63,0.66,0.58,0.00,0.00,0.89,0.89,"",2,7.1,18,7.0,31214,0.4,0,0.0,0,0.0,-36,-6.2,-1849,-6.1
"55105","5","3231","76","0","2000","A","","Rock County, Wisconsin","Private","Printing and related support activities","County, NAICS 4-digit -- by ownership sector","All establishment sizes",30,274,7758585,0,0,544,28307,"",1.63,0.66,0.58,0.00,0.00,0.89,0.89,"",2,7.1,18,7.0,31214,0.4,0,0.0,0,0.0,-36,-6.2,-1849,-6.1
"55105","5","323110","78","0","2000","A","","Rock County, Wisconsin","Private","Commercial lithographic printing","County, NAICS 6-digit -- by ownership sector","All establishment sizes",7,167,5339386,0,0,613,31893,"",1.18,1.00,0.92,0.00,0.00,0.92,0.92,"",0,0.0,15,9.9,-446,0.0,0,0.0,0,0.0,-65,-9.6,-3353,-9.5
"55105","5","323114","78","0","2000","A","","Rock County, Wisconsin","Private","Quick printing","County, NAICS 6-digit -- by ownership sector","All establishment sizes",11,39,731845,0,0,366,19009,"",2.14,0.85,0.61,0.00,0.00,0.73,0.73,"",0,0.0,-1,-2.5,1586,0.2,0,0.0,0,0.0,15,4.3,753,4.1
"55105","5","325","75","0","2000","A","","Rock County, Wisconsin","Private","Chemical manufacturing","County, NAICS 3-digit -- by ownership sector","All establishment sizes",13,535,22461952,0,0,808,42018,"",1.96,1.05,0.83,0.00,0.00,0.79,0.79,"",0,0.0,11,2.1,1168068,5.5,0,0.0,0,0.0,27,3.5,1413,3.5
"55105","5","326","75","0","2000","A","","Rock County, Wisconsin","Private","Plastics and rubber products manufacturing","County, NAICS 3-digit -- by ownership sector","All establishment sizes",13,827,21903268,0,0,509,26475,"",1.91,1.67,1.44,0.00,0.00,0.86,0.86,"",3,30.0,-19,-2.2,756911,3.6,0,0.0,0,0.0,28,5.8,1477,5.9
"55105","5","327","75","0","2000","A","","Rock County, Wisconsin","Private","Nonmetallic mineral product manufacturing","County, NAICS 3-digit -- by ownership sector","All establishment sizes",12,245,6647517,0,0,522,27142,"",1.59,0.85,0.69,0.00,0.00,0.81,0.81,"",1,9.1,-11,-4.3,127721,2.0,0,0.0,0,0.0,33,6.7,1691,6.6
"55105","5","3273","76","0","2000","A","","Rock County, Wisconsin","Private","Cement and concrete product manufacturing","County, NAICS 4-digit -- by ownership sector","All establishment sizes",7,96,2959148,0,0,592,30771,"",1.74,0.78,0.73,0.00,0.00,0.93,0.93,"",0,0.0,3,3.2,154433,5.5,0,0.0,0,0.0,13,2.2,667,2.2
"55105","5","331","75","0","2000","A","","Rock County, Wisconsin","Private","Primary metal manufacturing","County, NAICS 3-digit -- by ownership sector","All establishment sizes",5,644,28295298,0,0,844,43908,"",1.87,2.00,2.21,0.00,0.00,1.10,1.11,"",0,0.0,-2,-0.3,499822,1.8,0,0.0,0,0.0,17,2.1,898,2.1
"55105","5","332","75","0","2000","A","","Rock County, Wisconsin","Private","Fabricated metal product manufacturing","County, NAICS 3-digit -- by ownership sector","All establishment sizes",49,2281,71219746,0,0,600,31220,"",1.83,2.48,2.39,0.00,0.00,0.96,0.96,"",-1,-2.0,-164,-6.7,1506802,2.2,0,0.0,0,0.0,52,9.5,2707,9.5
"55105","5","3321","76","0","2000","A","","Rock County, Wisconsin","Private","Forging and stamping","County, NAICS 4-digit -- by ownership sector","All establishment sizes",5,998,31983734,0,0,616,32042,"",4.36,14.27,13.22,0.00,0.00,0.92,0.93,"",0,0.0,24,2.5,2771800,9.5,0,0.0,0,0.0,39,6.8,2040,6.8
"55105","5","33211","77","0","2000","A","","Rock County, Wisconsin","Private","Forging and stamping","County, NAICS 5-digit -- by ownership sector","All establishment sizes",5,998,31983734,0,0,616,32042,"",4.36,14.27,13.22,0.00,0.00,0.92,0.93,"",0,0.0,24,2.5,2771800,9.5,0,0.0,0,0.0,39,6.8,2040,6.8
"55105","5","3323","76","0","2000","A","","Rock County, Wisconsin","Private","Architectural and structural metals mfg.","County, NAICS 4-digit -- by ownership sector","All establishment sizes",9,533,18088162,0,0,652,33921,"",1.47,2.32,2.59,0.00,0.00,1.11,1.11,"",-1,-10.0,-5,-0.9,415182,2.3,0,0.0,0,0.0,21,3.3,1092,3.3
"55105","5","3327","76","0","2000","A","","Rock County, Wisconsin","Private","Machine shops and threaded product mfg.","County, NAICS 4-digit -- by ownership sector","All establishment sizes",16,137,4961194,0,0,699,36346,"",1.52,0.72,0.79,0.00,0.00,1.10,1.10,"",-1,-5.9,-2,-1.4,355079,7.7,0,0.0,0,0.0,62,9.7,3228,9.7
"55105","5","3329","76","0","2000","A","","Rock County, Wisconsin","Private","Other fabricated metal product manufacturing","County, NAICS 4-digit -- by ownership sector","All establishment sizes",11,378,11934156,0,0,607,31572,"",3.75,2.18,1.97,0.00,0.00,0.90,0.90,"",-1,-8.3,-54,-12.5,-340283,-2.8,0,0.0,0,0.0,60,11.0,3126,11.0
"55105","5","33299","77","0","2000","A","","Rock County, Wisconsin","Private","All other fabricated metal product mfg.","County, NAICS 5-digit -- by ownership sector","All establishment sizes",11,378,11934156,0,0,607,31572,"",5.01,3.40,3.12,0.00,0.00,0.92,0.92,"",-1,-8.3,-54,-12.5,-340283,-2.8,0,0.0,0,0.0,60,11.0,3126,11.0
"55105","5","333","75","0","2000","A","","Rock County, Wisconsin","Private","Machinery manufacturing","County, NAICS 3-digit -- by ownership sector","All establishment sizes",42,2363,107374390,0,0,874,45437,"",2.77,3.13,3.55,0.00,0.00,1.13,1.13,"",1,2.4,-547,-18.8,-24717500,-18.7,0,0.0,0,0.0,1,0.1,38,0.1
"55105","5","3332","76","0","2000","A","","Rock County, Wisconsin","Private","Industrial machinery manufacturing","County, NAICS 4-digit -- by ownership sector","All establishment sizes",9,969,51333088,0,0,1019,52994,"",4.51,11.60,12.51,0.00,0.00,1.08,1.08,"",0,0.0,-487,-33.4,-25001372,-32.8,0,0.0,0,0.0,11,1.1,581,1.1
"55105","5","3335","76","0","2000","A","","Rock County, Wisconsin","Private","Metalworking machinery manufacturing","County, NAICS 4-digit -- by ownership sector","All establishment sizes",13,175,6089243,0,0,671,34879,"",2.36,1.23,1.10,0.00,0.00,0.89,0.89,"",1,8.3,-6,-3.3,-96031,-1.6,0,0.0,0,0.0,12,1.8,612,1.8
"55105","5","33351","77","0","2000","A","","Rock County, Wisconsin","Private","Metalworking machinery manufacturing","County, NAICS 5-digit -- by ownership sector","All establishment sizes",13,175,6089243,0,0,671,34879,"",2.36,1.23,1.10,0.00,0.00,0.89,0.89,"",1,8.3,-6,-3.3,-96031,-1.6,0,0.0,0,0.0,12,1.8,612,1.8
"55105","5","3339","76","0","2000","A","","Rock County, Wisconsin","Private","Other general purpose machinery manufacturing","County, NAICS 4-digit -- by ownership sector","All establishment sizes",13,248,7947835,0,0,617,32080,"",3.96,1.40,1.17,0.00,0.00,0.83,0.84,"",1,8.3,-6,-2.4,449506,6.0,0,0.0,0,0.0,49,8.6,2530,8.6
"55105","5","33399","77","0","2000","A","","Rock County, Wisconsin","Private","All other general purpose machinery mfg.","County, NAICS 5-digit -- by ownership sector","All establishment sizes",8,206,6817907,0,0,637,33110,"",4.19,2.20,1.87,0.00,0.00,0.85,0.85,"",1,14.3,-10,-4.6,367050,5.7,0,0.0,0,0.0,63,11.0,3245,10.9
"55105","5","336","75","0","2000","A","","Rock County, Wisconsin","Private","Transportation equipment manufacturing","County, NAICS 3-digit -- by ownership sector","All establishment sizes",13,6840,400088349,0,0,1125,58497,"",1.94,6.43,8.55,0.00,0.00,1.33,1.33,"",1,8.3,-158,-2.3,6623375,1.7,0,0.0,0,0.0,44,4.1,2274,4.0
"55105","5","3363","76","0","2000","A","","Rock County, Wisconsin","Private","Motor vehicle parts manufacturing","County, NAICS 4-digit -- by ownership sector","All establishment sizes",7,1769,57964785,0,0,630,32767,"",2.39,4.09,3.34,0.00,0.00,0.82,0.82,"",1,16.7,-9,-0.5,3944757,7.3,0,0.0,0,0.0,46,7.9,2389,7.9
"55105","5","337","75","0","2000","A","","Rock County, Wisconsin","Private","Furniture and related product manufacturing","County, NAICS 3-digit -- by ownership sector","All establishment sizes",12,818,30104837,0,0,708,36825,"",1.10,2.30,3.36,0.00,0.00,1.46,1.46,"",0,0.0,16,2.0,2178762,7.8,0,0.0,0,0.0,39,5.8,2019,5.8
"55105","5","339","75","0","2000","A","","Rock County, Wisconsin","Private","Miscellaneous manufacturing","County, NAICS 3-digit -- by ownership sector","All establishment sizes",29,387,13467902,0,0,669,34808,"",2.08,1.01,1.08,0.00,0.00,1.07,1.07,"",0,0.0,-22,-5.4,1145662,9.3,0,0.0,0,0.0,90,15.5,4674,15.5
"55105","5","3391","76","0","2000","A","","Rock County, Wisconsin","Private","Medical equipment and supplies manufacturing","County, NAICS 4-digit -- by ownership sector","All establishment sizes",12,51,1164126,0,0,443,23014,"",2.14,0.32,0.19,0.00,0.00,0.61,0.61,"",0,0.0,2,4.1,114588,10.9,0,0.0,0,0.0,27,6.5,1374,6.3
"55105","5","33911","77","0","2000","A","","Rock County, Wisconsin","Private","Medical equipment and supplies manufacturing","County, NAICS 5-digit -- by ownership sector","All establishment sizes",12,51,1164126,0,0,443,23014,"",2.14,0.32,0.19,0.00,0.00,0.61,0.61,"",0,0.0,2,4.1,114588,10.9,0,0.0,0,0.0,27,6.5,1374,6.3
"55105","5","3399","76","0","2000","A","","Rock County, Wisconsin","Private","Other miscellaneous manufacturing","County, NAICS 4-digit -- by ownership sector","All establishment sizes",17,336,12303776,0,0,704,36582,"",2.04,1.51,1.92,0.00,0.00,1.27,1.27,"",0,0.0,-24,-6.7,1031074,9.1,0,0.0,0,0.0,103,17.1,5305,17.0
"55105","5","42","74","0","2000","A","","Rock County, Wisconsin","Private","Wholesale trade","County, NAICS Sector -- by ownership sector","All establishment sizes",182,2977,98454445,0,0,636,33075,"",0.76,1.00,0.78,0.00,0.00,0.78,0.78,"",-1,-0.5,5,0.2,1095833,1.1,0,0.0,0,0.0,6,1.0,321,1.0
"55105","5","423","75","0","2000","A","","Rock County, Wisconsin","Private","Merchant wholesalers, durable goods","County, NAICS 3-digit -- by ownership sector","All establishment sizes",108,1992,63726296,0,0,615,31986,"",0.95,1.23,0.89,0.00,0.00,0.72,0.72,"",0,0.0,133,7.2,5966962,10.3,0,0.0,0,0.0,18,3.0,921,3.0
"55105","5","4231","76","0","2000","A","","Rock County, Wisconsin","Private","Motor vehicle and parts merchant wholesalers","County, NAICS 4-digit -- by ownership sector","All establishment sizes",17,864,22846787,0,0,509,26456,"",1.63,4.79,3.87,0.00,0.00,0.81,0.81,"",2,13.3,129,17.6,4170892,22.3,0,0.0,0,0.0,20,4.1,1038,4.1
"55105","5","4233","76","0","2000","A","","Rock County, Wisconsin","Private","Lumber and const. supply merchant wholesalers","County, NAICS 4-digit -- by ownership sector","All establishment sizes",8,84,4431918,0,0,1018,52918,"",1.08,0.74,1.09,0.00,0.00,1.47,1.48,"",1,14.3,0,0.0,228385,5.4,0,0.0,0,0.0,59,6.2,3074,6.2
"55105","5","4234","76","0","2000","A","","Rock County, Wisconsin","Private","Commercial equip. merchant wholesalers","County, NAICS 4-digit -- by ownership sector","All establishment sizes",16,65,2595127,0,0,774,40235,"",0.70,0.18,0.12,0.00,0.00,0.65,0.66,"",-1,-5.9,-3,-4.4,-45720,-1.7,0,0.0,0,0.0,22,2.9,1111,2.8
"55105","5","4236","76","0","2000","A","","Rock County, Wisconsin","Private","Electric goods merchant wholesalers","County, NAICS 4-digit -- by ownership sector","All establishment sizes",7,68,2188721,0,0,621,32306,"",0.53,0.33,0.20,0.00,0.00,0.60,0.60,"",0,0.0,1,1.5,-170912,-7.2,0,0.0,0,0.0,-61,-8.9,-3177,-9.0
"55105","5","4237","76","0","2000","A","","Rock County, Wisconsin","Private","Hardware and plumbing merchant wholesalers","County, NAICS 4-digit -- by ownership sector","All establishment sizes",8,354,13050198,0,0,708,36839,"",0.94,2.84,2.77,0.00,0.00,0.97,0.98,"",-2,-20.0,-21,-5.6,-37948,-0.3,0,0.0,0,0.0,37,5.5,1945,5.6
"55105","5","4238","76","0","2000","A","","Rock County, Wisconsin","Private","Machinery and supply merchant wholesalers","County, NAICS 4-digit -- by ownership sector","All establishment sizes",42,480,16178413,0,0,649,33734,"",1.41,1.31,1.13,0.00,0.00,0.86,0.86,"",-1,-2.3,21,4.6,1378356,9.3,0,0.0,0,0.0,29,4.7,1519,4.7
"55105","5","42382","77","0","2000","A","","Rock County, Wisconsin","Private","Farm and garden equip. merchant wholesalers","County, NAICS 5-digit -- by ownership sector","All establishment sizes",13,222,7227145,0,0,625,32518,"",3.25,4.14,4.61,0.00,0.00,1.11,1.11,"",0,0.0,21,10.4,869216,13.7,0,0.0,0,0.0,18,3.0,939,3.0
"55105","5","423820","78","0","2000","A","","Rock County, Wisconsin","Private","Farm and garden equip. merchant wholesalers","County, NAICS 6-digit -- by ownership sector","All establishment sizes",13,222,7227145,0,0,625,32518,"",3.25,4.14,4.61,0.00,0.00,1.11,1.11,"",0,0.0,21,10.4,869216,13.7,0,0.0,0,0.0,18,3.0,939,3.0
"55105","5","42383","77","0","2000","A","","Rock County, Wisconsin","Private","Industrial machinery merchant wholesalers","County, NAICS 5-digit -- by ownership sector","All establishment sizes",18,123,4808388,0,0,750,38987,"",1.15,0.69,0.63,0.00,0.00,0.91,0.91,"",0,0.0,2,1.7,210915,4.6,0,0.0,0,0.0,17,2.3,860,2.3
"55105","5","423830","78","0","2000","A","","Rock County, Wisconsin","Private","Industrial machinery merchant wholesalers","County, NAICS 6-digit -- by ownership sector","All establishment sizes",18,123,4808388,0,0,750,38987,"",1.15,0.69,0.63,0.00,0.00,0.91,0.91,"",0,0.0,2,1.7,210915,4.6,0,0.0,0,0.0,17,2.3,860,2.3
"55105","5","42385","77","0","2000","A","","Rock County, Wisconsin","Private","Service estab. equip. merchant wholesalers","County, NAICS 5-digit -- by ownership sector","All establishment sizes",4,22,366349,0,0,318,16527,"",1.31,0.63,0.34,0.00,0.00,0.54,0.54,"",0,0.0,-1,-4.3,12923,3.7,0,0.0,0,0.0,16,5.3,819,5.2
"55105","5","423850","78","0","2000","A","","Rock County, Wisconsin","Private","Service estab. equip. merchant wholesalers","County, NAICS 6-digit -- by ownership sector","All establishment sizes",4,22,366349,0,0,318,16527,"",1.31,0.63,0.34,0.00,0.00,0.54,0.54,"",0,0.0,-1,-4.3,12923,3.7,0,0.0,0,0.0,16,5.3,819,5.2
"55105","5","4239","76","0","2000","A","","Rock County, Wisconsin","Private","Misc. durable goods merchant wholesalers","County, NAICS 4-digit -- by ownership sector","All establishment sizes",9,76,2168865,0,0,549,28569,"",0.68,0.53,0.46,0.00,0.00,0.86,0.86,"",1,12.5,6,8.6,351342,19.3,0,0.0,0,0.0,46,9.1,2418,9.2
"55105","5","424","75","0","2000","A","","Rock County, Wisconsin","Private","Merchant wholesalers, nondurable goods","County, NAICS 3-digit -- by ownership sector","All establishment sizes",63,953,33616670,0,0,679,35293,"",1.04,0.92,0.86,0.00,0.00,0.94,0.94,"",0,0.0,-130,-12.0,-5079159,-13.1,0,0.0,0,0.0,-8,-1.2,-451,-1.3
"55105","5","4244","76","0","2000","A","","Rock County, Wisconsin","Private","Grocery and related product wholesalers","County, NAICS 4-digit -- by ownership sector","All establishment sizes",10,126,4189454,0,0,641,33316,"",0.70,0.36,0.36,0.00,0.00,1.00,1.00,"",-1,-9.1,3,2.4,238530,6.0,0,0.0,0,0.0,23,3.7,1173,3.6
"55105","5","42449","77","0","2000","A","","Rock County, Wisconsin","Private","Other grocery product merchant wholesalers","County, NAICS 5-digit -- by ownership sector","All establishment sizes",6,113,3636399,0,0,620,32252,"",1.18,1.07,1.01,0.00,0.00,0.94,0.95,"",0,0.0,0,0.0,191426,5.6,0,0.0,0,0.0,31,5.3,1630,5.3
"55105","5","424490","78","0","2000","A","","Rock County, Wisconsin","Private","Other grocery product merchant wholesalers","County, NAICS 6-digit -- by ownership sector","All establishment sizes",6,113,3636399,0,0,620,32252,"",1.18,1.07,1.01,0.00,0.00,0.94,0.95,"",0,0.0,0,0.0,191426,5.6,0,0.0,0,0.0,31,5.3,1630,5.3
"55105","5","4246","76","0","2000","A","","Rock County, Wisconsin","Private","Chemical merchant wholesalers","County, NAICS 4-digit -- by ownership sector","All establishment sizes",10,26,1172518,0,0,881,45831,"",1.49,0.37,0.35,0.00,0.00,0.95,0.95,"",0,0.0,-4,-13.3,-64800,-5.2,0,0.0,0,0.0,86,10.8,4472,10.8
"55105","5","4249","76","0","2000","A","","Rock County, Wisconsin","Private","Misc. nondurable goods merchant wholesalers","County, NAICS 4-digit -- by ownership sector","All establishment sizes",28,494,16758703,0,0,653,33930,"",1.91,2.62,2.86,0.00,0.00,1.09,1.09,"",-1,-3.4,49,11.0,1990249,13.5,0,0.0,0,0.0,15,2.4,761,2.3
"55105","5","42491","77","0","2000","A","","Rock County, Wisconsin","Private","Farm supplies merchant wholesalers","County, NAICS 5-digit -- by ownership sector","All establishment sizes",18,189,6010528,0,0,611,31788,"",3.70,3.24,3.40,0.00,0.00,1.04,1.05,"",-1,-5.3,19,11.2,817271,15.7,0,0.0,0,0.0,23,3.9,1194,3.9
"55105","5","424910","78","0","2000","A","","Rock County, Wisconsin","Private","Farm supplies merchant wholesalers","County, NAICS 6-digit -- by ownership sector","All establishment sizes",18,189,6010528,0,0,611,31788,"",3.70,3.24,3.40,0.00,0.00,1.04,1.05,"",-1,-5.3,19,11.2,817271,15.7,0,0.0,0,0.0,23,3.9,1194,3.9
"55105","5","42499","77","0","2000","A","","Rock County, Wisconsin","Private","Other nondurable goods merchant wholesalers","County, NAICS 5-digit -- by ownership sector","All establishment sizes",5,17,661617,0,0,731,37988,"",1.04,0.39,0.47,0.00,0.00,1.18,1.18,"",0,0.0,7,70.0,330313,99.7,0,0.0,0,0.0,104,16.6,5401,16.6
"55105","5","424990","78","0","2000","A","","Rock County, Wisconsin","Private","Other nondurable goods merchant wholesalers","County, NAICS 6-digit -- by ownership sector","All establishment sizes",5,17,661617,0,0,731,37988,"",1.04,0.39,0.47,0.00,0.00,1.18,1.18,"",0,0.0,7,70.0,330313,99.7,0,0.0,0,0.0,104,16.6,5401,16.6
"55105","5","425","75","0","2000","A","","Rock County, Wisconsin","Private","Electronic markets and agents and brokers","County, NAICS 3-digit -- by ownership sector","All establishment sizes",11,32,1111479,0,0,671,34916,"",0.17,0.10,0.07,0.00,0.00,0.68,0.68,"",-1,-8.3,1,3.2,208030,23.0,0,0.0,0,0.0,101,17.7,5295,17.9
"55105","5","4251","76","0","2000","A","","Rock County, Wisconsin","Private","Electronic markets and agents and brokers","County, NAICS 4-digit -- by ownership sector","All establishment sizes",11,32,1111479,0,0,671,34916,"",0.17,0.10,0.07,0.00,0.00,0.68,0.68,"",-1,-8.3,1,3.2,208030,23.0,0,0.0,0,0.0,101,17.7,5295,17.9
"55105","5","42512","77","0","2000","A","","Rock County, Wisconsin","Private","Wholesale trade agents and brokers","County, NAICS 5-digit -- by ownership sector","All establishment sizes",11,32,1111479,0,0,671,34916,"",0.19,0.12,0.08,0.00,0.00,0.68,0.68,"",-1,-8.3,1,3.2,208030,23.0,0,0.0,0,0.0,101,17.7,5295,17.9
"55105","5","425120","78","0","2000","A","","Rock County, Wisconsin","Private","Wholesale trade agents and brokers","County, NAICS 6-digit -- by ownership sector","All establishment sizes",11,32,1111479,0,0,671,34916,"",0.19,0.12,0.08,0.00,0.00,0.68,0.68,"",-1,-8.3,1,3.2,208030,23.0,0,0.0,0,0.0,101,17.7,5295,17.9
"55105","5","44-45","74","0","2000","A","","Rock County, Wisconsin","Private","Retail trade","County, NAICS Sector -- by ownership sector","All establishment sizes",476,8702,173077255,0,0,382,19889,"",1.07,1.10,1.13,0.00,0.00,1.02,1.02,"",-10,-2.1,68,0.8,8513524,5.2,0,0.0,0,0.0,15,4.1,829,4.3
"55105","5","441","75","0","2000","A","","Rock County, Wisconsin","Private","Motor vehicle and parts dealers","County, NAICS 3-digit -- by ownership sector","All establishment sizes",59,996,34016639,0,0,657,34165,"",1.19,1.04,1.14,0.00,0.00,1.09,1.09,"",-3,-4.8,-9,-0.9,1702042,5.3,0,0.0,0,0.0,39,6.3,2022,6.3
"55105","5","4411","76","0","2000","A","","Rock County, Wisconsin","Private","Automobile dealers","County, NAICS 4-digit -- by ownership sector","All establishment sizes",28,683,26059346,0,0,734,38154,"",1.34,1.09,1.16,0.00,0.00,1.07,1.07,"",-1,-3.4,-15,-2.1,862889,3.4,0,0.0,0,0.0,39,5.6,2030,5.6
"55105","5","44111","77","0","2000","A","","Rock County, Wisconsin","Private","New car dealers","County, NAICS 5-digit -- by ownership sector","All establishment sizes",14,638,25059685,0,0,755,39253,"",1.27,1.11,1.20,0.00,0.00,1.07,1.07,"",0,0.0,-13,-2.0,795352,3.3,0,0.0,0,0.0,38,5.3,1962,5.3
"55105","5","441110","78","0","2000","A","","Rock County, Wisconsin","Private","New car dealers","County, NAICS 6-digit -- by ownership sector","All establishment sizes",14,638,25059685,0,0,755,39253,"",1.27,1.11,1.20,0.00,0.00,1.07,1.07,"",0,0.0,-13,-2.0,795352,3.3,0,0.0,0,0.0,38,5.3,1962,5.3
"55105","5","44112","77","0","2000","A","","Rock County, Wisconsin","Private","Used car dealers","County, NAICS 5-digit -- by ownership sector","All establishment sizes",14,45,999661,0,0,431,22422,"",1.40,0.81,0.68,0.00,0.00,0.85,0.85,"",-1,-6.7,-2,-4.3,67537,7.2,0,0.0,0,0.0,48,12.5,2519,12.7
"55105","5","441120","78","0","2000","A","","Rock County, Wisconsin","Private","Used car dealers","County, NAICS 6-digit -- by ownership sector","All establishment sizes",14,45,999661,0,0,431,22422,"",1.40,0.81,0.68,0.00,0.00,0.85,0.85,"",-1,-6.7,-2,-4.3,67537,7.2,0,0.0,0,0.0,48,12.5,2519,12.7
"55105","5","4412","76","0","2000","A","","Rock County, Wisconsin","Private","Other motor vehicle dealers","County, NAICS 4-digit -- by ownership sector","All establishment sizes",12,135,3974388,0,0,568,29549,"",1.90,1.95,2.14,0.00,0.00,1.10,1.10,"",0,0.0,18,15.4,688840,21.0,0,0.0,0,0.0,28,5.2,1487,5.3
"55105","5","4413","76","0","2000","A","","Rock County, Wisconsin","Private","Auto parts, accessories, and tire stores","County, NAICS 4-digit -- by ownership sector","All establishment sizes",19,178,3982905,0,0,430,22355,"",0.85,0.68,0.70,0.00,0.00,1.02,1.03,"",-2,-9.5,-13,-6.8,150313,3.9,0,0.0,0,0.0,44,11.4,2263,11.3
"55105","5","44131","77","0","2000","A","","Rock County, Wisconsin","Private","Automotive parts and accessories stores","County, NAICS 5-digit -- by ownership sector","All establishment sizes",12,88,1725228,0,0,378,19661,"",0.79,0.50,0.49,0.00,0.00,0.98,0.98,"",-3,-20.0,-20,-18.5,-175124,-9.2,0,0.0,0,0.0,39,11.5,2052,11.7
"55105","5","441310","78","0","2000","A","","Rock County, Wisconsin","Private","Automotive parts and accessories stores","County, NAICS 6-digit -- by ownership sector","All establishment sizes",12,88,1725228,0,0,378,19661,"",0.79,0.50,0.49,0.00,0.00,0.98,0.98,"",-3,-20.0,-20,-18.5,-175124,-9.2,0,0.0,0,0.0,39,11.5,2052,11.7
"55105","5","44132","77","0","2000","A","","Rock County, Wisconsin","Private","Tire dealers","County, NAICS 5-digit -- by ownership sector","All establishment sizes",7,90,2257677,0,0,480,24970,"",0.96,1.08,1.06,0.00,0.00,0.98,0.98,"",1,16.7,7,8.4,325437,16.8,0,0.0,0,0.0,31,6.9,1643,7.0
"55105","5","441320","78","0","2000","A","","Rock County, Wisconsin","Private","Tire dealers","County, NAICS 6-digit -- by ownership sector","All establishment sizes",7,90,2257677,0,0,480,24970,"",0.96,1.08,1.06,0.00,0.00,0.98,0.98,"",1,16.7,7,8.4,325437,16.8,0,0.0,0,0.0,31,6.9,1643,7.0
"55105","5","442","75","0","2000","A","","Rock County, Wisconsin","Private","Furniture and home furnishings stores","County, NAICS 3-digit -- by ownership sector","All establishment sizes",21,196,4212458,0,0,414,21510,"",0.84,0.69,0.63,0.00,0.00,0.91,0.91,"",0,0.0,3,1.6,141967,3.5,0,0.0,0,0.0,8,2.0,410,1.9
"55105","5","4421","76","0","2000","A","","Rock County, Wisconsin","Private","Furniture stores","County, NAICS 4-digit -- by ownership sector","All establishment sizes",9,116,2343738,0,0,389,20219,"",0.79,0.77,0.62,0.00,0.00,0.80,0.81,"",1,12.5,8,7.4,62430,2.7,0,0.0,0,0.0,-16,-4.0,-839,-4.0
"55105","5","44211","77","0","2000","A","","Rock County, Wisconsin","Private","Furniture stores","County, NAICS 5-digit -- by ownership sector","All establishment sizes",9,116,2343738,0,0,389,20219,"",0.79,0.77,0.62,0.00,0.00,0.80,0.81,"",1,12.5,8,7.4,62430,2.7,0,0.0,0,0.0,-16,-4.0,-839,-4.0
"55105","5","442110","78","0","2000","A","","Rock County, Wisconsin","Private","Furniture stores","County, NAICS 6-digit -- by ownership sector","All establishment sizes",9,116,2343738,0,0,389,20219,"",0.79,0.77,0.62,0.00,0.00,0.80,0.81,"",1,12.5,8,7.4,62430,2.7,0,0.0,0,0.0,-16,-4.0,-839,-4.0
"55105","5","4422","76","0","2000","A","","Rock County, Wisconsin","Private","Home furnishings stores","County, NAICS 4-digit -- by ownership sector","All establishment sizes",12,80,1868720,0,0,450,23383,"",0.89,0.60,0.64,0.00,0.00,1.06,1.06,"",-1,-7.7,-5,-5.9,79537,4.4,0,0.0,0,0.0,43,10.6,2230,10.5
"55105","5","44221","77","0","2000","A","","Rock County, Wisconsin","Private","Floor covering stores","County, NAICS 5-digit -- by ownership sector","All establishment sizes",8,64,1813502,0,0,544,28262,"",1.22,1.19,1.15,0.00,0.00,0.96,0.96,"",-1,-11.1,-6,-8.6,84857,4.9,0,0.0,0,0.0,69,14.5,3567,14.4
"55105","5","442210","78","0","2000","A","","Rock County, Wisconsin","Private","Floor covering stores","County, NAICS 6-digit -- by ownership sector","All establishment sizes",8,64,1813502,0,0,544,28262,"",1.22,1.19,1.15,0.00,0.00,0.96,0.96,"",-1,-11.1,-6,-8.6,84857,4.9,0,0.0,0,0.0,69,14.5,3567,14.4
"55105","5","44229","77","0","2000","A","","Rock County, Wisconsin","Private","Other home furnishings stores","County, NAICS 5-digit -- by ownership sector","All establishment sizes",4,16,55218,0,0,67,3506,"",0.58,0.20,0.04,0.00,0.00,0.20,0.21,"",0,0.0,1,6.7,-5320,-8.8,0,0.0,0,0.0,-13,-16.2,-645,-15.5
"55105","5","443","75","0","2000","A","","Rock County, Wisconsin","Private","Electronics and appliance stores","County, NAICS 3-digit -- by ownership sector","All establishment sizes",23,128,2858018,0,0,431,22401,"",0.94,0.44,0.29,0.00,0.00,0.67,0.67,"",0,0.0,3,2.4,159055,5.9,0,0.0,0,0.0,14,3.4,737,3.4
"55105","5","4431","76","0","2000","A","","Rock County, Wisconsin","Private","Electronics and appliance stores","County, NAICS 4-digit -- by ownership sector","All establishment sizes",23,128,2858018,0,0,431,22401,"",0.94,0.44,0.29,0.00,0.00,0.67,0.67,"",0,0.0,3,2.4,159055,5.9,0,0.0,0,0.0,14,3.4,737,3.4
"55105","5","44311","77","0","2000","A","","Rock County, Wisconsin","Private","Appliance, tv, and other electronics stores","County, NAICS 5-digit -- by ownership sector","All establishment sizes",15,71,1405870,0,0,382,19848,"",1.09,0.43,0.34,0.00,0.00,0.81,0.81,"",0,0.0,0,0.0,79766,6.0,0,0.0,0,0.0,24,6.7,1214,6.5
"55105","5","444","75","0","2000","A","","Rock County, Wisconsin","Private","Building material and garden supply stores","County, NAICS 3-digit -- by ownership sector","All establishment sizes",46,633,15694342,0,0,476,24777,"",1.38,1.07,1.16,0.00,0.00,1.08,1.08,"",-6,-11.5,-22,-3.4,1096891,7.5,0,0.0,0,0.0,48,11.2,2499,11.2
"55105","5","4441","76","0","2000","A","","Rock County, Wisconsin","Private","Building material and supplies dealers","County, NAICS 4-digit -- by ownership sector","All establishment sizes",29,450,11521283,0,0,493,25617,"",1.14,0.89,0.96,0.00,0.00,1.08,1.09,"",-4,-12.1,-29,-6.1,777601,7.2,0,0.0,0,0.0,62,14.4,3184,14.2
"55105","5","44411","77","0","2000","A","","Rock County, Wisconsin","Private","Home centers","County, NAICS 5-digit -- by ownership sector","All establishment sizes",5,77,2513081,0,0,631,32815,"",1.02,0.31,0.48,0.00,0.00,1.53,1.53,"",-2,-28.6,-10,-11.5,21315,0.9,0,0.0,0,0.0,77,13.9,4008,13.9
"55105","5","444110","78","0","2000","A","","Rock County, Wisconsin","Private","Home centers","County, NAICS 6-digit -- by ownership sector","All establishment sizes",5,77,2513081,0,0,631,32815,"",1.02,0.31,0.48,0.00,0.00,1.53,1.53,"",-2,-28.6,-10,-11.5,21315,0.9,0,0.0,0,0.0,77,13.9,4008,13.9
"55105","5","44419","77","0","2000","A","","Rock County, Wisconsin","Private","Other building material dealers","County, NAICS 5-digit -- by ownership sector","All establishment sizes",13,198,6954227,0,0,675,35122,"",1.27,1.36,1.56,0.00,0.00,1.15,1.15,"",0,0.0,-1,-0.5,836876,13.7,0,0.0,0,0.0,83,14.0,4356,14.2
"55105","5","444190","78","0","2000","A","","Rock County, Wisconsin","Private","Other building material dealers","County, NAICS 6-digit -- by ownership sector","All establishment sizes",13,198,6954227,0,0,675,35122,"",1.27,1.36,1.56,0.00,0.00,1.15,1.15,"",0,0.0,-1,-0.5,836876,13.7,0,0.0,0,0.0,83,14.0,4356,14.2
"55105","5","4442","76","0","2000","A","","Rock County, Wisconsin","Private","Lawn and garden equipment and supplies stores","County, NAICS 4-digit -- by ownership sector","All establishment sizes",18,184,4173059,0,0,437,22721,"",2.27,2.20,2.59,0.00,0.00,1.18,1.18,"",-1,-5.3,8,4.5,319290,8.3,0,0.0,0,0.0,17,4.0,866,4.0
"55105","5","44421","77","0","2000","A","","Rock County, Wisconsin","Private","Outdoor power equipment stores","County, NAICS 5-digit -- by ownership sector","All establishment sizes",8,27,531301,0,0,384,19986,"",3.35,1.58,1.47,0.00,0.00,0.94,0.94,"",0,0.0,-1,-3.6,-1496,-0.3,0,0.0,0,0.0,15,4.1,786,4.1
"55105","5","444210","78","0","2000","A","","Rock County, Wisconsin","Private","Outdoor power equipment stores","County, NAICS 6-digit -- by ownership sector","All establishment sizes",8,27,531301,0,0,384,19986,"",3.35,1.58,1.47,0.00,0.00,0.94,0.94,"",0,0.0,-1,-3.6,-1496,-0.3,0,0.0,0,0.0,15,4.1,786,4.1
"55105","5","44422","77","0","2000","A","","Rock County, Wisconsin","Private","Nursery, garden, and farm supply stores","County, NAICS 5-digit -- by ownership sector","All establishment sizes",10,157,3641758,0,0,446,23184,"",1.80,2.35,2.92,0.00,0.00,1.24,1.24,"",-1,-9.1,8,5.4,320786,9.7,0,0.0,0,0.0,16,3.7,833,3.7
"55105","5","444220","78","0","2000","A","","Rock County, Wisconsin","Private","Nursery, garden, and farm supply stores","County, NAICS 6-digit -- by ownership sector","All establishment sizes",10,157,3641758,0,0,446,23184,"",1.80,2.35,2.92,0.00,0.00,1.24,1.24,"",-1,-9.1,8,5.4,320786,9.7,0,0.0,0,0.0,16,3.7,833,3.7
"55105","5","445","75","0","2000","A","","Rock County, Wisconsin","Private","Food and beverage stores","County, NAICS 3-digit -- by ownership sector","All establishment sizes",47,1224,21005294,0,0,330,17159,"",0.80,0.80,0.87,0.00,0.00,1.09,1.09,"",-2,-4.1,14,1.2,218126,1.0,0,0.0,0,0.0,0,0.0,-15,-0.1
"55105","5","4451","76","0","2000","A","","Rock County, Wisconsin","Private","Grocery stores","County, NAICS 4-digit -- by ownership sector","All establishment sizes",25,1103,19200873,0,0,335,17404,"",0.70,0.83,0.94,0.00,0.00,1.13,1.13,"",0,0.0,19,1.8,348271,1.8,0,0.0,0,0.0,0,0.0,6,0.0
"55105","5","4452","76","0","2000","A","","Rock County, Wisconsin","Private","Specialty food stores","County, NAICS 4-digit -- by ownership sector","All establishment sizes",9,77,1467958,0,0,369,19189,"",0.71,0.57,0.57,0.00,0.00,1.01,1.01,"",-2,-18.2,-5,-6.1,-129852,-8.1,0,0.0,0,0.0,-6,-1.6,-296,-1.5
"55105","5","445299","78","0","2000","A","","Rock County, Wisconsin","Private","All other specialty food stores","County, NAICS 6-digit -- by ownership sector","All establishment sizes",6,67,1319543,0,0,378,19646,"",1.37,1.23,1.16,0.00,0.00,0.93,0.94,"",0,0.0,3,4.7,20365,1.6,0,0.0,0,0.0,-12,-3.1,-627,-3.1
"55105","5","4453","76","0","2000","A","","Rock County, Wisconsin","Private","Beer, wine, and liquor stores","County, NAICS 4-digit -- by ownership sector","All establishment sizes",13,44,336463,0,0,146,7575,"",1.23,0.61,0.27,0.00,0.00,0.43,0.43,"",0,0.0,-1,-2.2,-293,-0.1,0,0.0,0,0.0,2,1.4,64,0.9
"55105","5","44531","77","0","2000","A","","Rock County, Wisconsin","Private","Beer, wine, and liquor stores","County, NAICS 5-digit -- by ownership sector","All establishment sizes",13,44,336463,0,0,146,7575,"",1.23,0.61,0.27,0.00,0.00,0.43,0.43,"",0,0.0,-1,-2.2,-293,-0.1,0,0.0,0,0.0,2,1.4,64,0.9
"55105","5","445310","78","0","2000","A","","Rock County, Wisconsin","Private","Beer, wine, and liquor stores","County, NAICS 6-digit -- by ownership sector","All establishment sizes",13,44,336463,0,0,146,7575,"",1.23,0.61,0.27,0.00,0.00,0.43,0.43,"",0,0.0,-1,-2.2,-293,-0.1,0,0.0,0,0.0,2,1.4,64,0.9
"55105","5","446","75","0","2000","A","","Rock County, Wisconsin","Private","Health and personal care stores","County, NAICS 3-digit -- by ownership sector","All establishment sizes",33,394,8930961,0,0,435,22643,"",1.01,0.83,0.88,0.00,0.00,1.05,1.06,"",0,0.0,-21,-5.1,829257,10.2,0,0.0,0,0.0,60,16.0,3125,16.0
"55105","5","4461","76","0","2000","A","","Rock County, Wisconsin","Private","Health and personal care stores","County, NAICS 4-digit -- by ownership sector","All establishment sizes",33,394,8930961,0,0,435,22643,"",1.01,0.83,0.88,0.00,0.00,1.05,1.06,"",0,0.0,-21,-5.1,829257,10.2,0,0.0,0,0.0,60,16.0,3125,16.0
"55105","5","44611","77","0","2000","A","","Rock County, Wisconsin","Private","Pharmacies and drug stores","County, NAICS 5-digit -- by ownership sector","All establishment sizes",19,339,7861781,0,0,446,23203,"",1.12,0.98,1.07,0.00,0.00,1.08,1.09,"",-1,-5.0,-20,-5.6,773059,10.9,0,0.0,0,0.0,66,17.4,3462,17.5
"55105","5","446110","78","0","2000","A","","Rock County, Wisconsin","Private","Pharmacies and drug stores","County, NAICS 6-digit -- by ownership sector","All establishment sizes",19,339,7861781,0,0,446,23203,"",1.12,0.98,1.07,0.00,0.00,1.08,1.09,"",-1,-5.0,-20,-5.6,773059,10.9,0,0.0,0,0.0,66,17.4,3462,17.5
"55105","5","44613","77","0","2000","A","","Rock County, Wisconsin","Private","Optical goods stores","County, NAICS 5-digit -- by ownership sector","All establishment sizes",5,32,790038,0,0,479,24883,"",1.05,0.92,1.03,0.00,0.00,1.13,1.13,"",0,0.0,-2,-5.9,39999,5.3,0,0.0,0,0.0,52,12.2,2660,12.0
"55105","5","446130","78","0","2000","A","","Rock County, Wisconsin","Private","Optical goods stores","County, NAICS 6-digit -- by ownership sector","All establishment sizes",5,32,790038,0,0,479,24883,"",1.05,0.92,1.03,0.00,0.00,1.13,1.13,"",0,0.0,-2,-5.9,39999,5.3,0,0.0,0,0.0,52,12.2,2660,12.0
"55105","5","447","75","0","2000","A","","Rock County, Wisconsin","Private","Gasoline stations","County, NAICS 3-digit -- by ownership sector","All establishment sizes",75,816,11753165,0,0,277,14409,"",1.64,1.68,1.82,0.00,0.00,1.08,1.08,"",2,2.7,47,6.1,1259171,12.0,0,0.0,0,0.0,15,5.7,770,5.6
"55105","5","4471","76","0","2000","A","","Rock County, Wisconsin","Private","Gasoline stations","County, NAICS 4-digit -- by ownership sector","All establishment sizes",75,816,11753165,0,0,277,14409,"",1.64,1.68,1.82,0.00,0.00,1.08,1.08,"",2,2.7,47,6.1,1259171,12.0,0,0.0,0,0.0,15,5.7,770,5.6
"55105","5","44711","77","0","2000","A","","Rock County, Wisconsin","Private","Gasoline stations with convenience stores","County, NAICS 5-digit -- by ownership sector","All establishment sizes",64,730,10068328,0,0,265,13794,"",1.70,1.79,1.91,0.00,0.00,1.07,1.07,"",2,3.2,44,6.4,1091600,12.2,0,0.0,0,0.0,13,5.2,699,5.3
"55105","5","447110","78","0","2000","A","","Rock County, Wisconsin","Private","Gasoline stations with convenience stores","County, NAICS 6-digit -- by ownership sector","All establishment sizes",64,730,10068328,0,0,265,13794,"",1.70,1.79,1.91,0.00,0.00,1.07,1.07,"",2,3.2,44,6.4,1091600,12.2,0,0.0,0,0.0,13,5.2,699,5.3
"55105","5","44719","77","0","2000","A","","Rock County, Wisconsin","Private","Other gasoline stations","County, NAICS 5-digit -- by ownership sector","All establishment sizes",11,86,1684837,0,0,378,19648,"",1.37,1.12,1.41,0.00,0.00,1.27,1.27,"",0,0.0,2,2.4,167571,11.0,0,0.0,0,0.0,30,8.6,1567,8.7
"55105","5","447190","78","0","2000","A","","Rock County, Wisconsin","Private","Other gasoline stations","County, NAICS 6-digit -- by ownership sector","All establishment sizes",11,86,1684837,0,0,378,19648,"",1.37,1.12,1.41,0.00,0.00,1.27,1.27,"",0,0.0,2,2.4,167571,11.0,0,0.0,0,0.0,30,8.6,1567,8.7
"55105","5","448","75","0","2000","A","","Rock County, Wisconsin","Private","Clothing and clothing accessories stores","County, NAICS 3-digit -- by ownership sector","All establishment sizes",43,255,3733466,0,0,282,14641,"",0.78,0.37,0.36,0.00,0.00,0.97,0.97,"",-2,-4.4,-10,-3.8,26776,0.7,0,0.0,0,0.0,13,4.8,667,4.8
"55105","5","4481","76","0","2000","A","","Rock County, Wisconsin","Private","Clothing stores","County, NAICS 4-digit -- by ownership sector","All establishment sizes",20,109,1182099,0,0,209,10878,"",0.63,0.22,0.17,0.00,0.00,0.77,0.78,"",-2,-9.1,-12,-9.9,-45556,-3.7,0,0.0,0,0.0,14,7.2,760,7.5
"55105","5","44812","77","0","2000","A","","Rock County, Wisconsin","Private","Women's clothing stores","County, NAICS 5-digit -- by ownership sector","All establishment sizes",5,33,374295,0,0,221,11487,"",0.48,0.26,0.22,0.00,0.00,0.86,0.86,"",0,0.0,2,6.5,18635,5.2,0,0.0,0,0.0,0,0.0,-17,-0.1
"55105","5","448120","78","0","2000","A","","Rock County, Wisconsin","Private","Women's clothing stores","County, NAICS 6-digit -- by ownership sector","All establishment sizes",5,33,374295,0,0,221,11487,"",0.48,0.26,0.22,0.00,0.00,0.86,0.86,"",0,0.0,2,6.5,18635,5.2,0,0.0,0,0.0,0,0.0,-17,-0.1
"55105","5","4482","76","0","2000","A","","Rock County, Wisconsin","Private","Shoe stores","County, NAICS 4-digit -- by ownership sector","All establishment sizes",13,69,758049,0,0,213,11066,"",1.18,0.69,0.51,0.00,0.00,0.74,0.74,"",-1,-7.1,-5,-6.8,5857,0.8,0,0.0,0,0.0,18,9.2,935,9.2
"55105","5","44821","77","0","2000","A","","Rock County, Wisconsin","Private","Shoe stores","County, NAICS 5-digit -- by ownership sector","All establishment sizes",13,69,758049,0,0,213,11066,"",1.18,0.69,0.51,0.00,0.00,0.74,0.74,"",-1,-7.1,-5,-6.8,5857,0.8,0,0.0,0,0.0,18,9.2,935,9.2
"55105","5","448210","78","0","2000","A","","Rock County, Wisconsin","Private","Shoe stores","County, NAICS 6-digit -- by ownership sector","All establishment sizes",13,69,758049,0,0,213,11066,"",1.18,0.69,0.51,0.00,0.00,0.74,0.74,"",-1,-7.1,-5,-6.8,5857,0.8,0,0.0,0,0.0,18,9.2,935,9.2
"55105","5","4483","76","0","2000","A","","Rock County, Wisconsin","Private","Jewelry, luggage, and leather goods stores","County, NAICS 4-digit -- by ownership sector","All establishment sizes",11,78,1793318,0,0,443,23040,"",0.89,0.84,0.90,0.00,0.00,1.07,1.07,"",2,22.2,8,11.4,66475,3.8,0,0.0,0,0.0,-34,-7.1,-1747,-7.0
"55105","5","451","75","0","2000","A","","Rock County, Wisconsin","Private","Sporting goods, hobby, book and music stores","County, NAICS 3-digit -- by ownership sector","All establishment sizes",32,377,4600651,0,0,235,12220,"",1.13,1.06,0.90,0.00,0.00,0.86,0.86,"",-3,-8.6,-27,-6.7,-319257,-6.5,0,0.0,0,0.0,1,0.4,39,0.3
"55105","5","4511","76","0","2000","A","","Rock County, Wisconsin","Private","Sporting goods and musical instrument stores","County, NAICS 4-digit -- by ownership sector","All establishment sizes",24,292,3544900,0,0,233,12126,"",1.27,1.28,1.06,0.00,0.00,0.83,0.83,"",-3,-11.1,-28,-8.8,-339214,-8.7,0,0.0,0,0.0,0,0.0,-15,-0.1
"55105","5","45111","77","0","2000","A","","Rock County, Wisconsin","Private","Sporting goods stores","County, NAICS 5-digit -- by ownership sector","All establishment sizes",13,108,1313467,0,0,233,12134,"",1.26,1.01,0.81,0.00,0.00,0.80,0.80,"",0,0.0,4,3.8,57220,4.6,0,0.0,0,0.0,2,0.9,103,0.9
"55105","5","451110","78","0","2000","A","","Rock County, Wisconsin","Private","Sporting goods stores","County, NAICS 6-digit -- by ownership sector","All establishment sizes",13,108,1313467,0,0,233,12134,"",1.26,1.01,0.81,0.00,0.00,0.80,0.80,"",0,0.0,4,3.8,57220,4.6,0,0.0,0,0.0,2,0.9,103,0.9
"55105","5","45112","77","0","2000","A","","Rock County, Wisconsin","Private","Hobby, toy, and game stores","County, NAICS 5-digit -- by ownership sector","All establishment sizes",5,75,766176,0,0,196,10193,"",1.18,1.00,0.79,0.00,0.00,0.79,0.79,"",-2,-28.6,-9,-10.7,-173606,-18.5,0,0.0,0,0.0,-18,-8.4,-940,-8.4
"55105","5","451120","78","0","2000","A","","Rock County, Wisconsin","Private","Hobby, toy, and game stores","County, NAICS 6-digit -- by ownership sector","All establishment sizes",5,75,766176,0,0,196,10193,"",1.18,1.00,0.79,0.00,0.00,0.79,0.79,"",-2,-28.6,-9,-10.7,-173606,-18.5,0,0.0,0,0.0,-18,-8.4,-940,-8.4
"55105","5","4512","76","0","2000","A","","Rock County, Wisconsin","Private","Book, periodical, and music stores","County, NAICS 4-digit -- by ownership sector","All establishment sizes",8,84,1055751,0,0,241,12544,"",0.85,0.65,0.60,0.00,0.00,0.92,0.92,"",0,0.0,0,0.0,19957,1.9,0,0.0,0,0.0,4,1.7,213,1.7
"55105","5","452","75","0","2000","A","","Rock County, Wisconsin","Private","General merchandise stores","County, NAICS 3-digit -- by ownership sector","All establishment sizes",17,2240,30670081,0,0,263,13693,"",0.99,1.54,1.46,0.00,0.00,0.95,0.95,"",0,0.0,43,2.0,1809575,6.3,0,0.0,0,0.0,10,4.0,557,4.2
"55105","5","452112","78","0","2000","A","","Rock County, Wisconsin","Private","Discount department stores","County, NAICS 6-digit -- by ownership sector","All establishment sizes",7,1161,15111358,0,0,250,13013,"",2.72,2.52,2.38,0.00,0.00,0.94,0.95,"",0,0.0,54,4.9,1196201,8.6,0,0.0,0,0.0,8,3.3,444,3.5
"55105","5","453","75","0","2000","A","","Rock County, Wisconsin","Private","Miscellaneous store retailers","County, NAICS 3-digit -- by ownership sector","All establishment sizes",65,423,5369461,0,0,244,12709,"",1.11,0.80,0.59,0.00,0.00,0.74,0.74,"",3,4.8,4,1.0,-111354,-2.0,0,0.0,0,0.0,-8,-3.2,-374,-2.9
"55105","5","4531","76","0","2000","A","","Rock County, Wisconsin","Private","Florists","County, NAICS 4-digit -- by ownership sector","All establishment sizes",14,85,890055,0,0,202,10502,"",1.38,1.28,1.09,0.00,0.00,0.85,0.85,"",-1,-6.7,4,4.9,43033,5.1,0,0.0,0,0.0,0,0.0,13,0.1
"55105","5","45311","77","0","2000","A","","Rock County, Wisconsin","Private","Florists","County, NAICS 5-digit -- by ownership sector","All establishment sizes",14,85,890055,0,0,202,10502,"",1.38,1.28,1.09,0.00,0.00,0.85,0.85,"",-1,-6.7,4,4.9,43033,5.1,0,0.0,0,0.0,0,0.0,13,0.1
"55105","5","453110","78","0","2000","A","","Rock County, Wisconsin","Private","Florists","County, NAICS 6-digit -- by ownership sector","All establishment sizes",14,85,890055,0,0,202,10502,"",1.38,1.28,1.09,0.00,0.00,0.85,0.85,"",-1,-6.7,4,4.9,43033,5.1,0,0.0,0,0.0,0,0.0,13,0.1
"55105","5","45322","77","0","2000","A","","Rock County, Wisconsin","Private","Gift, novelty, and souvenir stores","County, NAICS 5-digit -- by ownership sector","All establishment sizes",13,98,949544,0,0,187,9739,"",0.84,0.71,0.54,0.00,0.00,0.77,0.77,"",2,18.2,2,2.1,63618,7.2,0,0.0,0,0.0,9,5.1,470,5.1
"55105","5","453220","78","0","2000","A","","Rock County, Wisconsin","Private","Gift, novelty, and souvenir stores","County, NAICS 6-digit -- by ownership sector","All establishment sizes",13,98,949544,0,0,187,9739,"",0.84,0.71,0.54,0.00,0.00,0.77,0.77,"",2,18.2,2,2.1,63618,7.2,0,0.0,0,0.0,9,5.1,470,5.1
"55105","5","4539","76","0","2000","A","","Rock County, Wisconsin","Private","Other miscellaneous store retailers","County, NAICS 4-digit -- by ownership sector","All establishment sizes",32,205,2896953,0,0,272,14149,"",1.58,1.28,0.91,0.00,0.00,0.70,0.71,"",4,14.3,0,0.0,-127307,-4.2,0,0.0,0,0.0,-11,-3.9,-592,-4.0
"55105","5","45399","77","0","2000","A","","Rock County, Wisconsin","Private","All other miscellaneous store retailers","County, NAICS 5-digit -- by ownership sector","All establishment sizes",24,156,2104268,0,0,259,13467,"",2.09,1.83,1.24,0.00,0.00,0.67,0.68,"",4,20.0,5,3.3,-115528,-5.2,0,0.0,0,0.0,-24,-8.5,-1274,-8.6
"55105","5","454","75","0","2000","A","","Rock County, Wisconsin","Private","Nonstore retailers","County, NAICS 3-digit -- by ownership sector","All establishment sizes",16,1022,30232719,0,0,569,29596,"",1.16,4.01,4.20,0.00,0.00,1.05,1.05,"",0,0.0,46,4.7,1701275,6.0,0,0.0,0,0.0,7,1.2,365,1.2
"55105","5","4543","76","0","2000","A","","Rock County, Wisconsin","Private","Direct selling establishments","County, NAICS 4-digit -- by ownership sector","All establishment sizes",8,92,1561356,0,0,325,16925,"",1.05,1.04,0.66,0.00,0.00,0.63,0.63,"",0,0.0,13,16.5,12164,0.8,0,0.0,0,0.0,-50,-13.3,-2582,-13.2
"55105","5","454312","78","0","2000","A","","Rock County, Wisconsin","Private","Liquefied petroleum gas, bottled gas, dealers","County, NAICS 6-digit -- by ownership sector","All establishment sizes",5,71,1412110,0,0,384,19983,"",2.08,2.85,2.17,0.00,0.00,0.76,0.76,"",0,0.0,-1,-1.4,-69443,-4.7,0,0.0,0,0.0,-11,-2.8,-547,-2.7
"55105","5","484","75","0","2000","A","","Rock County, Wisconsin","Private","Truck transportation","County, NAICS 3-digit -- by ownership sector","All establishment sizes",89,1853,64264257,0,0,667,34673,"",1.85,2.53,2.95,0.00,0.00,1.16,1.16,"",-2,-2.2,75,4.2,3785639,6.3,0,0.0,0,0.0,13,2.0,658,1.9
"55105","5","4841","76","0","2000","A","","Rock County, Wisconsin","Private","General freight trucking","County, NAICS 4-digit -- by ownership sector","All establishment sizes",49,1325,37789754,0,0,549,28528,"",1.66,2.53,2.34,0.00,0.00,0.93,0.93,"",-2,-3.9,165,14.2,5624926,17.5,0,0.0,0,0.0,16,3.0,800,2.9
"55105","5","48411","77","0","2000","A","","Rock County, Wisconsin","Private","General freight trucking, local","County, NAICS 5-digit -- by ownership sector","All establishment sizes",9,104,2675832,0,0,497,25853,"",0.76,0.82,0.74,0.00,0.00,0.91,0.91,"",-1,-10.0,-7,-6.3,70439,2.7,0,0.0,0,0.0,44,9.7,2310,9.8
"55105","5","484110","78","0","2000","A","","Rock County, Wisconsin","Private","General freight trucking, local","County, NAICS 6-digit -- by ownership sector","All establishment sizes",9,104,2675832,0,0,497,25853,"",0.76,0.82,0.74,0.00,0.00,0.91,0.91,"",-1,-10.0,-7,-6.3,70439,2.7,0,0.0,0,0.0,44,9.7,2310,9.8
"55105","5","48412","77","0","2000","A","","Rock County, Wisconsin","Private","General freight trucking, long-distance","County, NAICS 5-digit -- by ownership sector","All establishment sizes",41,1221,35113922,0,0,553,28754,"",2.33,3.08,2.81,0.00,0.00,0.91,0.91,"",-1,-2.4,172,16.4,5554487,18.8,0,0.0,0,0.0,11,2.0,584,2.1
"55105","5","484121","78","0","2000","A","","Rock County, Wisconsin","Private","General freight trucking, long-distance tl","County, NAICS 6-digit -- by ownership sector","All establishment sizes",35,481,16257617,0,0,650,33823,"",2.37,1.71,1.91,0.00,0.00,1.11,1.12,"",1,2.9,64,15.3,1785316,12.3,0,0.0,0,0.0,-18,-2.7,-890,-2.6
"55105","5","4842","76","0","2000","A","","Rock County, Wisconsin","Private","Specialized freight trucking","County, NAICS 4-digit -- by ownership sector","All establishment sizes",40,529,26474503,0,0,963,50070,"",2.15,2.56,4.69,0.00,0.00,1.83,1.84,"",1,2.6,-89,-14.4,-1839287,-6.5,0,0.0,0,0.0,82,9.3,4255,9.3
"55105","5","48422","77","0","2000","A","","Rock County, Wisconsin","Private","Other specialized trucking, local","County, NAICS 5-digit -- by ownership sector","All establishment sizes",23,109,3088333,0,0,544,28312,"",1.86,1.15,1.24,0.00,0.00,1.07,1.07,"",-1,-4.2,-19,-14.8,-134957,-4.2,0,0.0,0,0.0,59,12.2,3114,12.4
"55105","5","484220","78","0","2000","A","","Rock County, Wisconsin","Private","Other specialized trucking, local","County, NAICS 6-digit -- by ownership sector","All establishment sizes",23,109,3088333,0,0,544,28312,"",1.86,1.15,1.24,0.00,0.00,1.07,1.07,"",-1,-4.2,-19,-14.8,-134957,-4.2,0,0.0,0,0.0,59,12.2,3114,12.4
"55105","5","485","75","0","2000","A","","Rock County, Wisconsin","Private","Transit and ground passenger transportation","County, NAICS 3-digit -- by ownership sector","All establishment sizes",13,291,5595593,0,0,370,19251,"",1.76,1.52,1.65,0.00,0.00,1.09,1.09,"",1,8.3,-9,-3.0,-68070,-1.2,0,0.0,0,0.0,7,1.9,388,2.1
"55105","5","51","74","0","2000","A","","Rock County, Wisconsin","Private","Information","County, NAICS Sector -- by ownership sector","All establishment sizes",45,1312,30257552,0,0,443,23059,"",0.73,0.70,0.31,0.00,0.00,0.44,0.45,"",1,2.3,102,8.4,3265172,12.1,0,0.0,0,0.0,14,3.3,744,3.3
"55105","5","511","75","0","2000","A","","Rock County, Wisconsin","Private","Publishing industries, except internet","County, NAICS 3-digit -- by ownership sector","All establishment sizes",15,512,12854445,0,0,483,25119,"",0.98,0.96,0.45,0.00,0.00,0.46,0.46,"",0,0.0,23,4.7,652867,5.4,0,0.0,0,0.0,3,0.6,141,0.6
"55105","5","51111","77","0","2000","A","","Rock County, Wisconsin","Private","Newspaper publishers","County, NAICS 5-digit -- by ownership sector","All establishment sizes",7,311,7767239,0,0,481,24988,"",1.79,1.44,1.17,0.00,0.00,0.81,0.82,"",0,0.0,9,3.0,177591,2.3,0,0.0,0,0.0,-3,-0.6,-157,-0.6
"55105","5","511110","78","0","2000","A","","Rock County, Wisconsin","Private","Newspaper publishers","County, NAICS 6-digit -- by ownership sector","All establishment sizes",7,311,7767239,0,0,481,24988,"",1.79,1.44,1.17,0.00,0.00,0.81,0.82,"",0,0.0,9,3.0,177591,2.3,0,0.0,0,0.0,-3,-0.6,-157,-0.6
"55105","5","517","75","0","2000","A","","Rock County, Wisconsin","Private","Telecommunications","County, NAICS 3-digit -- by ownership sector","All establishment sizes",9,175,7141343,0,0,785,40827,"",0.55,0.27,0.21,0.00,0.00,0.78,0.78,"",2,28.6,81,86.2,2616333,57.8,0,0.0,0,0.0,-144,-15.5,-7483,-15.5
"55105","5","518","75","0","2000","A","","Rock County, Wisconsin","Private","Data processing, hosting and related services","County, NAICS 3-digit -- by ownership sector","All establishment sizes",12,465,7982772,0,0,330,17186,"",1.11,1.75,0.51,0.00,0.00,0.29,0.29,"",0,0.0,9,2.0,652180,8.9,0,0.0,0,0.0,21,6.8,1095,6.8
"55105","5","52","74","0","2000","A","","Rock County, Wisconsin","Private","Finance and insurance","County, NAICS Sector -- by ownership sector","All establishment sizes",182,1392,42193129,0,0,583,30311,"",1.08,0.48,0.28,0.00,0.00,0.57,0.57,"",-3,-1.6,2,0.1,700608,1.7,0,0.0,0,0.0,9,1.6,457,1.5
"55105","5","522","75","0","2000","A","","Rock County, Wisconsin","Private","Credit intermediation and related activities","County, NAICS 3-digit -- by ownership sector","All establishment sizes",76,1004,28248711,0,0,541,28127,"",1.15,0.76,0.56,0.00,0.00,0.74,0.74,"",1,1.3,-13,-1.3,-11729,0.0,0,0.0,0,0.0,7,1.3,350,1.3
"55105","5","5221","76","0","2000","A","","Rock County, Wisconsin","Private","Depository credit intermediation","County, NAICS 4-digit -- by ownership sector","All establishment sizes",58,926,25952752,0,0,539,28032,"",1.63,1.07,0.87,0.00,0.00,0.81,0.82,"",-3,-4.9,-33,-3.4,-652614,-2.5,0,0.0,0,0.0,6,1.1,296,1.1
"55105","5","52211","77","0","2000","A","","Rock County, Wisconsin","Private","Commercial banking","County, NAICS 5-digit -- by ownership sector","All establishment sizes",34,633,18260134,0,0,555,28870,"",1.43,0.98,0.78,0.00,0.00,0.79,0.80,"",0,0.0,-15,-2.3,-718947,-3.8,0,0.0,0,0.0,-8,-1.4,-400,-1.4
"55105","5","522110","78","0","2000","A","","Rock County, Wisconsin","Private","Commercial banking","County, NAICS 6-digit -- by ownership sector","All establishment sizes",34,633,18260134,0,0,555,28870,"",1.43,0.98,0.78,0.00,0.00,0.79,0.80,"",0,0.0,-15,-2.3,-718947,-3.8,0,0.0,0,0.0,-8,-1.4,-400,-1.4
"55105","5","52229","77","0","2000","A","","Rock County, Wisconsin","Private","Other nondepository credit intermediation","County, NAICS 5-digit -- by ownership sector","All establishment sizes",7,36,1149696,0,0,614,31936,"",0.41,0.18,0.13,0.00,0.00,0.70,0.70,"",1,16.7,4,12.5,87937,8.3,0,0.0,0,0.0,-31,-4.8,-1593,-4.8
"55105","5","522292","78","0","2000","A","","Rock County, Wisconsin","Private","Real estate credit","County, NAICS 6-digit -- by ownership sector","All establishment sizes",3,16,477676,0,0,568,29547,"",0.35,0.14,0.09,0.00,0.00,0.63,0.63,"N",0,0,0,0,0,0,0,0,0,0,0,0,0,0
"55105","5","523","75","0","2000","A","","Rock County, Wisconsin","Private","Securities, commodity contracts, investments","County, NAICS 3-digit -- by ownership sector","All establishment sizes",14,93,5466016,0,0,1135,59039,"",0.52,0.22,0.10,0.00,0.00,0.47,0.47,"",0,0.0,9,10.7,741842,15.7,0,0.0,0,0.0,57,5.3,2966,5.3
"55105","5","524","75","0","2000","A","","Rock County, Wisconsin","Private","Insurance carriers and related activities","County, NAICS 3-digit -- by ownership sector","All establishment sizes",91,259,7168083,0,0,533,27730,"",1.23,0.24,0.15,0.00,0.00,0.65,0.65,"",-4,-4.2,-7,-2.6,-311244,-4.2,0,0.0,0,0.0,-7,-1.3,-344,-1.2
"55105","5","5241","76","0","2000","A","","Rock County, Wisconsin","Private","Insurance carriers","County, NAICS 4-digit -- by ownership sector","All establishment sizes",17,60,1976159,0,0,633,32890,"",0.97,0.09,0.07,0.00,0.00,0.73,0.73,"",0,0.0,-7,-10.4,-327711,-14.2,0,0.0,0,0.0,-30,-4.5,-1582,-4.6
"55105","5","5242","76","0","2000","A","","Rock County, Wisconsin","Private","Insurance agencies and brokerages","County, NAICS 4-digit -- by ownership sector","All establishment sizes",74,198,5191924,0,0,503,26167,"",1.31,0.49,0.32,0.00,0.00,0.66,0.67,"",-4,-5.1,-2,-1.0,16467,0.3,0,0.0,0,0.0,4,0.8,236,0.9
"55105","5","53","74","0","2000","A","","Rock County, Wisconsin","Private","Real estate and rental and leasing","County, NAICS Sector -- by ownership sector","All establishment sizes",94,332,5776957,0,0,335,17418,"",0.73,0.32,0.20,0.00,0.00,0.62,0.62,"",-6,-6.0,-43,-11.5,-1172246,-16.9,0,0.0,0,0.0,-21,-5.9,-1109,-6.0
"55105","5","531","75","0","2000","A","","Rock County, Wisconsin","Private","Real estate","County, NAICS 3-digit -- by ownership sector","All establishment sizes",77,261,4869196,0,0,359,18644,"",0.76,0.38,0.24,0.00,0.00,0.64,0.64,"",0,0.0,-11,-4.0,-622397,-11.3,0,0.0,0,0.0,-30,-7.7,-1558,-7.7
"55105","5","5311","76","0","2000","A","","Rock County, Wisconsin","Private","Lessors of real estate","County, NAICS 4-digit -- by ownership sector","All establishment sizes",37,123,2142561,0,0,335,17443,"",0.83,0.39,0.28,0.00,0.00,0.71,0.71,"",-1,-2.6,-2,-1.6,-410089,-16.1,0,0.0,0,0.0,-56,-14.3,-2910,-14.3
"55105","5","53111","77","0","2000","A","","Rock County, Wisconsin","Private","Lessors of residential buildings","County, NAICS 5-digit -- by ownership sector","All establishment sizes",17,44,811530,0,0,353,18340,"",0.63,0.22,0.19,0.00,0.00,0.86,0.86,"",0,0.0,5,12.8,121408,17.6,0,0.0,0,0.0,16,4.7,795,4.5
"55105","5","531110","78","0","2000","A","","Rock County, Wisconsin","Private","Lessors of residential buildings","County, NAICS 6-digit -- by ownership sector","All establishment sizes",17,44,811530,0,0,353,18340,"",0.63,0.22,0.19,0.00,0.00,0.86,0.86,"",0,0.0,5,12.8,121408,17.6,0,0.0,0,0.0,16,4.7,795,4.5
"55105","5","53112","77","0","2000","A","","Rock County, Wisconsin","Private","Lessors of nonresidential buildings","County, NAICS 5-digit -- by ownership sector","All establishment sizes",10,50,588781,0,0,228,11875,"",1.00,0.64,0.22,0.00,0.00,0.34,0.34,"",-2,-16.7,-4,-7.4,-11719,-2.0,0,0.0,0,0.0,14,6.5,737,6.6
"55105","5","531120","78","0","2000","A","","Rock County, Wisconsin","Private","Lessors of nonresidential buildings","County, NAICS 6-digit -- by ownership sector","All establishment sizes",10,50,588781,0,0,228,11875,"",1.00,0.64,0.22,0.00,0.00,0.34,0.34,"",-2,-16.7,-4,-7.4,-11719,-2.0,0,0.0,0,0.0,14,6.5,737,6.6
"55105","5","5312","76","0","2000","A","","Rock County, Wisconsin","Private","Offices of real estate agents and brokers","County, NAICS 4-digit -- by ownership sector","All establishment sizes",20,61,1330499,0,0,417,21693,"",0.65,0.42,0.24,0.00,0.00,0.58,0.58,"",0,0.0,0,0.0,-62717,-4.5,0,0.0,0,0.0,-21,-4.8,-1084,-4.8
"55105","5","53121","77","0","2000","A","","Rock County, Wisconsin","Private","Offices of real estate agents and brokers","County, NAICS 5-digit -- by ownership sector","All establishment sizes",20,61,1330499,0,0,417,21693,"",0.65,0.42,0.24,0.00,0.00,0.58,0.58,"",0,0.0,0,0.0,-62717,-4.5,0,0.0,0,0.0,-21,-4.8,-1084,-4.8
"55105","5","531210","78","0","2000","A","","Rock County, Wisconsin","Private","Offices of real estate agents and brokers","County, NAICS 6-digit -- by ownership sector","All establishment sizes",20,61,1330499,0,0,417,21693,"",0.65,0.42,0.24,0.00,0.00,0.58,0.58,"",0,0.0,0,0.0,-62717,-4.5,0,0.0,0,0.0,-21,-4.8,-1084,-4.8
"55105","5","5313","76","0","2000","A","","Rock County, Wisconsin","Private","Activities related to real estate","County, NAICS 4-digit -- by ownership sector","All establishment sizes",20,77,1396136,0,0,349,18132,"",0.78,0.35,0.21,0.00,0.00,0.60,0.60,"",0,0.0,-8,-9.4,-149591,-9.7,0,0.0,0,0.0,0,0.0,0,0.0
"55105","5","53131","77","0","2000","A","","Rock County, Wisconsin","Private","Real estate property managers","County, NAICS 5-digit -- by ownership sector","All establishment sizes",8,38,670950,0,0,337,17541,"",0.43,0.20,0.12,0.00,0.00,0.60,0.60,"",-1,-11.1,-1,-2.6,60238,9.9,0,0.0,0,0.0,37,12.3,1948,12.5
"55105","5","5322","76","0","2000","A","","Rock County, Wisconsin","Private","Consumer goods rental","County, NAICS 4-digit -- by ownership sector","All establishment sizes",11,53,529399,0,0,191,9926,"",0.81,0.34,0.21,0.00,0.00,0.59,0.59,"",-2,-15.4,-11,-17.2,11583,2.2,0,0.0,0,0.0,36,23.2,1867,23.2
"55105","5","53223","77","0","2000","A","","Rock County, Wisconsin","Private","Video tape and disc rental","County, NAICS 5-digit -- by ownership sector","All establishment sizes",8,47,352726,0,0,144,7505,"",1.13,0.56,0.42,0.00,0.00,0.75,0.75,"",-2,-20.0,-13,-21.7,-44778,-11.3,0,0.0,0,0.0,17,13.4,880,13.3
"55105","5","532230","78","0","2000","A","","Rock County, Wisconsin","Private","Video tape and disc rental","County, NAICS 6-digit -- by ownership sector","All establishment sizes",8,47,352726,0,0,144,7505,"",1.13,0.56,0.42,0.00,0.00,0.75,0.75,"",-2,-20.0,-13,-21.7,-44778,-11.3,0,0.0,0,0.0,17,13.4,880,13.3
"55105","5","54","74","0","2000","A","","Rock County, Wisconsin","Private","Professional and technical services","County, NAICS Sector -- by ownership sector","All establishment sizes",208,1101,41319149,0,0,722,37526,"",0.62,0.31,0.23,0.00,0.00,0.73,0.73,"",9,4.5,29,2.7,-4018225,-8.9,0,0.0,0,0.0,-92,-11.3,-4783,-11.3
"55105","5","541","75","0","2000","A","","Rock County, Wisconsin","Private","Professional and technical services","County, NAICS 3-digit -- by ownership sector","All establishment sizes",208,1101,41319149,0,0,722,37526,"",0.62,0.31,0.23,0.00,0.00,0.73,0.73,"",9,4.5,29,2.7,-4018225,-8.9,0,0.0,0,0.0,-92,-11.3,-4783,-11.3
"55105","5","5411","76","0","2000","A","","Rock County, Wisconsin","Private","Legal services","County, NAICS 4-digit -- by ownership sector","All establishment sizes",55,299,15422079,0,0,993,51636,"",0.76,0.54,0.54,0.00,0.00,1.00,1.00,"",0,0.0,-15,-4.8,-7437922,-32.5,0,0.0,0,0.0,-409,-29.2,-21283,-29.2
"55105","5","5412","76","0","2000","A","","Rock County, Wisconsin","Private","Accounting and bookkeeping services","County, NAICS 4-digit -- by ownership sector","All establishment sizes",40,178,4952965,0,0,536,27878,"",0.92,0.40,0.28,0.00,0.00,0.70,0.70,"",1,2.6,17,10.6,695884,16.3,0,0.0,0,0.0,28,5.5,1437,5.4
"55105","5","54121","77","0","2000","A","","Rock County, Wisconsin","Private","Accounting and bookkeeping services","County, NAICS 5-digit -- by ownership sector","All establishment sizes",40,178,4952965,0,0,536,27878,"",0.92,0.40,0.28,0.00,0.00,0.70,0.70,"",1,2.6,17,10.6,695884,16.3,0,0.0,0,0.0,28,5.5,1437,5.4
"55105","5","541211","78","0","2000","A","","Rock County, Wisconsin","Private","Offices of certified public accountants","County, NAICS 6-digit -- by ownership sector","All establishment sizes",12,80,2691009,0,0,648,33673,"",0.53,0.37,0.27,0.00,0.00,0.72,0.72,"",0,0.0,10,14.3,433974,19.2,0,0.0,0,0.0,27,4.3,1391,4.3
"55105","5","541213","78","0","2000","A","","Rock County, Wisconsin","Private","Tax preparation services","County, NAICS 6-digit -- by ownership sector","All establishment sizes",6,17,254318,0,0,296,15413,"",1.38,0.46,0.40,0.00,0.00,0.91,0.91,"",0,0.0,0,0.0,-13342,-5.0,0,0.0,0,0.0,-1,-0.3,-29,-0.2
"55105","5","541219","78","0","2000","A","","Rock County, Wisconsin","Private","Other accounting services","County, NAICS 6-digit -- by ownership sector","All establishment sizes",22,81,2007638,0,0,475,24709,"",1.51,0.69,0.49,0.00,0.00,0.71,0.71,"",1,4.8,7,9.5,275252,15.9,0,0.0,0,0.0,23,5.1,1219,5.2
"55105","5","5413","76","0","2000","A","","Rock County, Wisconsin","Private","Architectural and engineering services","County, NAICS 4-digit -- by ownership sector","All establishment sizes",31,201,9223805,0,0,885,46004,"",0.67,0.31,0.30,0.00,0.00,0.95,0.95,"",-1,-3.1,4,2.0,1657567,21.9,0,0.0,0,0.0,145,19.6,7515,19.5
"55105","5","54133","77","0","2000","A","","Rock County, Wisconsin","Private","Engineering services","County, NAICS 5-digit -- by ownership sector","All establishment sizes",20,106,6258280,0,0,1141,59320,"",0.85,0.26,0.30,0.00,0.00,1.15,1.15,"",-1,-4.8,5,5.0,1411003,29.1,0,0.0,0,0.0,222,24.2,11524,24.1
"55105","5","541330","78","0","2000","A","","Rock County, Wisconsin","Private","Engineering services","County, NAICS 6-digit -- by ownership sector","All establishment sizes",20,106,6258280,0,0,1141,59320,"",0.85,0.26,0.30,0.00,0.00,1.15,1.15,"",-1,-4.8,5,5.0,1411003,29.1,0,0.0,0,0.0,222,24.2,11524,24.1
"55105","5","5415","76","0","2000","A","","Rock County, Wisconsin","Private","Computer systems design and related services","County, NAICS 4-digit -- by ownership sector","All establishment sizes",18,29,1009953,0,0,679,35334,"",0.31,0.04,0.02,0.00,0.00,0.53,0.53,"",3,20.0,9,45.0,227555,29.1,0,0.0,0,0.0,-73,-9.7,-3786,-9.7
"55105","5","54151","77","0","2000","A","","Rock County, Wisconsin","Private","Computer systems design and related services","County, NAICS 5-digit -- by ownership sector","All establishment sizes",18,29,1009953,0,0,679,35334,"",0.31,0.04,0.02,0.00,0.00,0.53,0.53,"",3,20.0,9,45.0,227555,29.1,0,0.0,0,0.0,-73,-9.7,-3786,-9.7
"55105","5","5416","76","0","2000","A","","Rock County, Wisconsin","Private","Management and technical consulting services","County, NAICS 4-digit -- by ownership sector","All establishment sizes",18,48,1698975,0,0,679,35334,"",0.34,0.13,0.08,0.00,0.00,0.62,0.62,"",5,38.5,12,33.3,455287,36.6,0,0.0,0,0.0,19,2.9,1025,3.0
"55105","5","541614","78","0","2000","A","","Rock County, Wisconsin","Private","Process and logistics consulting services","County, NAICS 6-digit -- by ownership sector","All establishment sizes",3,21,787573,0,0,727,37804,"",0.85,0.68,0.50,0.00,0.00,0.75,0.75,"N",0,0,0,0,0,0,0,0,0,0,0,0,0,0
"55105","5","5418","76","0","2000","A","","Rock County, Wisconsin","Private","Advertising, pr, and related services","County, NAICS 4-digit -- by ownership sector","All establishment sizes",15,105,3393568,0,0,624,32448,"",0.75,0.41,0.27,0.00,0.00,0.67,0.67,"",0,0.0,5,5.0,-121023,-3.4,0,0.0,0,0.0,-51,-7.6,-2639,-7.5
"55105","5","5419","76","0","2000","A","","Rock County, Wisconsin","Private","Other professional and technical services","County, NAICS 4-digit -- by ownership sector","All establishment sizes",27,201,4428441,0,0,423,21996,"",1.21,0.84,0.76,0.00,0.00,0.91,0.91,"",0,0.0,7,3.6,574001,14.9,0,0.0,0,0.0,41,10.7,2136,10.8
"55105","5","541921","78","0","2000","A","","Rock County, Wisconsin","Private","Photography studios, portrait","County, NAICS 6-digit -- by ownership sector","All establishment sizes",11,27,552664,0,0,394,20469,"",2.01,0.75,0.95,0.00,0.00,1.27,1.27,"",-1,-8.3,-2,-6.9,36717,7.1,0,0.0,0,0.0,57,16.9,2930,16.7
"55105","5","54194","77","0","2000","A","","Rock County, Wisconsin","Private","Veterinary services","County, NAICS 5-digit -- by ownership sector","All establishment sizes",15,171,3794948,0,0,427,22182,"",1.46,1.48,1.68,0.00,0.00,1.13,1.13,"",1,7.1,9,5.6,543033,16.7,0,0.0,0,0.0,40,10.3,2057,10.2
"55105","5","541940","78","0","2000","A","","Rock County, Wisconsin","Private","Veterinary services","County, NAICS 6-digit -- by ownership sector","All establishment sizes",15,171,3794948,0,0,427,22182,"",1.46,1.48,1.68,0.00,0.00,1.13,1.13,"",1,7.1,9,5.6,543033,16.7,0,0.0,0,0.0,40,10.3,2057,10.2
"55105","5","55","74","0","2000","A","","Rock County, Wisconsin","Private","Management of companies and enterprises","County, NAICS Sector -- by ownership sector","All establishment sizes",18,355,17176294,0,0,931,48429,"",1.14,0.38,0.30,0.00,0.00,0.79,0.79,"",-1,-5.3,22,6.6,890695,5.5,0,0.0,0,0.0,-9,-1.0,-452,-0.9
"55105","5","551","75","0","2000","A","","Rock County, Wisconsin","Private","Management of companies and enterprises","County, NAICS 3-digit -- by ownership sector","All establishment sizes",18,355,17176294,0,0,931,48429,"",1.14,0.38,0.30,0.00,0.00,0.79,0.79,"",-1,-5.3,22,6.6,890695,5.5,0,0.0,0,0.0,-9,-1.0,-452,-0.9
"55105","5","5511","76","0","2000","A","","Rock County, Wisconsin","Private","Management of companies and enterprises","County, NAICS 4-digit -- by ownership sector","All establishment sizes",18,355,17176294,0,0,931,48429,"",1.14,0.38,0.30,0.00,0.00,0.79,0.79,"",-1,-5.3,22,6.6,890695,5.5,0,0.0,0,0.0,-9,-1.0,-452,-0.9
"55105","5","55111","77","0","2000","A","","Rock County, Wisconsin","Private","Management of companies and enterprises","County, NAICS 5-digit -- by ownership sector","All establishment sizes",18,355,17176294,0,0,931,48429,"",1.14,0.38,0.30,0.00,0.00,0.79,0.79,"",-1,-5.3,22,6.6,890695,5.5,0,0.0,0,0.0,-9,-1.0,-452,-0.9
"55105","5","551114","78","0","2000","A","","Rock County, Wisconsin","Private","Managing offices","County, NAICS 6-digit -- by ownership sector","All establishment sizes",14,346,16992468,0,0,945,49123,"",1.29,0.40,0.33,0.00,0.00,0.84,0.84,"",-1,-6.7,21,6.5,850510,5.3,0,0.0,0,0.0,-10,-1.0,-519,-1.0
"55105","5","56","74","0","2000","A","","Rock County, Wisconsin","Private","Administrative and waste services","County, NAICS Sector -- by ownership sector","All establishment sizes",157,3015,45750192,0,0,292,15174,"",0.98,0.72,0.54,0.00,0.00,0.74,0.74,"",14,9.8,311,11.5,4031963,9.7,0,0.0,0,0.0,-5,-1.7,-255,-1.7
"55105","5","5613","76","0","2000","A","","Rock County, Wisconsin","Private","Employment services","County, NAICS 4-digit -- by ownership sector","All establishment sizes",21,1643,25464103,0,0,298,15498,"",0.90,0.84,0.73,0.00,0.00,0.87,0.87,"",0,0.0,219,15.4,2513405,11.0,0,0.0,0,0.0,-12,-3.9,-617,-3.8
"55105","5","56132","77","0","2000","A","","Rock County, Wisconsin","Private","Temporary help services","County, NAICS 5-digit -- by ownership sector","All establishment sizes",15,1312,19419361,0,0,285,14799,"",1.06,0.94,0.85,0.00,0.00,0.90,0.91,"",0,0.0,118,9.9,1215762,6.7,0,0.0,0,0.0,-8,-2.7,-442,-2.9
"55105","5","561320","78","0","2000","A","","Rock County, Wisconsin","Private","Temporary help services","County, NAICS 6-digit -- by ownership sector","All establishment sizes",15,1312,19419361,0,0,285,14799,"",1.06,0.94,0.85,0.00,0.00,0.90,0.91,"",0,0.0,118,9.9,1215762,6.7,0,0.0,0,0.0,-8,-2.7,-442,-2.9
"55105","5","5614","76","0","2000","A","","Rock County, Wisconsin","Private","Business support services","County, NAICS 4-digit -- by ownership sector","All establishment sizes",12,307,3863175,0,0,242,12594,"",0.73,0.78,0.43,0.00,0.00,0.55,0.55,"",2,20.0,84,37.7,450851,13.2,0,0.0,0,0.0,-53,-18.0,-2725,-17.8
"55105","5","5615","76","0","2000","A","","Rock County, Wisconsin","Private","Travel arrangement and reservation services","County, NAICS 4-digit -- by ownership sector","All establishment sizes",13,63,1294880,0,0,396,20581,"",0.94,0.41,0.31,0.00,0.00,0.76,0.76,"",1,8.3,-10,-13.7,-5755,-0.4,0,0.0,0,0.0,51,14.8,2641,14.7
"55105","5","56151","77","0","2000","A","","Rock County, Wisconsin","Private","Travel agencies","County, NAICS 5-digit -- by ownership sector","All establishment sizes",9,44,820763,0,0,359,18654,"",0.86,0.51,0.34,0.00,0.00,0.67,0.67,"",1,12.5,-8,-15.4,-25933,-3.1,0,0.0,0,0.0,46,14.7,2371,14.6
"55105","5","561510","78","0","2000","A","","Rock County, Wisconsin","Private","Travel agencies","County, NAICS 6-digit -- by ownership sector","All establishment sizes",9,44,820763,0,0,359,18654,"",0.86,0.51,0.34,0.00,0.00,0.67,0.67,"",1,12.5,-8,-15.4,-25933,-3.1,0,0.0,0,0.0,46,14.7,2371,14.6
"55105","5","56159","77","0","2000","A","","Rock County, Wisconsin","Private","Other travel arrangement services","County, NAICS 5-digit -- by ownership sector","All establishment sizes",4,19,474117,0,0,482,25063,"",2.10,0.41,0.40,0.00,0.00,0.98,0.98,"",0,0.0,-2,-9.5,20178,4.4,0,0.0,0,0.0,56,13.1,2920,13.2
"55105","5","5616","76","0","2000","A","","Rock County, Wisconsin","Private","Investigation and security services","County, NAICS 4-digit -- by ownership sector","All establishment sizes",11,358,5009889,0,0,269,13981,"",1.09,1.00,0.78,0.00,0.00,0.78,0.78,"",2,22.2,10,2.9,688171,15.9,0,0.0,0,0.0,30,12.6,1577,12.7
"55105","5","561612","78","0","2000","A","","Rock County, Wisconsin","Private","Security guards and patrol services","County, NAICS 6-digit -- by ownership sector","All establishment sizes",6,316,4170794,0,0,254,13199,"",1.58,1.20,1.04,0.00,0.00,0.87,0.87,"",2,50.0,16,5.3,546425,15.1,0,0.0,0,0.0,22,9.5,1128,9.3
"55105","5","5617","76","0","2000","A","","Rock County, Wisconsin","Private","Services to buildings and dwellings","County, NAICS 4-digit -- by ownership sector","All establishment sizes",74,500,6734449,0,0,259,13482,"",1.09,0.61,0.52,0.00,0.00,0.85,0.85,"",6,8.8,12,2.5,531807,8.6,0,0.0,0,0.0,15,6.1,778,6.1
"55105","5","56172","77","0","2000","A","","Rock County, Wisconsin","Private","Janitorial services","County, NAICS 5-digit -- by ownership sector","All establishment sizes",36,375,4104485,0,0,211,10953,"",1.57,0.82,0.72,0.00,0.00,0.88,0.88,"",2,5.9,-3,-0.8,347756,9.3,0,0.0,0,0.0,20,10.5,1006,10.1
"55105","5","561720","78","0","2000","A","","Rock County, Wisconsin","Private","Janitorial services","County, NAICS 6-digit -- by ownership sector","All establishment sizes",36,375,4104485,0,0,211,10953,"",1.57,0.82,0.72,0.00,0.00,0.88,0.88,"",2,5.9,-3,-0.8,347756,9.3,0,0.0,0,0.0,20,10.5,1006,10.1
"55105","5","56173","77","0","2000","A","","Rock County, Wisconsin","Private","Landscaping services","County, NAICS 5-digit -- by ownership sector","All establishment sizes",32,107,2310915,0,0,415,21581,"",1.00,0.41,0.46,0.00,0.00,1.11,1.11,"",3,10.3,11,11.5,186837,8.8,0,0.0,0,0.0,-13,-3.0,-661,-3.0
"55105","5","561730","78","0","2000","A","","Rock County, Wisconsin","Private","Landscaping services","County, NAICS 6-digit -- by ownership sector","All establishment sizes",32,107,2310915,0,0,415,21581,"",1.00,0.41,0.46,0.00,0.00,1.11,1.11,"",3,10.3,11,11.5,186837,8.8,0,0.0,0,0.0,-13,-3.0,-661,-3.0
"55105","5","5619","76","0","2000","A","","Rock County, Wisconsin","Private","Other support services","County, NAICS 4-digit -- by ownership sector","All establishment sizes",14,98,1985442,0,0,390,20294,"",1.48,0.67,0.51,0.00,0.00,0.76,0.76,"",3,27.3,-10,-9.3,-95077,-4.6,0,0.0,0,0.0,20,5.4,1030,5.3
"55105","5","61","74","0","2000","A","","Rock County, Wisconsin","Private","Educational services","County, NAICS Sector -- by ownership sector","All establishment sizes",14,558,17734931,0,0,611,31788,"",0.52,0.60,0.70,0.00,0.00,1.17,1.17,"",0,0.0,21,3.9,814979,4.8,0,0.0,0,0.0,6,1.0,304,1.0
"55105","5","611","75","0","2000","A","","Rock County, Wisconsin","Private","Educational services","County, NAICS 3-digit -- by ownership sector","All establishment sizes",14,558,17734931,0,0,611,31788,"",0.52,0.60,0.70,0.00,0.00,1.17,1.17,"",0,0.0,21,3.9,814979,4.8,0,0.0,0,0.0,6,1.0,304,1.0
"55105","5","6116","76","0","2000","A","","Rock County, Wisconsin","Private","Other schools and instruction","County, NAICS 4-digit -- by ownership sector","All establishment sizes",8,63,2574509,0,0,792,41192,"",0.76,0.66,1.86,0.00,0.00,2.83,2.83,"",2,33.3,11,21.2,265993,11.5,0,0.0,0,0.0,-56,-6.6,-2920,-6.6
"55105","5","61169","77","0","2000","A","","Rock County, Wisconsin","Private","All other schools and instruction","County, NAICS 5-digit -- by ownership sector","All establishment sizes",5,40,2434602,0,0,1161,60362,"",1.31,1.00,3.58,0.00,0.00,3.55,3.56,"",1,25.0,9,29.0,221485,10.0,0,0.0,0,0.0,-234,-16.8,-12199,-16.8
"55105","5","62","74","0","2000","A","","Rock County, Wisconsin","Private","Health care and social assistance","County, NAICS Sector -- by ownership sector","All establishment sizes",234,6863,227986804,0,0,639,33220,"",0.91,1.06,1.26,0.00,0.00,1.20,1.20,"",0,0.0,-85,-1.2,14994027,7.0,0,0.0,0,0.0,49,8.3,2563,8.4
"55105","5","621","75","0","2000","A","","Rock County, Wisconsin","Private","Ambulatory health care services","County, NAICS 3-digit -- by ownership sector","All establishment sizes",125,1971,82575229,0,0,806,41897,"",0.69,0.88,1.01,0.00,0.00,1.15,1.15,"",2,1.6,86,4.6,11673601,16.5,0,0.0,0,0.0,83,11.5,4282,11.4
"55105","5","6211","76","0","2000","A","","Rock County, Wisconsin","Private","Offices of physicians","County, NAICS 4-digit -- by ownership sector","All establishment sizes",25,899,50045019,0,0,1071,55673,"",0.32,0.95,1.04,0.00,0.00,1.10,1.10,"",3,13.6,80,9.8,10329399,26.0,0,0.0,0,0.0,139,14.9,7205,14.9
"55105","5","62111","77","0","2000","A","","Rock County, Wisconsin","Private","Offices of physicians","County, NAICS 5-digit -- by ownership sector","All establishment sizes",25,899,50045019,0,0,1071,55673,"",0.32,0.95,1.04,0.00,0.00,1.10,1.10,"",3,13.6,80,9.8,10329399,26.0,0,0.0,0,0.0,139,14.9,7205,14.9
"55105","5","6212","76","0","2000","A","","Rock County, Wisconsin","Private","Offices of dentists","County, NAICS 4-digit -- by ownership sector","All establishment sizes",47,405,16953444,0,0,806,41895,"",1.01,1.14,1.61,0.00,0.00,1.41,1.41,"",0,0.0,14,3.6,1365778,8.8,0,0.0,0,0.0,39,5.1,2029,5.1
"55105","5","62121","77","0","2000","A","","Rock County, Wisconsin","Private","Offices of dentists","County, NAICS 5-digit -- by ownership sector","All establishment sizes",47,405,16953444,0,0,806,41895,"",1.01,1.14,1.61,0.00,0.00,1.41,1.41,"",0,0.0,14,3.6,1365778,8.8,0,0.0,0,0.0,39,5.1,2029,5.1
"55105","5","621210","78","0","2000","A","","Rock County, Wisconsin","Private","Offices of dentists","County, NAICS 6-digit -- by ownership sector","All establishment sizes",47,405,16953444,0,0,806,41895,"",1.01,1.14,1.61,0.00,0.00,1.41,1.41,"",0,0.0,14,3.6,1365778,8.8,0,0.0,0,0.0,39,5.1,2029,5.1
"55105","5","6213","76","0","2000","A","","Rock County, Wisconsin","Private","Offices of other health practitioners","County, NAICS 4-digit -- by ownership sector","All establishment sizes",39,267,6903086,0,0,498,25878,"",1.04,1.17,1.22,0.00,0.00,1.04,1.04,"",0,0.0,4,1.5,100416,1.5,0,0.0,0,0.0,1,0.2,45,0.2
"55105","5","62131","77","0","2000","A","","Rock County, Wisconsin","Private","Offices of chiropractors","County, NAICS 5-digit -- by ownership sector","All establishment sizes",21,85,2345058,0,0,532,27670,"",1.64,1.75,2.29,0.00,0.00,1.32,1.32,"",0,0.0,0,0.0,81904,3.6,0,0.0,0,0.0,22,4.3,1175,4.4
"55105","5","621310","78","0","2000","A","","Rock County, Wisconsin","Private","Offices of chiropractors","County, NAICS 6-digit -- by ownership sector","All establishment sizes",21,85,2345058,0,0,532,27670,"",1.64,1.75,2.29,0.00,0.00,1.32,1.32,"",0,0.0,0,0.0,81904,3.6,0,0.0,0,0.0,22,4.3,1175,4.4
"55105","5","62133","77","0","2000","A","","Rock County, Wisconsin","Private","Offices of mental health practitioners","County, NAICS 5-digit -- by ownership sector","All establishment sizes",5,28,696206,0,0,482,25089,"",0.89,1.02,0.99,0.00,0.00,0.97,0.98,"",0,0.0,-3,-9.7,-87132,-11.1,0,0.0,0,0.0,-7,-1.4,-317,-1.2
"55105","5","621330","78","0","2000","A","","Rock County, Wisconsin","Private","Offices of mental health practitioners","County, NAICS 6-digit -- by ownership sector","All establishment sizes",5,28,696206,0,0,482,25089,"",0.89,1.02,0.99,0.00,0.00,0.97,0.98,"",0,0.0,-3,-9.7,-87132,-11.1,0,0.0,0,0.0,-7,-1.4,-317,-1.2
"55105","5","6216","76","0","2000","A","","Rock County, Wisconsin","Private","Home health care services","County, NAICS 4-digit -- by ownership sector","All establishment sizes",4,242,4827950,0,0,384,19978,"",0.67,0.74,0.87,0.00,0.00,1.17,1.17,"",0,0.0,-6,-2.4,-1146,0.0,0,0.0,0,0.0,9,2.4,473,2.4
"55105","5","62161","77","0","2000","A","","Rock County, Wisconsin","Private","Home health care services","County, NAICS 5-digit -- by ownership sector","All establishment sizes",4,242,4827950,0,0,384,19978,"",0.67,0.74,0.87,0.00,0.00,1.17,1.17,"",0,0.0,-6,-2.4,-1146,0.0,0,0.0,0,0.0,9,2.4,473,2.4
"55105","5","621610","78","0","2000","A","","Rock County, Wisconsin","Private","Home health care services","County, NAICS 6-digit -- by ownership sector","All establishment sizes",4,242,4827950,0,0,384,19978,"",0.67,0.74,0.87,0.00,0.00,1.17,1.17,"",0,0.0,-6,-2.4,-1146,0.0,0,0.0,0,0.0,9,2.4,473,2.4
"55105","5","623","75","0","2000","A","","Rock County, Wisconsin","Private","Nursing and residential care facilities","County, NAICS 3-digit -- by ownership sector","All establishment sizes",38,1075,18801316,0,0,336,17486,"",1.54,0.81,0.79,0.00,0.00,0.98,0.98,"",-1,-2.6,-69,-6.0,-305363,-1.6,0,0.0,0,0.0,15,4.7,786,4.7
"55105","5","6233","76","0","2000","A","","Rock County, Wisconsin","Private","Community care facilities for the elderly","County, NAICS 4-digit -- by ownership sector","All establishment sizes",23,487,7358066,0,0,291,15124,"",3.19,1.98,1.90,0.00,0.00,0.96,0.96,"",3,15.0,61,14.3,746457,11.3,0,0.0,0,0.0,-8,-2.7,-411,-2.6
"55105","5","62331","77","0","2000","A","","Rock County, Wisconsin","Private","Community care facilities for the elderly","County, NAICS 5-digit -- by ownership sector","All establishment sizes",23,487,7358066,0,0,291,15124,"",3.19,1.98,1.90,0.00,0.00,0.96,0.96,"",3,15.0,61,14.3,746457,11.3,0,0.0,0,0.0,-8,-2.7,-411,-2.6
"55105","5","6239","76","0","2000","A","","Rock County, Wisconsin","Private","Other residential care facilities","County, NAICS 4-digit -- by ownership sector","All establishment sizes",5,64,1216254,0,0,365,19004,"",2.01,0.79,0.78,0.00,0.00,0.97,0.98,"",0,0.0,-2,-3.0,51762,4.4,0,0.0,0,0.0,26,7.7,1382,7.8
"55105","5","62399","77","0","2000","A","","Rock County, Wisconsin","Private","Other residential care facilities","County, NAICS 5-digit -- by ownership sector","All establishment sizes",5,64,1216254,0,0,365,19004,"",2.01,0.79,0.78,0.00,0.00,0.97,0.98,"",0,0.0,-2,-3.0,51762,4.4,0,0.0,0,0.0,26,7.7,1382,7.8
"55105","5","623990","78","0","2000","A","","Rock County, Wisconsin","Private","Other residential care facilities","County, NAICS 6-digit -- by ownership sector","All establishment sizes",5,64,1216254,0,0,365,19004,"",2.01,0.79,0.78,0.00,0.00,0.97,0.98,"",0,0.0,-2,-3.0,51762,4.4,0,0.0,0,0.0,26,7.7,1382,7.8
"55105","5","6241","76","0","2000","A","","Rock County, Wisconsin","Private","Individual and family services","County, NAICS 4-digit -- by ownership sector","All establishment sizes",15,295,5797842,0,0,377,19626,"",1.07,0.84,0.95,0.00,0.00,1.12,1.12,"",1,7.1,14,5.0,2300737,65.8,0,0.0,0,0.0,137,57.1,7170,57.6
"55105","5","62412","77","0","2000","A","","Rock County, Wisconsin","Private","Services for the elderly and disabled","County, NAICS 5-digit -- by ownership sector","All establishment sizes",6,222,4455611,0,0,387,20116,"",1.48,1.49,2.04,0.00,0.00,1.37,1.37,"",1,20.0,18,8.8,2282751,105.1,0,0.0,0,0.0,182,88.8,9443,88.5
"55105","5","624120","78","0","2000","A","","Rock County, Wisconsin","Private","Services for the elderly and disabled","County, NAICS 6-digit -- by ownership sector","All establishment sizes",6,222,4455611,0,0,387,20116,"",1.48,1.49,2.04,0.00,0.00,1.37,1.37,"",1,20.0,18,8.8,2282751,105.1,0,0.0,0,0.0,182,88.8,9443,88.5
"55105","5","6244","76","0","2000","A","","Rock County, Wisconsin","Private","Child day care services","County, NAICS 4-digit -- by ownership sector","All establishment sizes",46,410,4485430,0,0,211,10951,"",1.81,1.18,1.05,0.00,0.00,0.89,0.89,"",-2,-4.2,-20,-4.7,246571,5.8,0,0.0,0,0.0,22,11.6,1103,11.2
"55105","5","62441","77","0","2000","A","","Rock County, Wisconsin","Private","Child day care services","County, NAICS 5-digit -- by ownership sector","All establishment sizes",46,410,4485430,0,0,211,10951,"",1.81,1.18,1.05,0.00,0.00,0.89,0.89,"",-2,-4.2,-20,-4.7,246571,5.8,0,0.0,0,0.0,22,11.6,1103,11.2
"55105","5","624410","78","0","2000","A","","Rock County, Wisconsin","Private","Child day care services","County, NAICS 6-digit -- by ownership sector","All establishment sizes",46,410,4485430,0,0,211,10951,"",1.81,1.18,1.05,0.00,0.00,0.89,0.89,"",-2,-4.2,-20,-4.7,246571,5.8,0,0.0,0,0.0,22,11.6,1103,11.2
"55105","5","71","74","0","2000","A","","Rock County, Wisconsin","Private","Arts, entertainment, and recreation","County, NAICS Sector -- by ownership sector","All establishment sizes",45,654,6960185,0,0,205,10647,"",1.04,0.69,0.34,0.00,0.00,0.49,0.49,"",2,4.7,-10,-1.5,254588,3.8,0,0.0,0,0.0,11,5.7,548,5.4
"55105","5","713","75","0","2000","A","","Rock County, Wisconsin","Private","Amusements, gambling, and recreation","County, NAICS 3-digit -- by ownership sector","All establishment sizes",37,536,5955617,0,0,214,11106,"",1.43,0.77,0.57,0.00,0.00,0.74,0.74,"",2,5.7,-19,-3.4,125981,2.2,0,0.0,0,0.0,12,5.9,596,5.7
"55105","5","71394","77","0","2000","A","","Rock County, Wisconsin","Private","Fitness and recreational sports centers","County, NAICS 5-digit -- by ownership sector","All establishment sizes",11,237,2751506,0,0,223,11597,"",1.18,1.06,1.02,0.00,0.00,0.96,0.96,"",1,10.0,1,0.4,93800,3.5,0,0.0,0,0.0,7,3.2,351,3.1
"55105","5","713940","78","0","2000","A","","Rock County, Wisconsin","Private","Fitness and recreational sports centers","County, NAICS 6-digit -- by ownership sector","All establishment sizes",11,237,2751506,0,0,223,11597,"",1.18,1.06,1.02,0.00,0.00,0.96,0.96,"",1,10.0,1,0.4,93800,3.5,0,0.0,0,0.0,7,3.2,351,3.1
"55105","5","71395","77","0","2000","A","","Rock County, Wisconsin","Private","Bowling centers","County, NAICS 5-digit -- by ownership sector","All establishment sizes",9,120,1238927,0,0,199,10332,"",4.29,2.90,2.97,0.00,0.00,1.03,1.03,"",0,0.0,-9,-7.0,7561,0.6,0,0.0,0,0.0,16,8.7,805,8.4
"55105","5","713950","78","0","2000","A","","Rock County, Wisconsin","Private","Bowling centers","County, NAICS 6-digit -- by ownership sector","All establishment sizes",9,120,1238927,0,0,199,10332,"",4.29,2.90,2.97,0.00,0.00,1.03,1.03,"",0,0.0,-9,-7.0,7561,0.6,0,0.0,0,0.0,16,8.7,805,8.4
"55105","5","71399","77","0","2000","A","","Rock County, Wisconsin","Private","All other amusement and recreation industries","County, NAICS 5-digit -- by ownership sector","All establishment sizes",9,69,918761,0,0,255,13267,"",1.44,1.12,1.12,0.00,0.00,1.00,1.00,"",0,0.0,0,0.0,-5541,-0.6,0,0.0,0,0.0,-4,-1.5,-210,-1.6
"55105","5","713990","78","0","2000","A","","Rock County, Wisconsin","Private","All other amusement and recreation industries","County, NAICS 6-digit -- by ownership sector","All establishment sizes",9,69,918761,0,0,255,13267,"",1.44,1.12,1.12,0.00,0.00,1.00,1.00,"",0,0.0,0,0.0,-5541,-0.6,0,0.0,0,0.0,-4,-1.5,-210,-1.6
"55105","5","72","74","0","2000","A","","Rock County, Wisconsin","Private","Accommodation and food services","County, NAICS Sector -- by ownership sector","All establishment sizes",325,5351,48099786,0,0,173,8989,"",1.48,1.03,0.78,0.00,0.00,0.76,0.76,"",-7,-2.1,-5,-0.1,1419037,3.0,0,0.0,0,0.0,5,3.0,273,3.1
"55105","5","721","75","0","2000","A","","Rock County, Wisconsin","Private","Accommodation","County, NAICS 3-digit -- by ownership sector","All establishment sizes",24,566,5879982,0,0,200,10381,"",0.97,0.59,0.35,0.00,0.00,0.59,0.59,"",0,0.0,1,0.2,178787,3.1,0,0.0,0,0.0,6,3.1,286,2.8
"55105","5","7211","76","0","2000","A","","Rock County, Wisconsin","Private","Traveler accommodation","County, NAICS 4-digit -- by ownership sector","All establishment sizes",18,508,5272304,0,0,199,10372,"",0.85,0.54,0.32,0.00,0.00,0.58,0.58,"",-1,-5.3,-14,-2.7,67077,1.3,0,0.0,0,0.0,7,3.6,397,4.0
"55105","5","72111","77","0","2000","A","","Rock County, Wisconsin","Private","Hotels and motels, except casino hotels","County, NAICS 5-digit -- by ownership sector","All establishment sizes",18,508,5272304,0,0,199,10372,"",0.95,0.66,0.41,0.00,0.00,0.62,0.62,"",0,0.0,-14,-2.7,70327,1.4,0,0.0,0,0.0,7,3.6,399,4.0
"55105","5","721110","78","0","2000","A","","Rock County, Wisconsin","Private","Hotels and motels, except casino hotels","County, NAICS 6-digit -- by ownership sector","All establishment sizes",18,508,5272304,0,0,199,10372,"",0.95,0.66,0.41,0.00,0.00,0.62,0.62,"",0,0.0,-14,-2.7,70327,1.4,0,0.0,0,0.0,7,3.6,399,4.0
"55105","5","722","75","0","2000","A","","Rock County, Wisconsin","Private","Food services and drinking places","County, NAICS 3-digit -- by ownership sector","All establishment sizes",300,4784,42219804,0,0,170,8824,"",1.54,1.13,0.95,0.00,0.00,0.84,0.84,"",-7,-2.3,-7,-0.1,1240250,3.0,0,0.0,0,0.0,6,3.7,271,3.2
"55105","5","7221","76","0","2000","A","","Rock County, Wisconsin","Private","Full-service restaurants","County, NAICS 4-digit -- by ownership sector","All establishment sizes",107,2319,20209544,0,0,168,8715,"",1.45,1.18,0.91,0.00,0.00,0.77,0.77,"",1,0.9,86,3.9,780843,4.0,0,0.0,0,0.0,1,0.6,13,0.1
"55105","5","72211","77","0","2000","A","","Rock County, Wisconsin","Private","Full-service restaurants","County, NAICS 5-digit -- by ownership sector","All establishment sizes",107,2319,20209544,0,0,168,8715,"",1.45,1.18,0.91,0.00,0.00,0.77,0.77,"",1,0.9,86,3.9,780843,4.0,0,0.0,0,0.0,1,0.6,13,0.1
"55105","5","722110","78","0","2000","A","","Rock County, Wisconsin","Private","Full-service restaurants","County, NAICS 6-digit -- by ownership sector","All establishment sizes",107,2319,20209544,0,0,168,8715,"",1.45,1.18,0.91,0.00,0.00,0.77,0.77,"",1,0.9,86,3.9,780843,4.0,0,0.0,0,0.0,1,0.6,13,0.1
"55105","5","7222","76","0","2000","A","","Rock County, Wisconsin","Private","Limited-service eating places","County, NAICS 4-digit -- by ownership sector","All establishment sizes",98,1860,15819074,0,0,164,8507,"",1.13,1.03,0.95,0.00,0.00,0.92,0.92,"",-2,-2.0,-71,-3.7,196775,1.3,0,0.0,0,0.0,8,5.1,416,5.1
"55105","5","72221","77","0","2000","A","","Rock County, Wisconsin","Private","Limited-service eating places","County, NAICS 5-digit -- by ownership sector","All establishment sizes",98,1860,15819074,0,0,164,8507,"",1.13,1.03,0.95,0.00,0.00,0.92,0.92,"",-2,-2.0,-71,-3.7,196775,1.3,0,0.0,0,0.0,8,5.1,416,5.1
"55105","5","722211","78","0","2000","A","","Rock County, Wisconsin","Private","Limited-service restaurants","County, NAICS 6-digit -- by ownership sector","All establishment sizes",84,1696,14375961,0,0,163,8474,"",1.18,1.08,1.00,0.00,0.00,0.93,0.93,"",-2,-2.3,-45,-2.6,350981,2.5,0,0.0,0,0.0,8,5.2,417,5.2
"55105","5","7223","76","0","2000","A","","Rock County, Wisconsin","Private","Special food services","County, NAICS 4-digit -- by ownership sector","All establishment sizes",6,63,1131315,0,0,347,18029,"",0.55,0.24,0.31,0.00,0.00,1.29,1.29,"",-1,-14.3,1,1.6,20696,1.9,0,0.0,0,0.0,2,0.6,68,0.4
"55105","5","7224","76","0","2000","A","","Rock County, Wisconsin","Private","Drinking places, alcoholic beverages","County, NAICS 4-digit -- by ownership sector","All establishment sizes",90,543,5059871,0,0,179,9314,"",3.86,2.68,2.62,0.00,0.00,0.97,0.98,"",-5,-5.3,-23,-4.1,241936,5.0,0,0.0,0,0.0,15,9.1,797,9.4
"55105","5","72241","77","0","2000","A","","Rock County, Wisconsin","Private","Drinking places, alcoholic beverages","County, NAICS 5-digit -- by ownership sector","All establishment sizes",90,543,5059871,0,0,179,9314,"",3.86,2.68,2.62,0.00,0.00,0.97,0.98,"",-5,-5.3,-23,-4.1,241936,5.0,0,0.0,0,0.0,15,9.1,797,9.4
"55105","5","722410","78","0","2000","A","","Rock County, Wisconsin","Private","Drinking places, alcoholic beverages","County, NAICS 6-digit -- by ownership sector","All establishment sizes",90,543,5059871,0,0,179,9314,"",3.86,2.68,2.62,0.00,0.00,0.97,0.98,"",-5,-5.3,-23,-4.1,241936,5.0,0,0.0,0,0.0,15,9.1,797,9.4
"55105","5","81","74","0","2000","A","","Rock County, Wisconsin","Private","Other services, except public administration","County, NAICS Sector -- by ownership sector","All establishment sizes",335,1738,27549118,0,0,305,15850,"",0.84,0.81,0.65,0.00,0.00,0.80,0.80,"",-8,-2.3,-15,-0.9,1444061,5.5,0,0.0,0,0.0,19,6.6,958,6.4
"55105","5","811","75","0","2000","A","","Rock County, Wisconsin","Private","Repair and maintenance","County, NAICS 3-digit -- by ownership sector","All establishment sizes",120,456,11132879,0,0,470,24419,"",1.25,0.71,0.70,0.00,0.00,1.00,1.00,"",4,3.4,15,3.4,868828,8.5,0,0.0,0,0.0,23,5.1,1166,5.0
"55105","5","8111","76","0","2000","A","","Rock County, Wisconsin","Private","Automotive repair and maintenance","County, NAICS 4-digit -- by ownership sector","All establishment sizes",90,357,8494439,0,0,458,23805,"",1.28,0.77,0.83,0.00,0.00,1.07,1.07,"",1,1.1,2,0.6,394705,4.9,0,0.0,0,0.0,19,4.3,1000,4.4
"55105","5","81111","77","0","2000","A","","Rock County, Wisconsin","Private","Automotive mechanical and electrical repair","County, NAICS 5-digit -- by ownership sector","All establishment sizes",47,130,3188781,0,0,470,24451,"",1.12,0.60,0.62,0.00,0.00,1.04,1.04,"",2,4.4,4,3.2,124468,4.1,0,0.0,0,0.0,1,0.2,83,0.3
"55105","5","811111","78","0","2000","A","","Rock County, Wisconsin","Private","General automotive repair","County, NAICS 6-digit -- by ownership sector","All establishment sizes",37,100,2395295,0,0,461,23953,"",1.15,0.62,0.63,0.00,0.00,1.03,1.03,"",2,5.7,3,3.1,101303,4.4,0,0.0,0,0.0,6,1.3,283,1.2
"55105","5","811118","78","0","2000","A","","Rock County, Wisconsin","Private","Other automotive mechanical and elec. repair","County, NAICS 6-digit -- by ownership sector","All establishment sizes",7,21,530280,0,0,497,25867,"",1.47,0.76,0.81,0.00,0.00,1.09,1.09,"",1,16.7,2,10.5,27876,5.5,0,0.0,0,0.0,-16,-3.1,-809,-3.0
"55105","5","81112","77","0","2000","A","","Rock County, Wisconsin","Private","Automotive body, interior, and glass repair","County, NAICS 5-digit -- by ownership sector","All establishment sizes",24,129,3790477,0,0,565,29384,"",1.30,0.97,1.05,0.00,0.00,1.09,1.09,"",-1,-4.0,-3,-2.3,122486,3.3,0,0.0,0,0.0,29,5.4,1508,5.4
"55105","5","81119","77","0","2000","A","","Rock County, Wisconsin","Private","Other automotive repair and maintenance","County, NAICS 5-digit -- by ownership sector","All establishment sizes",19,97,1515181,0,0,299,15554,"",1.92,0.87,0.99,0.00,0.00,1.12,1.12,"",0,0.0,-1,-1.0,147751,10.8,0,0.0,0,0.0,30,11.2,1577,11.3
"55105","5","811192","78","0","2000","A","","Rock County, Wisconsin","Private","Car washes","County, NAICS 6-digit -- by ownership sector","All establishment sizes",13,36,648332,0,0,348,18093,"",2.21,0.50,0.74,0.00,0.00,1.49,1.49,"",1,8.3,1,2.9,92463,16.6,0,0.0,0,0.0,43,14.1,2211,13.9
"55105","5","8113","76","0","2000","A","","Rock County, Wisconsin","Private","Commercial machinery repair and maintenance","County, NAICS 4-digit -- by ownership sector","All establishment sizes",16,55,1530439,0,0,540,28081,"",1.53,0.67,0.61,0.00,0.00,0.92,0.92,"",3,23.1,9,19.6,366355,31.5,0,0.0,0,0.0,49,10.0,2544,10.0
"55105","5","81131","77","0","2000","A","","Rock County, Wisconsin","Private","Commercial machinery repair and maintenance","County, NAICS 5-digit -- by ownership sector","All establishment sizes",16,55,1530439,0,0,540,28081,"",1.53,0.67,0.61,0.00,0.00,0.92,0.92,"",3,23.1,9,19.6,366355,31.5,0,0.0,0,0.0,49,10.0,2544,10.0
"55105","5","811310","78","0","2000","A","","Rock County, Wisconsin","Private","Commercial machinery repair and maintenance","County, NAICS 6-digit -- by ownership sector","All establishment sizes",16,55,1530439,0,0,540,28081,"",1.53,0.67,0.61,0.00,0.00,0.92,0.92,"",3,23.1,9,19.6,366355,31.5,0,0.0,0,0.0,49,10.0,2544,10.0
"55105","5","812","75","0","2000","A","","Rock County, Wisconsin","Private","Personal and laundry services","County, NAICS 3-digit -- by ownership sector","All establishment sizes",100,552,7712935,0,0,269,13962,"",1.36,0.86,0.73,0.00,0.00,0.85,0.85,"",-6,-5.7,-17,-3.0,-80318,-1.0,0,0.0,0,0.0,5,1.9,258,1.9
"55105","5","8121","76","0","2000","A","","Rock County, Wisconsin","Private","Personal care services","County, NAICS 4-digit -- by ownership sector","All establishment sizes",72,376,4463398,0,0,228,11879,"",1.92,1.50,1.28,0.00,0.00,0.85,0.85,"",-5,-6.5,-17,-4.3,-93577,-2.1,0,0.0,0,0.0,5,2.2,274,2.4
"55105","5","81211","77","0","2000","A","","Rock County, Wisconsin","Private","Hair, nail, and skin care services","County, NAICS 5-digit -- by ownership sector","All establishment sizes",62,321,4072292,0,0,244,12676,"",1.89,1.48,1.31,0.00,0.00,0.88,0.88,"",-3,-4.6,-14,-4.2,39112,1.0,0,0.0,0,0.0,13,5.6,652,5.4
"55105","5","812112","78","0","2000","A","","Rock County, Wisconsin","Private","Beauty salons","County, NAICS 6-digit -- by ownership sector","All establishment sizes",57,315,3964189,0,0,242,12571,"",2.01,1.56,1.36,0.00,0.00,0.87,0.87,"",-3,-5.0,-15,-4.5,-22674,-0.6,0,0.0,0,0.0,10,4.3,493,4.1
"55105","5","81219","77","0","2000","A","","Rock County, Wisconsin","Private","Other personal care services","County, NAICS 5-digit -- by ownership sector","All establishment sizes",10,55,391106,0,0,138,7176,"",2.06,1.63,1.04,0.00,0.00,0.65,0.65,"",-2,-16.7,-2,-3.5,-132689,-25.3,0,0.0,0,0.0,-38,-21.6,-1973,-21.6
"55105","5","8122","76","0","2000","A","","Rock County, Wisconsin","Private","Death care services","County, NAICS 4-digit -- by ownership sector","All establishment sizes",13,73,1943907,0,0,514,26720,"",1.65,1.01,1.15,0.00,0.00,1.13,1.14,"",0,0.0,0,0.0,12782,0.7,0,0.0,0,0.0,2,0.4,114,0.4
"55105","5","8123","76","0","2000","A","","Rock County, Wisconsin","Private","Drycleaning and laundry services","County, NAICS 4-digit -- by ownership sector","All establishment sizes",12,90,1134218,0,0,241,12556,"",0.69,0.45,0.35,0.00,0.00,0.78,0.78,"",1,9.1,-2,-2.2,14442,1.3,0,0.0,0,0.0,8,3.4,428,3.5
"55105","5","81232","77","0","2000","A","","Rock County, Wisconsin","Private","Drycleaning and laundry services","County, NAICS 5-digit -- by ownership sector","All establishment sizes",6,69,798643,0,0,222,11519,"",0.51,0.63,0.56,0.00,0.00,0.88,0.88,"",0,0.0,-3,-4.2,-2450,-0.3,0,0.0,0,0.0,8,3.7,367,3.3
"55105","5","812320","78","0","2000","A","","Rock County, Wisconsin","Private","Drycleaning and laundry services","County, NAICS 6-digit -- by ownership sector","All establishment sizes",6,69,798643,0,0,222,11519,"",0.51,0.63,0.56,0.00,0.00,0.88,0.88,"",0,0.0,-3,-4.2,-2450,-0.3,0,0.0,0,0.0,8,3.7,367,3.3
"55105","5","8129","76","0","2000","A","","Rock County, Wisconsin","Private","Other personal services","County, NAICS 4-digit -- by ownership sector","All establishment sizes",4,14,171412,0,0,243,12619,"",0.37,0.12,0.08,0.00,0.00,0.70,0.70,"",-1,-20.0,3,27.3,-13965,-7.5,0,0.0,0,0.0,-79,-24.5,-4107,-24.6
"55105","5","813","75","0","2000","A","","Rock County, Wisconsin","Private","Membership associations and organizations","County, NAICS 3-digit -- by ownership sector","All establishment sizes",62,654,7900544,0,0,232,12082,"",1.16,1.02,0.59,0.00,0.00,0.57,0.57,"",0,0.0,-6,-0.9,691723,9.6,0,0.0,0,0.0,22,10.5,1165,10.7
"55105","5","8133","76","0","2000","A","","Rock County, Wisconsin","Private","Social advocacy organizations","County, NAICS 4-digit -- by ownership sector","All establishment sizes",6,42,715915,0,0,327,16978,"",1.13,0.56,0.44,0.00,0.00,0.78,0.78,"",-1,-14.3,2,5.0,69588,10.8,0,0.0,0,0.0,18,5.8,920,5.7
"55105","5","81331","77","0","2000","A","","Rock County, Wisconsin","Private","Social advocacy organizations","County, NAICS 5-digit -- by ownership sector","All establishment sizes",6,42,715915,0,0,327,16978,"",1.13,0.56,0.44,0.00,0.00,0.78,0.78,"",-1,-14.3,2,5.0,69588,10.8,0,0.0,0,0.0,18,5.8,920,5.7
"55105","5","8134","76","0","2000","A","","Rock County, Wisconsin","Private","Civic and social organizations","County, NAICS 4-digit -- by ownership sector","All establishment sizes",19,361,3149876,0,0,168,8738,"",1.51,1.74,1.26,0.00,0.00,0.73,0.73,"",0,0.0,10,2.8,303979,10.7,0,0.0,0,0.0,12,7.7,626,7.7
"55105","5","81341","77","0","2000","A","","Rock County, Wisconsin","Private","Civic and social organizations","County, NAICS 5-digit -- by ownership sector","All establishment sizes",19,361,3149876,0,0,168,8738,"",1.51,1.74,1.26,0.00,0.00,0.73,0.73,"",0,0.0,10,2.8,303979,10.7,0,0.0,0,0.0,12,7.7,626,7.7
"55105","5","813410","78","0","2000","A","","Rock County, Wisconsin","Private","Civic and social organizations","County, NAICS 6-digit -- by ownership sector","All establishment sizes",19,361,3149876,0,0,168,8738,"",1.51,1.74,1.26,0.00,0.00,0.73,0.73,"",0,0.0,10,2.8,303979,10.7,0,0.0,0,0.0,12,7.7,626,7.7
"55105","5","8139","76","0","2000","A","","Rock County, Wisconsin","Private","Professional and similar organizations","County, NAICS 4-digit -- by ownership sector","All establishment sizes",32,216,3370106,0,0,300,15584,"",1.32,0.98,0.53,0.00,0.00,0.54,0.54,"",0,0.0,-16,-6.9,318699,10.4,0,0.0,0,0.0,47,18.6,2450,18.7
"55105","5","81391","77","0","2000","A","","Rock County, Wisconsin","Private","Business associations","County, NAICS 5-digit -- by ownership sector","All establishment sizes",9,33,1316878,0,0,762,39605,"",1.13,0.53,0.56,0.00,0.00,1.06,1.06,"",-1,-10.0,0,0.0,103586,8.5,0,0.0,0,0.0,50,7.0,2558,6.9
"55105","5","813910","78","0","2000","A","","Rock County, Wisconsin","Private","Business associations","County, NAICS 6-digit -- by ownership sector","All establishment sizes",9,33,1316878,0,0,762,39605,"",1.13,0.53,0.56,0.00,0.00,1.06,1.06,"",-1,-10.0,0,0.0,103586,8.5,0,0.0,0,0.0,50,7.0,2558,6.9
"55105","5","81393","77","0","2000","A","","Rock County, Wisconsin","Private","Labor unions and similar labor organizations","County, NAICS 5-digit -- by ownership sector","All establishment sizes",18,166,1855920,0,0,215,11191,"",2.56,2.24,1.19,0.00,0.00,0.53,0.53,"",2,12.5,-19,-10.3,154614,9.1,0,0.0,0,0.0,38,21.5,1970,21.4
"55105","5","813930","78","0","2000","A","","Rock County, Wisconsin","Private","Labor unions and similar labor organizations","County, NAICS 6-digit -- by ownership sector","All establishment sizes",18,166,1855920,0,0,215,11191,"",2.56,2.24,1.19,0.00,0.00,0.53,0.53,"",2,12.5,-19,-10.3,154614,9.1,0,0.0,0,0.0,38,21.5,1970,21.4
"55105","5","814","75","0","2000","A","","Rock County, Wisconsin","Private","Private households","County, NAICS 3-digit -- by ownership sector","All establishment sizes",53,76,802760,0,0,203,10574,"",0.30,0.35,0.31,0.00,0.00,0.90,0.90,"",-6,-10.2,-7,-8.4,-36172,-4.3,0,0.0,0,0.0,8,4.1,415,4.1
"55105","5","8141","76","0","2000","A","","Rock County, Wisconsin","Private","Private households","County, NAICS 4-digit -- by ownership sector","All establishment sizes",53,76,802760,0,0,203,10574,"",0.30,0.35,0.31,0.00,0.00,0.90,0.90,"",-6,-10.2,-7,-8.4,-36172,-4.3,0,0.0,0,0.0,8,4.1,415,4.1
"55105","5","81411","77","0","2000","A","","Rock County, Wisconsin","Private","Private households","County, NAICS 5-digit -- by ownership sector","All establishment sizes",53,76,802760,0,0,203,10574,"",0.30,0.35,0.31,0.00,0.00,0.90,0.90,"",-6,-10.2,-7,-8.4,-36172,-4.3,0,0.0,0,0.0,8,4.1,415,4.1
"55105","5","814110","78","0","2000","A","","Rock County, Wisconsin","Private","Private households","County, NAICS 6-digit -- by ownership sector","All establishment sizes",53,76,802760,0,0,203,10574,"",0.30,0.35,0.31,0.00,0.00,0.90,0.90,"",-6,-10.2,-7,-8.4,-36172,-4.3,0,0.0,0,0.0,8,4.1,415,4.1
