"area_fips","own_code","industry_code","agglvl_code","size_code","year","qtr","disclosure_code","area_title","own_title","industry_title","agglvl_title","size_title","annual_avg_estabs_count","annual_avg_emplvl","total_annual_wages","taxable_annual_wages","annual_contributions","annual_avg_wkly_wage","avg_annual_pay","lq_disclosure_code","lq_annual_avg_estabs_count","lq_annual_avg_emplvl","lq_total_annual_wages","lq_taxable_annual_wages","lq_annual_contributions","lq_annual_avg_wkly_wage","lq_avg_annual_pay","oty_disclosure_code","oty_annual_avg_estabs_count_chg","oty_annual_avg_estabs_count_pct_chg","oty_annual_avg_emplvl_chg","oty_annual_avg_emplvl_pct_chg","oty_total_annual_wages_chg","oty_total_annual_wages_pct_chg","oty_taxable_annual_wages_chg","oty_taxable_annual_wages_pct_chg","oty_annual_contributions_chg","oty_annual_contributions_pct_chg","oty_annual_avg_wkly_wage_chg","oty_annual_avg_wkly_wage_pct_chg","oty_avg_annual_pay_chg","oty_avg_annual_pay_pct_chg"
"42047","0","10","70","0","2010","A","","Elk County, Pennsylvania","Total Covered","Total, all industries","County, Total Covered","All establishment sizes",1009,14564,503000566,99351329,7215577,664,34537,"",1.00,1.00,1.00,1.00,1.00,1.00,1.00,"",14,1.4,730,5.3,55157156,12.3,9504815,10.6,2491324,52.7,41,6.6,2164,6.7
"42047","1","10","71","0","2010","A","","Elk County, Pennsylvania","Federal Government","Total, all industries","County, Total -- by ownership sector","All establishment sizes",18,125,5250071,0,0,807,41945,"",2.39,0.37,0.30,0.00,0.00,0.82,0.82,"",0,0.0,11,9.6,-65324,-1.2,0,0.0,0,0.0,-88,-9.8,-4613,-9.9
"42047","1","102","72","0","2010","A","","Elk County, Pennsylvania","Federal Government","Service-providing","County, by Domain -- by ownership sector","All establishment sizes",18,125,5250071,0,0,807,41945,"",2.40,0.37,0.31,0.00,0.00,0.82,0.82,"",0,0.0,11,9.6,-65324,-1.2,0,0.0,0,0.0,-88,-9.8,-4613,-9.9
"42047","1","1021","73","0","2010","A","","Elk County, Pennsylvania","Federal Government","Trade, transportation, and utilities","County, by Supersector -- by ownership sector","All establishment sizes",12,71,3179346,0,0,858,44622,"",3.40,0.85,0.93,0.00,0.00,1.09,1.09,"",0,0.0,-2,-2.7,-112428,-3.4,0,0.0,0,0.0,-6,-0.7,-317,-0.7
"42047","1","1024","73","0","2010","A","","Elk County, Pennsylvania","Federal Government","Professional and business services","County, by Supersector -- by ownership sector","All establishment sizes",1,9,468978,0,0,1031,53597,"",5.58,1.09,0.94,0.00,0.00,0.89,0.89,"",0,0.0,0,0.0,-5984,-1.3,0,0.0,0,0.0,-3,-0.3,-172,-0.3
"42047","1","1028","73","0","2010","A","","Elk County, Pennsylvania","Federal Government","Public administration","County, by Supersector -- by ownership sector","All establishment sizes",5,45,1601747,0,0,682,35463,"",1.51,0.23,0.15,0.00,0.00,0.64,0.64,"",0,0.0,13,40.6,53088,3.4,0,0.0,0,0.0,-246,-26.5,-12807,-26.5
"42047","1","48-49","74","0","2010","A","","Elk County, Pennsylvania","Federal Government","Transportation and warehousing","County, NAICS Sector -- by ownership sector","All establishment sizes",12,71,3179346,0,0,858,44622,"",3.50,0.93,0.99,0.00,0.00,1.06,1.06,"",0,0.0,-2,-2.7,-112428,-3.4,0,0.0,0,0.0,-6,-0.7,-317,-0.7
"42047","1","491","75","0","2010","A","","Elk County, Pennsylvania","Federal Government","Postal service","County, NAICS 3-digit -- by ownership sector","All establishment sizes",12,71,3179346,0,0,858,44622,"",3.52,0.95,1.03,0.00,0.00,1.08,1.08,"",0,0.0,-2,-2.7,-112428,-3.4,0,0.0,0,0.0,-6,-0.7,-317,-0.7
"42047","1","4911","76","0","2010","A","","Elk County, Pennsylvania","Federal Government","Postal service","County, NAICS 4-digit -- by ownership sector","All establishment sizes",12,71,3179346,0,0,858,44622,"",3.52,0.95,1.03,0.00,0.00,1.08,1.08,"",0,0.0,-2,-2.7,-112428,-3.4,0,0.0,0,0.0,-6,-0.7,-317,-0.7
"42047","1","49111","77","0","2010","A","","Elk County, Pennsylvania","Federal Government","Postal service","County, NAICS 5-digit -- by ownership sector","All establishment sizes",12,71,3179346,0,0,858,44622,"",3.52,0.95,1.03,0.00,0.00,1.08,1.08,"",0,0.0,-2,-2.7,-112428,-3.4,0,0.0,0,0.0,-6,-0.7,-317,-0.7
"42047","1","491110","78","0","2010","A","","Elk County, Pennsylvania","Federal Government","Postal service","County, NAICS 6-digit -- by ownership sector","All establishment sizes",12,71,3179346,0,0,858,44622,"",3.52,0.95,1.03,0.00,0.00,1.08,1.08,"",0,0.0,-2,-2.7,-112428,-3.4,0,0.0,0,0.0,-6,-0.7,-317,-0.7
"42047","1","54","74","0","2010","A","","Elk County, Pennsylvania","Federal Government","Professional and technical services","County, NAICS Sector -- by ownership sector","All establishment sizes",1,9,468978,0,0,1031,53597,"",6.12,1.11,0.95,0.00,0.00,0.88,0.88,"",0,0.0,0,0.0,-5984,-1.3,0,0.0,0,0.0,-3,-0.3,-172,-0.3
"42047","1","541","75","0","2010","A","","Elk County, Pennsylvania","Federal Government","Professional and technical services","County, NAICS 3-digit -- by ownership sector","All establishment sizes",1,9,468978,0,0,1031,53597,"",6.12,1.11,0.95,0.00,0.00,0.88,0.88,"",0,0.0,0,0.0,-5984,-1.3,0,0.0,0,0.0,-3,-0.3,-172,-0.3
"42047","1","5413","76","0","2010","A","","Elk County, Pennsylvania","Federal Government","Architectural and engineering services","County, NAICS 4-digit -- by ownership sector","All establishment sizes",1,9,468978,0,0,1031,53597,"",10.94,1.50,1.31,0.00,0.00,0.90,0.90,"",0,0.0,0,0.0,-5984,-1.3,0,0.0,0,0.0,-3,-0.3,-172,-0.3
"42047","1","54133","77","0","2010","A","","Elk County, Pennsylvania","Federal Government","Engineering services","County, NAICS 5-digit -- by ownership sector","All establishment sizes",1,9,468978,0,0,1031,53597,"",10.96,1.58,1.37,0.00,0.00,0.89,0.89,"",0,0.0,0,0.0,-5984,-1.3,0,0.0,0,0.0,-3,-0.3,-172,-0.3
"42047","1","541330","78","0","2010","A","","Elk County, Pennsylvania","Federal Government","Engineering services","County, NAICS 6-digit -- by ownership sector","All establishment sizes",1,9,468978,0,0,1031,53597,"",10.96,1.58,1.37,0.00,0.00,0.89,0.89,"",0,0.0,0,0.0,-5984,-1.3,0,0.0,0,0.0,-3,-0.3,-172,-0.3
"42047","1","92","74","0","2010","A","","Elk County, Pennsylvania","Federal Government","Public administration","County, NAICS Sector -- by ownership sector","All establishment sizes",5,45,1601747,0,0,682,35463,"",1.51,0.23,0.15,0.00,0.00,0.64,0.64,"",0,0.0,13,40.6,53088,3.4,0,0.0,0,0.0,-246,-26.5,-12807,-26.5
"42047","1","924","75","0","2010","A","","Elk County, Pennsylvania","Federal Government","Administration of environmental programs","County, NAICS 3-digit -- by ownership sector","All establishment sizes",1,0,64232,0,0,2965,154157,"",1.36,0.00,0.09,0.00,0.00,2.91,2.91,"",0,0.0,-1,-100.0,-65666,-50.6,0,0.0,0,0.0,824,38.5,42816,38.5
"42047","1","9241","76","0","2010","A","","Elk County, Pennsylvania","Federal Government","Administration of environmental programs","County, NAICS 4-digit -- by ownership sector","All establishment sizes",1,0,64232,0,0,2965,154157,"",1.36,0.00,0.09,0.00,0.00,2.91,2.91,"",0,0.0,-1,-100.0,-65666,-50.6,0,0.0,0,0.0,824,38.5,42816,38.5
"42047","1","92412","77","0","2010","A","","Elk County, Pennsylvania","Federal Government","Administration of conservation programs","County, NAICS 5-digit -- by ownership sector","All establishment sizes",1,0,64232,0,0,2965,154157,"",1.40,0.00,0.12,0.00,0.00,3.21,3.21,"",0,0.0,-1,-100.0,-65666,-50.6,0,0.0,0,0.0,824,38.5,42816,38.5
"42047","1","924120","78","0","2010","A","","Elk County, Pennsylvania","Federal Government","Administration of conservation programs","County, NAICS 6-digit -- by ownership sector","All establishment sizes",1,0,64232,0,0,2965,154157,"",1.40,0.00,0.12,0.00,0.00,3.21,3.21,"",0,0.0,-1,-100.0,-65666,-50.6,0,0.0,0,0.0,824,38.5,42816,38.5
"42047","1","926","75","0","2010","A","","Elk County, Pennsylvania","Federal Government","Administration of economic programs","County, NAICS 3-digit -- by ownership sector","All establishment sizes",3,44,1488011,0,0,654,34012,"",2.35,1.04,0.79,0.00,0.00,0.76,0.76,"",0,0.0,14,46.7,117323,8.6,0,0.0,0,0.0,-227,-25.8,-11805,-25.8
"42047","1","9261","76","0","2010","A","","Elk County, Pennsylvania","Federal Government","Administration of economic programs","County, NAICS 4-digit -- by ownership sector","All establishment sizes",3,44,1488011,0,0,654,34012,"",2.35,1.04,0.79,0.00,0.00,0.76,0.76,"",0,0.0,14,46.7,117323,8.6,0,0.0,0,0.0,-227,-25.8,-11805,-25.8
"42047","1","92611","77","0","2010","A","","Elk County, Pennsylvania","Federal Government","Administration of general economic programs","County, NAICS 5-digit -- by ownership sector","All establishment sizes",1,19,236300,0,0,235,12222,"",1.73,0.97,0.45,0.00,0.00,0.46,0.46,"",0,0.0,15,375.0,162959,222.2,0,0.0,0,0.0,-118,-33.4,-6113,-33.3
"42047","1","926110","78","0","2010","A","","Elk County, Pennsylvania","Federal Government","Administration of general economic programs","County, NAICS 6-digit -- by ownership sector","All establishment sizes",1,19,236300,0,0,235,12222,"",1.73,0.97,0.45,0.00,0.00,0.46,0.46,"",0,0.0,15,375.0,162959,222.2,0,0.0,0,0.0,-118,-33.4,-6113,-33.3
"42047","1","92612","77","0","2010","A","","Elk County, Pennsylvania","Federal Government","Transportation program administration","County, NAICS 5-digit -- by ownership sector","All establishment sizes",1,22,1155827,0,0,1010,52538,"",5.13,1.77,1.65,0.00,0.00,0.93,0.93,"",0,0.0,-2,-8.3,-66356,-5.4,0,0.0,0,0.0,24,2.4,1258,2.5
"42047","1","926120","78","0","2010","A","","Elk County, Pennsylvania","Federal Government","Transportation program administration","County, NAICS 6-digit -- by ownership sector","All establishment sizes",1,22,1155827,0,0,1010,52538,"",5.13,1.77,1.65,0.00,0.00,0.93,0.93,"",0,0.0,-2,-8.3,-66356,-5.4,0,0.0,0,0.0,24,2.4,1258,2.5
"42047","1","92614","77","0","2010","A","","Elk County, Pennsylvania","Federal Government","Agricultural market and commodity regulation","County, NAICS 5-digit -- by ownership sector","All establishment sizes",1,2,95884,0,0,763,39676,"",2.52,0.35,0.33,0.00,0.00,0.76,0.76,"",0,0.0,0,0.0,20720,27.6,0,0.0,0,0.0,69,9.9,3597,10.0
"42047","1","926140","78","0","2010","A","","Elk County, Pennsylvania","Federal Government","Agricultural market and commodity regulation","County, NAICS 6-digit -- by ownership sector","All establishment sizes",1,2,95884,0,0,763,39676,"",2.52,0.35,0.33,0.00,0.00,0.76,0.76,"",0,0.0,0,0.0,20720,27.6,0,0.0,0,0.0,69,9.9,3597,10.0
"42047","1","928","75","0","2010","A","","Elk County, Pennsylvania","Federal Government","National security and international affairs","County, NAICS 3-digit -- by ownership sector","All establishment sizes",1,1,49504,0,0,952,49504,"",3.85,0.02,0.01,0.00,0.00,0.87,0.87,"",0,0.0,0,0.0,1431,3.0,0,0.0,0,0.0,28,3.0,1431,3.0
"42047","1","9281","76","0","2010","A","","Elk County, Pennsylvania","Federal Government","National security and international affairs","County, NAICS 4-digit -- by ownership sector","All establishment sizes",1,1,49504,0,0,952,49504,"",3.85,0.02,0.01,0.00,0.00,0.87,0.87,"",0,0.0,0,0.0,1431,3.0,0,0.0,0,0.0,28,3.0,1431,3.0
"42047","1","92811","77","0","2010","A","","Elk County, Pennsylvania","Federal Government","National security","County, NAICS 5-digit -- by ownership sector","All establishment sizes",1,1,49504,0,0,952,49504,"",4.32,0.02,0.01,0.00,0.00,0.88,0.88,"",0,0.0,0,0.0,1431,3.0,0,0.0,0,0.0,28,3.0,1431,3.0
"42047","1","928110","78","0","2010","A","","Elk County, Pennsylvania","Federal Government","National security","County, NAICS 6-digit -- by ownership sector","All establishment sizes",1,1,49504,0,0,952,49504,"",4.32,0.02,0.01,0.00,0.00,0.88,0.88,"",0,0.0,0,0.0,1431,3.0,0,0.0,0,0.0,28,3.0,1431,3.0
"42047","2","10","71","0","2010","A","","Elk County, Pennsylvania","State Government","Total, all industries","County, Total -- by ownership sector","All establishment sizes",17,160,7576727,0,0,912,47404,"",2.26,0.30,0.40,0.00,0.00,1.31,1.31,"",1,6.2,2,1.3,62100,0.8,0,0.0,0,0.0,-2,-0.2,-107,-0.2
"42047","2","101","72","0","2010","A","N","Elk County, Pennsylvania","State Government","Goods-producing","County, by Domain -- by ownership sector","All establishment sizes",1,0,0,0,0,0,0,"N",4.79,0,0,0,0,0,0,"N",0,0.0,0,0,0,0,0,0,0,0,0,0,0,0
"42047","2","1012","73","0","2010","A","N","Elk County, Pennsylvania","State Government","Construction","County, by Supersector -- by ownership sector","All establishment sizes",1,0,0,0,0,0,0,"N",5.27,0,0,0,0,0,0,"N",0,0.0,0,0,0,0,0,0,0,0,0,0,0,0
"42047","2","102","72","0","2010","A","N","Elk County, Pennsylvania","State Government","Service-providing","County, by Domain -- by ownership sector","All establishment sizes",16,0,0,0,0,0,0,"N",2.19,0,0,0,0,0,0,"N",1,6.7,0,0,0,0,0,0,0,0,0,0,0,0
"42047","2","1021","73","0","2010","A","N","Elk County, Pennsylvania","State Government","Trade, transportation, and utilities","County, by Supersector -- by ownership sector","All establishment sizes",1,0,0,0,0,0,0,"N",9.19,0,0,0,0,0,0,"N",0,0.0,0,0,0,0,0,0,0,0,0,0,0,0
"42047","2","1024","73","0","2010","A","N","Elk County, Pennsylvania","State Government","Professional and business services","County, by Supersector -- by ownership sector","All establishment sizes",1,0,0,0,0,0,0,"N",9.89,0,0,0,0,0,0,"N",0,0.0,0,0,0,0,0,0,0,0,0,0,0,0
"42047","2","1025","73","0","2010","A","N","Elk County, Pennsylvania","State Government","Education and health services","County, by Supersector -- by ownership sector","All establishment sizes",2,0,0,0,0,0,0,"N",1.32,0,0,0,0,0,0,"N",0,0.0,0,0,0,0,0,0,0,0,0,0,0,0
"42047","2","1028","73","0","2010","A","","Elk County, Pennsylvania","State Government","Public administration","County, by Supersector -- by ownership sector","All establishment sizes",12,61,3443127,0,0,1094,56911,"",2.22,0.29,0.44,0.00,0.00,1.54,1.54,"",1,9.1,0,0.0,3555,0.1,0,0.0,0,0.0,2,0.2,137,0.2
"42047","2","23","74","0","2010","A","N","Elk County, Pennsylvania","State Government","Construction","County, NAICS Sector -- by ownership sector","All establishment sizes",1,0,0,0,0,0,0,"N",5.27,0,0,0,0,0,0,"N",0,0.0,0,0,0,0,0,0,0,0,0,0,0,0
"42047","2","237","75","0","2010","A","N","Elk County, Pennsylvania","State Government","Heavy and civil engineering construction","County, NAICS 3-digit -- by ownership sector","All establishment sizes",1,0,0,0,0,0,0,"N",5.29,0,0,0,0,0,0,"N",0,0.0,0,0,0,0,0,0,0,0,0,0,0,0
"42047","2","2373","76","0","2010","A","N","Elk County, Pennsylvania","State Government","Highway, street, and bridge construction","County, NAICS 4-digit -- by ownership sector","All establishment sizes",1,0,0,0,0,0,0,"N",5.30,0,0,0,0,0,0,"N",0,0.0,0,0,0,0,0,0,0,0,0,0,0,0
"42047","2","23731","77","0","2010","A","N","Elk County, Pennsylvania","State Government","Highway, street, and bridge construction","County, NAICS 5-digit -- by ownership sector","All establishment sizes",1,0,0,0,0,0,0,"N",5.30,0,0,0,0,0,0,"N",0,0.0,0,0,0,0,0,0,0,0,0,0,0,0
"42047","2","237310","78","0","2010","A","N","Elk County, Pennsylvania","State Government","Highway, street, and bridge construction","County, NAICS 6-digit -- by ownership sector","All establishment sizes",1,0,0,0,0,0,0,"N",5.30,0,0,0,0,0,0,"N",0,0.0,0,0,0,0,0,0,0,0,0,0,0,0
"42047","2","44-45","74","0","2010","A","N","Elk County, Pennsylvania","State Government","Retail trade","County, NAICS Sector -- by ownership sector","All establishment sizes",1,0,0,0,0,0,0,"N",21.22,0,0,0,0,0,0,"N",0,0.0,0,0,0,0,0,0,0,0,0,0,0,0
"42047","2","445","75","0","2010","A","N","Elk County, Pennsylvania","State Government","Food and beverage stores","County, NAICS 3-digit -- by ownership sector","All establishment sizes",1,0,0,0,0,0,0,"N",21.48,0,0,0,0,0,0,"N",0,0.0,0,0,0,0,0,0,0,0,0,0,0,0
"42047","2","4453","76","0","2010","A","N","Elk County, Pennsylvania","State Government","Beer, wine, and liquor stores","County, NAICS 4-digit -- by ownership sector","All establishment sizes",1,0,0,0,0,0,0,"N",21.48,0,0,0,0,0,0,"N",0,0.0,0,0,0,0,0,0,0,0,0,0,0,0
"42047","2","44531","77","0","2010","A","N","Elk County, Pennsylvania","State Government","Beer, wine, and liquor stores","County, NAICS 5-digit -- by ownership sector","All establishment sizes",1,0,0,0,0,0,0,"N",21.48,0,0,0,0,0,0,"N",0,0.0,0,0,0,0,0,0,0,0,0,0,0,0
"42047","2","445310","78","0","2010","A","N","Elk County, Pennsylvania","State Government","Beer, wine, and liquor stores","County, NAICS 6-digit -- by ownership sector","All establishment sizes",1,0,0,0,0,0,0,"N",21.48,0,0,0,0,0,0,"N",0,0.0,0,0,0,0,0,0,0,0,0,0,0,0
"42047","2","56","74","0","2010","A","N","Elk County, Pennsylvania","State Government","Administrative and waste services","County, NAICS Sector -- by ownership sector","All establishment sizes",1,0,0,0,0,0,0,"N",17.44,0,0,0,0,0,0,"N",0,0.0,0,0,0,0,0,0,0,0,0,0,0,0
"42047","2","561","75","0","2010","A","N","Elk County, Pennsylvania","State Government","Administrative and support services","County, NAICS 3-digit -- by ownership sector","All establishment sizes",1,0,0,0,0,0,0,"N",17.55,0,0,0,0,0,0,"N",0,0.0,0,0,0,0,0,0,0,0,0,0,0,0
"42047","2","5613","76","0","2010","A","N","Elk County, Pennsylvania","State Government","Employment services","County, NAICS 4-digit -- by ownership sector","All establishment sizes",1,0,0,0,0,0,0,"N",21.07,0,0,0,0,0,0,"N",0,0.0,0,0,0,0,0,0,0,0,0,0,0,0
"42047","2","56131","77","0","2010","A","N","Elk County, Pennsylvania","State Government","Employment placement and executive search","County, NAICS 5-digit -- by ownership sector","All establishment sizes",1,0,0,0,0,0,0,"N",21.12,0,0,0,0,0,0,"N",0,0.0,0,0,0,0,0,0,0,0,0,0,0,0
"42047","2","561311","78","0","2010","A","N","Elk County, Pennsylvania","State Government","Employment placement agencies","County, NAICS 6-digit -- by ownership sector","All establishment sizes",1,0,0,0,0,0,0,"N",21.12,0,0,0,0,0,0,"N",0,0.0,0,0,0,0,0,0,0,0,0,0,0,0
"42047","2","62","74","0","2010","A","N","Elk County, Pennsylvania","State Government","Health care and social assistance","County, NAICS Sector -- by ownership sector","All establishment sizes",2,0,0,0,0,0,0,"N",3.01,0,0,0,0,0,0,"N",0,0.0,0,0,0,0,0,0,0,0,0,0,0,0
"42047","2","621","75","0","2010","A","N","Elk County, Pennsylvania","State Government","Ambulatory health care services","County, NAICS 3-digit -- by ownership sector","All establishment sizes",1,0,0,0,0,0,0,"N",8.68,0,0,0,0,0,0,"N",0,0.0,0,0,0,0,0,0,0,0,0,0,0,0
"42047","2","6214","76","0","2010","A","N","Elk County, Pennsylvania","State Government","Outpatient care centers","County, NAICS 4-digit -- by ownership sector","All establishment sizes",1,0,0,0,0,0,0,"N",10.73,0,0,0,0,0,0,"N",0,0.0,0,0,0,0,0,0,0,0,0,0,0,0
"42047","2","62149","77","0","2010","A","N","Elk County, Pennsylvania","State Government","Other outpatient care centers","County, NAICS 5-digit -- by ownership sector","All establishment sizes",1,0,0,0,0,0,0,"N",23.96,0,0,0,0,0,0,"N",0,0.0,0,0,0,0,0,0,0,0,0,0,0,0
"42047","2","621498","78","0","2010","A","N","Elk County, Pennsylvania","State Government","All other outpatient care centers","County, NAICS 6-digit -- by ownership sector","All establishment sizes",1,0,0,0,0,0,0,"N",24.15,0,0,0,0,0,0,"N",0,0.0,0,0,0,0,0,0,0,0,0,0,0,0
"42047","2","624","75","0","2010","A","N","Elk County, Pennsylvania","State Government","Social assistance","County, NAICS 3-digit -- by ownership sector","All establishment sizes",1,0,0,0,0,0,0,"N",3.36,0,0,0,0,0,0,"N",0,0.0,0,0,0,0,0,0,0,0,0,0,0,0
"42047","2","6241","76","0","2010","A","N","Elk County, Pennsylvania","State Government","Individual and family services","County, NAICS 4-digit -- by ownership sector","All establishment sizes",1,0,0,0,0,0,0,"N",4.44,0,0,0,0,0,0,"N",0,0.0,0,0,0,0,0,0,0,0,0,0,0,0
"42047","2","62419","77","0","2010","A","N","Elk County, Pennsylvania","State Government","Other individual and family services","County, NAICS 5-digit -- by ownership sector","All establishment sizes",1,0,0,0,0,0,0,"N",8.13,0,0,0,0,0,0,"N",0,0.0,0,0,0,0,0,0,0,0,0,0,0,0
"42047","2","624190","78","0","2010","A","N","Elk County, Pennsylvania","State Government","Other individual and family services","County, NAICS 6-digit -- by ownership sector","All establishment sizes",1,0,0,0,0,0,0,"N",8.13,0,0,0,0,0,0,"N",0,0.0,0,0,0,0,0,0,0,0,0,0,0,0
"42047","2","92","74","0","2010","A","","Elk County, Pennsylvania","State Government","Public administration","County, NAICS Sector -- by ownership sector","All establishment sizes",12,61,3443127,0,0,1094,56911,"",2.22,0.29,0.44,0.00,0.00,1.54,1.54,"",1,9.1,0,0.0,3555,0.1,0,0.0,0,0.0,2,0.2,137,0.2
"42047","2","921","75","0","2010","A","","Elk County, Pennsylvania","State Government","Executive, legislative and general government","County, NAICS 3-digit -- by ownership sector","All establishment sizes",3,5,240470,0,0,925,48094,"",5.06,0.21,0.26,0.00,0.00,1.22,1.22,"N",2,200.0,0,0,0,0,0,0,0,0,0,0,0,0
"42047","2","9211","76","0","2010","A","","Elk County, Pennsylvania","State Government","Executive, legislative and general government","County, NAICS 4-digit -- by ownership sector","All establishment sizes",3,5,240470,0,0,925,48094,"",5.06,0.21,0.26,0.00,0.00,1.22,1.22,"N",2,200.0,0,0,0,0,0,0,0,0,0,0,0,0
"42047","2","92111","77","0","2010","A","N","Elk County, Pennsylvania","State Government","Executive offices","County, NAICS 5-digit -- by ownership sector","All establishment sizes",1,0,0,0,0,0,0,"N",20.73,0,0,0,0,0,0,"N",1,100.0,0,0,0,0,0,0,0,0,0,0,0,0
"42047","2","921110","78","0","2010","A","N","Elk County, Pennsylvania","State Government","Executive offices","County, NAICS 6-digit -- by ownership sector","All establishment sizes",1,0,0,0,0,0,0,"N",20.73,0,0,0,0,0,0,"N",1,100.0,0,0,0,0,0,0,0,0,0,0,0,0
"42047","2","92113","77","0","2010","A","N","Elk County, Pennsylvania","State Government","Public finance activities","County, NAICS 5-digit -- by ownership sector","All establishment sizes",1,0,0,0,0,0,0,"N",3.76,0,0,0,0,0,0,"N",0,0.0,0,0,0,0,0,0,0,0,0,0,0,0
"42047","2","921130","78","0","2010","A","N","Elk County, Pennsylvania","State Government","Public finance activities","County, NAICS 6-digit -- by ownership sector","All establishment sizes",1,0,0,0,0,0,0,"N",3.76,0,0,0,0,0,0,"N",0,0.0,0,0,0,0,0,0,0,0,0,0,0,0
"42047","2","92119","77","0","2010","A","N","Elk County, Pennsylvania","State Government","Other general government support","County, NAICS 5-digit -- by ownership sector","All establishment sizes",1,0,0,0,0,0,0,"N",4.47,0,0,0,0,0,0,"N",1,100.0,0,0,0,0,0,0,0,0,0,0,0,0
"42047","2","921190","78","0","2010","A","N","Elk County, Pennsylvania","State Government","Other general government support","County, NAICS 6-digit -- by ownership sector","All establishment sizes",1,0,0,0,0,0,0,"N",4.47,0,0,0,0,0,0,"N",1,100.0,0,0,0,0,0,0,0,0,0,0,0,0
"42047","2","922","75","0","2010","A","N","Elk County, Pennsylvania","State Government","Justice, public order, and safety activities","County, NAICS 3-digit -- by ownership sector","All establishment sizes",2,0,0,0,0,0,0,"N",1.30,0,0,0,0,0,0,"N",0,0.0,0,0,0,0,0,0,0,0,0,0,0,0
"42047","2","9221","76","0","2010","A","N","Elk County, Pennsylvania","State Government","Justice, public order, and safety activities","County, NAICS 4-digit -- by ownership sector","All establishment sizes",2,0,0,0,0,0,0,"N",1.30,0,0,0,0,0,0,"N",0,0.0,0,0,0,0,0,0,0,0,0,0,0,0
"42047","2","92211","77","0","2010","A","N","Elk County, Pennsylvania","State Government","Courts","County, NAICS 5-digit -- by ownership sector","All establishment sizes",1,0,0,0,0,0,0,"N",2.93,0,0,0,0,0,0,"N",0,0.0,0,0,0,0,0,0,0,0,0,0,0,0
"42047","2","922110","78","0","2010","A","N","Elk County, Pennsylvania","State Government","Courts","County, NAICS 6-digit -- by ownership sector","All establishment sizes",1,0,0,0,0,0,0,"N",2.93,0,0,0,0,0,0,"N",0,0.0,0,0,0,0,0,0,0,0,0,0,0,0
"42047","2","92212","77","0","2010","A","N","Elk County, Pennsylvania","State Government","Police protection","County, NAICS 5-digit -- by ownership sector","All establishment sizes",1,0,0,0,0,0,0,"N",3.53,0,0,0,0,0,0,"N",0,0.0,0,0,0,0,0,0,0,0,0,0,0,0
"42047","2","922120","78","0","2010","A","N","Elk County, Pennsylvania","State Government","Police protection","County, NAICS 6-digit -- by ownership sector","All establishment sizes",1,0,0,0,0,0,0,"N",3.53,0,0,0,0,0,0,"N",0,0.0,0,0,0,0,0,0,0,0,0,0,0,0
"42047","2","923","75","0","2010","A","N","Elk County, Pennsylvania","State Government","Administration of human resource programs","County, NAICS 3-digit -- by ownership sector","All establishment sizes",1,0,0,0,0,0,0,"N",0.87,0,0,0,0,0,0,"N",0,0.0,0,0,0,0,0,0,0,0,0,0,0,0
"42047","2","9231","76","0","2010","A","N","Elk County, Pennsylvania","State Government","Administration of human resource programs","County, NAICS 4-digit -- by ownership sector","All establishment sizes",1,0,0,0,0,0,0,"N",0.87,0,0,0,0,0,0,"N",0,0.0,0,0,0,0,0,0,0,0,0,0,0,0
"42047","2","92314","77","0","2010","A","N","Elk County, Pennsylvania","State Government","Administration of veterans' affairs","County, NAICS 5-digit -- by ownership sector","All establishment sizes",1,0,0,0,0,0,0,"N",16.12,0,0,0,0,0,0,"N",0,0.0,0,0,0,0,0,0,0,0,0,0,0,0
"42047","2","923140","78","0","2010","A","N","Elk County, Pennsylvania","State Government","Administration of veterans' affairs","County, NAICS 6-digit -- by ownership sector","All establishment sizes",1,0,0,0,0,0,0,"N",16.12,0,0,0,0,0,0,"N",0,0.0,0,0,0,0,0,0,0,0,0,0,0,0
"42047","2","924","75","0","2010","A","","Elk County, Pennsylvania","State Government","Administration of environmental programs","County, NAICS 3-digit -- by ownership sector","All establishment sizes",4,24,871708,0,0,713,37094,"",5.30,1.50,1.53,0.00,0.00,1.04,1.04,"",0,0.0,-1,-4.0,-6753,-0.8,0,0.0,0,0.0,44,6.6,2303,6.6
"42047","2","9241","76","0","2010","A","","Elk County, Pennsylvania","State Government","Administration of environmental programs","County, NAICS 4-digit -- by ownership sector","All establishment sizes",4,24,871708,0,0,713,37094,"",5.30,1.50,1.53,0.00,0.00,1.04,1.04,"",0,0.0,-1,-4.0,-6753,-0.8,0,0.0,0,0.0,44,6.6,2303,6.6
"42047","2","92411","77","0","2010","A","N","Elk County, Pennsylvania","State Government","Air, water, and waste program administration","County, NAICS 5-digit -- by ownership sector","All establishment sizes",2,0,0,0,0,0,0,"N",13.78,0,0,0,0,0,0,"N",0,0.0,0,0,0,0,0,0,0,0,0,0,0,0
"42047","2","924110","78","0","2010","A","N","Elk County, Pennsylvania","State Government","Air, water, and waste program administration","County, NAICS 6-digit -- by ownership sector","All establishment sizes",2,0,0,0,0,0,0,"N",13.78,0,0,0,0,0,0,"N",0,0.0,0,0,0,0,0,0,0,0,0,0,0,0
"42047","2","92412","77","0","2010","A","N","Elk County, Pennsylvania","State Government","Administration of conservation programs","County, NAICS 5-digit -- by ownership sector","All establishment sizes",2,0,0,0,0,0,0,"N",3.28,0,0,0,0,0,0,"N",0,0.0,0,0,0,0,0,0,0,0,0,0,0,0
"42047","2","924120","78","0","2010","A","N","Elk County, Pennsylvania","State Government","Administration of conservation programs","County, NAICS 6-digit -- by ownership sector","All establishment sizes",2,0,0,0,0,0,0,"N",3.28,0,0,0,0,0,0,"N",0,0.0,0,0,0,0,0,0,0,0,0,0,0,0
"42047","2","926","75","0","2010","A","N","Elk County, Pennsylvania","State Government","Administration of economic programs","County, NAICS 3-digit -- by ownership sector","All establishment sizes",3,0,0,0,0,0,0,"N",2.38,0,0,0,0,0,0,"N",0,0.0,0,0,0,0,0,0,0,0,0,0,0,0
"42047","2","9261","76","0","2010","A","N","Elk County, Pennsylvania","State Government","Administration of economic programs","County, NAICS 4-digit -- by ownership sector","All establishment sizes",3,0,0,0,0,0,0,"N",2.38,0,0,0,0,0,0,"N",0,0.0,0,0,0,0,0,0,0,0,0,0,0,0
"42047","2","92613","77","0","2010","A","N","Elk County, Pennsylvania","State Government","Utility regulation and administration","County, NAICS 5-digit -- by ownership sector","All establishment sizes",1,0,0,0,0,0,0,"N",33.01,0,0,0,0,0,0,"N",0,0.0,0,0,0,0,0,0,0,0,0,0,0,0
"42047","2","926130","78","0","2010","A","N","Elk County, Pennsylvania","State Government","Utility regulation and administration","County, NAICS 6-digit -- by ownership sector","All establishment sizes",1,0,0,0,0,0,0,"N",33.01,0,0,0,0,0,0,"N",0,0.0,0,0,0,0,0,0,0,0,0,0,0,0
"42047","2","92614","77","0","2010","A","N","Elk County, Pennsylvania","State Government","Agricultural market and commodity regulation","County, NAICS 5-digit -- by ownership sector","All establishment sizes",1,0,0,0,0,0,0,"N",2.61,0,0,0,0,0,0,"N",0,0.0,0,0,0,0,0,0,0,0,0,0,0,0
"42047","2","926140","78","0","2010","A","N","Elk County, Pennsylvania","State Government","Agricultural market and commodity regulation","County, NAICS 6-digit -- by ownership sector","All establishment sizes",1,0,0,0,0,0,0,"N",2.61,0,0,0,0,0,0,"N",0,0.0,0,0,0,0,0,0,0,0,0,0,0,0
"42047","2","92615","77","0","2010","A","N","Elk County, Pennsylvania","State Government","Licensing and regulating commercial sectors","County, NAICS 5-digit -- by ownership sector","All establishment sizes",1,0,0,0,0,0,0,"N",3.08,0,0,0,0,0,0,"N",0,0.0,0,0,0,0,0,0,0,0,0,0,0,0
"42047","2","926150","78","0","2010","A","N","Elk County, Pennsylvania","State Government","Licensing and regulating commercial sectors","County, NAICS 6-digit -- by ownership sector","All establishment sizes",1,0,0,0,0,0,0,"N",3.08,0,0,0,0,0,0,"N",0,0.0,0,0,0,0,0,0,0,0,0,0,0,0
"42047","3","10","71","0","2010","A","","Elk County, Pennsylvania","Local Government","Total, all industries","County, Total -- by ownership sector","All establishment sizes",42,1182,38766624,956160,31106,631,32788,"",2.29,0.74,0.75,0.62,0.76,1.02,1.02,"",0,0.0,-17,-1.4,-206266,-0.5,16530,1.8,4790,18.2,6,1.0,281,0.9
"42047","3","101","72","0","2010","A","","Elk County, Pennsylvania","Local Government","Goods-producing","County, by Domain -- by ownership sector","All establishment sizes",3,27,558861,0,0,393,20446,"",5.67,2.12,1.37,0.00,0.00,0.64,0.64,"",0,0.0,0,0.0,-14088,-2.5,0,0.0,0,0.0,-19,-4.6,-973,-4.5
"42047","3","1012","73","0","2010","A","","Elk County, Pennsylvania","Local Government","Construction","County, by Supersector -- by ownership sector","All establishment sizes",3,27,558861,0,0,393,20446,"",5.82,2.19,1.41,0.00,0.00,0.64,0.64,"",0,0.0,0,0.0,-14088,-2.5,0,0.0,0,0.0,-19,-4.6,-973,-4.5
"42047","3","102","72","0","2010","A","","Elk County, Pennsylvania","Local Government","Service-providing","County, by Domain -- by ownership sector","All establishment sizes",39,1155,38207763,956160,31106,636,33080,"",2.19,0.73,0.75,0.63,0.78,1.03,1.03,"",0,0.0,-17,-1.5,-192178,-0.5,16530,1.8,4790,18.2,6,1.0,320,1.0
"42047","3","1021","73","0","2010","A","","Elk County, Pennsylvania","Local Government","Trade, transportation, and utilities","County, by Supersector -- by ownership sector","All establishment sizes",9,111,3212371,887021,29141,558,29027,"",6.88,1.88,1.32,11.45,10.96,0.70,0.70,"",0,0.0,6,5.7,149718,4.9,16886,1.9,4485,18.2,-1,-0.2,-49,-0.2
"42047","3","1025","73","0","2010","A","","Elk County, Pennsylvania","Local Government","Education and health services","County, by Supersector -- by ownership sector","All establishment sizes",15,653,24691124,0,0,727,37802,"",1.93,0.66,0.81,0.00,0.00,1.22,1.22,"",0,0.0,-17,-2.5,-329073,-1.3,0,0.0,0,0.0,9,1.3,482,1.3
"42047","3","1028","73","0","2010","A","","Elk County, Pennsylvania","Local Government","Public administration","County, by Supersector -- by ownership sector","All establishment sizes",15,391,10304268,69139,1965,507,26342,"",2.23,0.86,0.64,0.11,0.10,0.75,0.75,"",0,0.0,-5,-1.3,-12823,-0.1,-356,-0.5,305,18.4,7,1.4,316,1.2
"42047","3","22","74","0","2010","A","N","Elk County, Pennsylvania","Local Government","Utilities","County, NAICS Sector -- by ownership sector","All establishment sizes",8,0,0,0,0,0,0,"N",8.50,0,0,0,0,0,0,"N",0,0.0,0,0,0,0,0,0,0,0,0,0,0,0
"42047","3","221","75","0","2010","A","N","Elk County, Pennsylvania","Local Government","Utilities","County, NAICS 3-digit -- by ownership sector","All establishment sizes",8,0,0,0,0,0,0,"N",8.50,0,0,0,0,0,0,"N",0,0.0,0,0,0,0,0,0,0,0,0,0,0,0
"42047","3","2213","76","0","2010","A","N","Elk County, Pennsylvania","Local Government","Water, sewage and other systems","County, NAICS 4-digit -- by ownership sector","All establishment sizes",8,0,0,0,0,0,0,"N",9.92,0,0,0,0,0,0,"N",0,0.0,0,0,0,0,0,0,0,0,0,0,0,0
"42047","3","22131","77","0","2010","A","","Elk County, Pennsylvania","Local Government","Water supply and irrigation systems","County, NAICS 5-digit -- by ownership sector","All establishment sizes",4,22,689759,42907,2032,617,32082,"",7.35,1.84,1.49,1.70,2.47,0.83,0.83,"",0,0.0,2,10.0,47213,7.3,-385,-0.9,-205,-9.2,-1,-0.2,-45,-0.1
"42047","3","221310","78","0","2010","A","","Elk County, Pennsylvania","Local Government","Water supply and irrigation systems","County, NAICS 6-digit -- by ownership sector","All establishment sizes",4,22,689759,42907,2032,617,32082,"",7.35,1.84,1.49,1.70,2.47,0.83,0.83,"",0,0.0,2,10.0,47213,7.3,-385,-0.9,-205,-9.2,-1,-0.2,-45,-0.1
"42047","3","22132","77","0","2010","A","N","Elk County, Pennsylvania","Local Government","Sewage treatment facilities","County, NAICS 5-digit -- by ownership sector","All establishment sizes",4,0,0,0,0,0,0,"N",15.31,0,0,0,0,0,0,"N",0,0.0,0,0,0,0,0,0,0,0,0,0,0,0
"42047","3","221320","78","0","2010","A","N","Elk County, Pennsylvania","Local Government","Sewage treatment facilities","County, NAICS 6-digit -- by ownership sector","All establishment sizes",4,0,0,0,0,0,0,"N",15.31,0,0,0,0,0,0,"N",0,0.0,0,0,0,0,0,0,0,0,0,0,0,0
"42047","3","23","74","0","2010","A","","Elk County, Pennsylvania","Local Government","Construction","County, NAICS Sector -- by ownership sector","All establishment sizes",3,27,558861,0,0,393,20446,"",5.82,2.19,1.41,0.00,0.00,0.64,0.64,"",0,0.0,0,0.0,-14088,-2.5,0,0.0,0,0.0,-19,-4.6,-973,-4.5
"42047","3","237","75","0","2010","A","","Elk County, Pennsylvania","Local Government","Heavy and civil engineering construction","County, NAICS 3-digit -- by ownership sector","All establishment sizes",3,27,558861,0,0,393,20446,"",6.05,2.26,1.47,0.00,0.00,0.64,0.64,"",0,0.0,0,0.0,-14088,-2.5,0,0.0,0,0.0,-19,-4.6,-973,-4.5
"42047","3","2373","76","0","2010","A","","Elk County, Pennsylvania","Local Government","Highway, street, and bridge construction","County, NAICS 4-digit -- by ownership sector","All establishment sizes",3,27,558861,0,0,393,20446,"",6.36,2.33,1.52,0.00,0.00,0.64,0.64,"",0,0.0,0,0.0,-14088,-2.5,0,0.0,0,0.0,-19,-4.6,-973,-4.5
"42047","3","23731","77","0","2010","A","","Elk County, Pennsylvania","Local Government","Highway, street, and bridge construction","County, NAICS 5-digit -- by ownership sector","All establishment sizes",3,27,558861,0,0,393,20446,"",6.36,2.33,1.52,0.00,0.00,0.64,0.64,"",0,0.0,0,0.0,-14088,-2.5,0,0.0,0,0.0,-19,-4.6,-973,-4.5
"42047","3","237310","78","0","2010","A","","Elk County, Pennsylvania","Local Government","Highway, street, and bridge construction","County, NAICS 6-digit -- by ownership sector","All establishment sizes",3,27,558861,0,0,393,20446,"",6.36,2.33,1.52,0.00,0.00,0.64,0.64,"",0,0.0,0,0.0,-14088,-2.5,0,0.0,0,0.0,-19,-4.6,-973,-4.5
"42047","3","48-49","74","0","2010","A","N","Elk County, Pennsylvania","Local Government","Transportation and warehousing","County, NAICS Sector -- by ownership sector","All establishment sizes",1,0,0,0,0,0,0,"N",3.35,0,0,0,0,0,0,"N",0,0.0,0,0,0,0,0,0,0,0,0,0,0,0
"42047","3","485","75","0","2010","A","N","Elk County, Pennsylvania","Local Government","Transit and ground passenger transportation","County, NAICS 3-digit -- by ownership sector","All establishment sizes",1,0,0,0,0,0,0,"N",5.61,0,0,0,0,0,0,"N",0,0.0,0,0,0,0,0,0,0,0,0,0,0,0
"42047","3","4851","76","0","2010","A","N","Elk County, Pennsylvania","Local Government","Urban transit systems","County, NAICS 4-digit -- by ownership sector","All establishment sizes",1,0,0,0,0,0,0,"N",19.72,0,0,0,0,0,0,"N",0,0.0,0,0,0,0,0,0,0,0,0,0,0,0
"42047","3","48511","77","0","2010","A","N","Elk County, Pennsylvania","Local Government","Urban transit systems","County, NAICS 5-digit -- by ownership sector","All establishment sizes",1,0,0,0,0,0,0,"N",19.72,0,0,0,0,0,0,"N",0,0.0,0,0,0,0,0,0,0,0,0,0,0,0
"42047","3","485113","78","0","2010","A","N","Elk County, Pennsylvania","Local Government","Bus and other motor vehicle transit systems","County, NAICS 6-digit -- by ownership sector","All establishment sizes",1,0,0,0,0,0,0,"N",27.42,0,0,0,0,0,0,"N",0,0.0,0,0,0,0,0,0,0,0,0,0,0,0
"42047","3","61","74","0","2010","A","","Elk County, Pennsylvania","Local Government","Educational services","County, NAICS Sector -- by ownership sector","All establishment sizes",15,653,24691124,0,0,727,37802,"",2.13,0.74,0.91,0.00,0.00,1.24,1.24,"",0,0.0,-17,-2.5,-329073,-1.3,0,0.0,0,0.0,9,1.3,482,1.3
"42047","3","611","75","0","2010","A","","Elk County, Pennsylvania","Local Government","Educational services","County, NAICS 3-digit -- by ownership sector","All establishment sizes",15,653,24691124,0,0,727,37802,"",2.13,0.74,0.91,0.00,0.00,1.24,1.24,"",0,0.0,-17,-2.5,-329073,-1.3,0,0.0,0,0.0,9,1.3,482,1.3
"42047","3","6111","76","0","2010","A","","Elk County, Pennsylvania","Local Government","Elementary and secondary schools","County, NAICS 4-digit -- by ownership sector","All establishment sizes",15,653,24691124,0,0,727,37802,"",2.21,0.79,0.98,0.00,0.00,1.23,1.23,"",0,0.0,-17,-2.5,-329073,-1.3,0,0.0,0,0.0,9,1.3,482,1.3
"42047","3","61111","77","0","2010","A","","Elk County, Pennsylvania","Local Government","Elementary and secondary schools","County, NAICS 5-digit -- by ownership sector","All establishment sizes",15,653,24691124,0,0,727,37802,"",2.21,0.79,0.98,0.00,0.00,1.23,1.23,"",0,0.0,-17,-2.5,-329073,-1.3,0,0.0,0,0.0,9,1.3,482,1.3
"42047","3","611110","78","0","2010","A","","Elk County, Pennsylvania","Local Government","Elementary and secondary schools","County, NAICS 6-digit -- by ownership sector","All establishment sizes",15,653,24691124,0,0,727,37802,"",2.21,0.79,0.98,0.00,0.00,1.23,1.23,"",0,0.0,-17,-2.5,-329073,-1.3,0,0.0,0,0.0,9,1.3,482,1.3
"42047","3","92","74","0","2010","A","","Elk County, Pennsylvania","Local Government","Public administration","County, NAICS Sector -- by ownership sector","All establishment sizes",15,391,10304268,69139,1965,507,26342,"",2.23,0.86,0.64,0.11,0.10,0.75,0.75,"",0,0.0,-5,-1.3,-12823,-0.1,-356,-0.5,305,18.4,7,1.4,316,1.2
"42047","3","921","75","0","2010","A","","Elk County, Pennsylvania","Local Government","Executive, legislative and general government","County, NAICS 3-digit -- by ownership sector","All establishment sizes",10,360,9784367,0,0,523,27210,"",2.46,1.18,0.99,0.00,0.00,0.84,0.84,"",0,0.0,-2,-0.6,-16851,-0.2,0,0.0,0,0.0,2,0.4,116,0.4
"42047","3","9211","76","0","2010","A","","Elk County, Pennsylvania","Local Government","Executive, legislative and general government","County, NAICS 4-digit -- by ownership sector","All establishment sizes",10,360,9784367,0,0,523,27210,"",2.46,1.18,0.99,0.00,0.00,0.84,0.84,"",0,0.0,-2,-0.6,-16851,-0.2,0,0.0,0,0.0,2,0.4,116,0.4
"42047","3","92114","77","0","2010","A","","Elk County, Pennsylvania","Local Government","Executive and legislative offices, combined","County, NAICS 5-digit -- by ownership sector","All establishment sizes",10,360,9784367,0,0,523,27210,"",4.14,1.80,1.51,0.00,0.00,0.84,0.84,"",0,0.0,-2,-0.6,-16851,-0.2,0,0.0,0,0.0,2,0.4,116,0.4
"42047","3","921140","78","0","2010","A","","Elk County, Pennsylvania","Local Government","Executive and legislative offices, combined","County, NAICS 6-digit -- by ownership sector","All establishment sizes",10,360,9784367,0,0,523,27210,"",4.14,1.80,1.51,0.00,0.00,0.84,0.84,"",0,0.0,-2,-0.6,-16851,-0.2,0,0.0,0,0.0,2,0.4,116,0.4
"42047","3","922","75","0","2010","A","N","Elk County, Pennsylvania","Local Government","Justice, public order, and safety activities","County, NAICS 3-digit -- by ownership sector","All establishment sizes",1,0,0,0,0,0,0,"N",0.74,0,0,0,0,0,0,"N",0,0.0,0,0,0,0,0,0,0,0,0,0,0,0
"42047","3","9221","76","0","2010","A","N","Elk County, Pennsylvania","Local Government","Justice, public order, and safety activities","County, NAICS 4-digit -- by ownership sector","All establishment sizes",1,0,0,0,0,0,0,"N",0.74,0,0,0,0,0,0,"N",0,0.0,0,0,0,0,0,0,0,0,0,0,0,0
"42047","3","92216","77","0","2010","A","N","Elk County, Pennsylvania","Local Government","Fire protection","County, NAICS 5-digit -- by ownership sector","All establishment sizes",1,0,0,0,0,0,0,"N",1.94,0,0,0,0,0,0,"N",0,0.0,0,0,0,0,0,0,0,0,0,0,0,0
"42047","3","922160","78","0","2010","A","N","Elk County, Pennsylvania","Local Government","Fire protection","County, NAICS 6-digit -- by ownership sector","All establishment sizes",1,0,0,0,0,0,0,"N",1.94,0,0,0,0,0,0,"N",0,0.0,0,0,0,0,0,0,0,0,0,0,0,0
"42047","3","924","75","0","2010","A","N","Elk County, Pennsylvania","Local Government","Administration of environmental programs","County, NAICS 3-digit -- by ownership sector","All establishment sizes",1,0,0,0,0,0,0,"N",2.35,0,0,0,0,0,0,"N",0,0.0,0,0,0,0,0,0,0,0,0,0,0,0
"42047","3","9241","76","0","2010","A","N","Elk County, Pennsylvania","Local Government","Administration of environmental programs","County, NAICS 4-digit -- by ownership sector","All establishment sizes",1,0,0,0,0,0,0,"N",2.35,0,0,0,0,0,0,"N",0,0.0,0,0,0,0,0,0,0,0,0,0,0,0
"42047","3","92412","77","0","2010","A","N","Elk County, Pennsylvania","Local Government","Administration of conservation programs","County, NAICS 5-digit -- by ownership sector","All establishment sizes",1,0,0,0,0,0,0,"N",3.73,0,0,0,0,0,0,"N",0,0.0,0,0,0,0,0,0,0,0,0,0,0,0
"42047","3","924120","78","0","2010","A","N","Elk County, Pennsylvania","Local Government","Administration of conservation programs","County, NAICS 6-digit -- by ownership sector","All establishment sizes",1,0,0,0,0,0,0,"N",3.73,0,0,0,0,0,0,"N",0,0.0,0,0,0,0,0,0,0,0,0,0,0,0
"42047","3","925","75","0","2010","A","N","Elk County, Pennsylvania","Local Government","Community and housing program administration","County, NAICS 3-digit -- by ownership sector","All establishment sizes",1,0,0,0,0,0,0,"N",2.58,0,0,0,0,0,0,"N",0,0.0,0,0,0,0,0,0,0,0,0,0,0,0
"42047","3","9251","76","0","2010","A","N","Elk County, Pennsylvania","Local Government","Community and housing program administration","County, NAICS 4-digit -- by ownership sector","All establishment sizes",1,0,0,0,0,0,0,"N",2.58,0,0,0,0,0,0,"N",0,0.0,0,0,0,0,0,0,0,0,0,0,0,0
"42047","3","92511","77","0","2010","A","N","Elk County, Pennsylvania","Local Government","Administration of housing programs","County, NAICS 5-digit -- by ownership sector","All establishment sizes",1,0,0,0,0,0,0,"N",4.00,0,0,0,0,0,0,"N",0,0.0,0,0,0,0,0,0,0,0,0,0,0,0
"42047","3","925110","78","0","2010","A","N","Elk County, Pennsylvania","Local Government","Administration of housing programs","County, NAICS 6-digit -- by ownership sector","All establishment sizes",1,0,0,0,0,0,0,"N",4.00,0,0,0,0,0,0,"N",0,0.0,0,0,0,0,0,0,0,0,0,0,0,0
"42047","3","926","75","0","2010","A","N","Elk County, Pennsylvania","Local Government","Administration of economic programs","County, NAICS 3-digit -- by ownership sector","All establishment sizes",2,0,0,0,0,0,0,"N",6.75,0,0,0,0,0,0,"N",0,0.0,0,0,0,0,0,0,0,0,0,0,0,0
"42047","3","9261","76","0","2010","A","N","Elk County, Pennsylvania","Local Government","Administration of economic programs","County, NAICS 4-digit -- by ownership sector","All establishment sizes",2,0,0,0,0,0,0,"N",6.75,0,0,0,0,0,0,"N",0,0.0,0,0,0,0,0,0,0,0,0,0,0,0
"42047","3","92611","77","0","2010","A","N","Elk County, Pennsylvania","Local Government","Administration of general economic programs","County, NAICS 5-digit -- by ownership sector","All establishment sizes",1,0,0,0,0,0,0,"N",17.65,0,0,0,0,0,0,"N",0,0.0,0,0,0,0,0,0,0,0,0,0,0,0
"42047","3","926110","78","0","2010","A","N","Elk County, Pennsylvania","Local Government","Administration of general economic programs","County, NAICS 6-digit -- by ownership sector","All establishment sizes",1,0,0,0,0,0,0,"N",17.65,0,0,0,0,0,0,"N",0,0.0,0,0,0,0,0,0,0,0,0,0,0,0
"42047","3","92614","77","0","2010","A","N","Elk County, Pennsylvania","Local Government","Agricultural market and commodity regulation","County, NAICS 5-digit -- by ownership sector","All establishment sizes",1,0,0,0,0,0,0,"N",15.75,0,0,0,0,0,0,"N",0,0.0,0,0,0,0,0,0,0,0,0,0,0,0
"42047","3","926140","78","0","2010","A","N","Elk County, Pennsylvania","Local Government","Agricultural market and commodity regulation","County, NAICS 6-digit -- by ownership sector","All establishment sizes",1,0,0,0,0,0,0,"N",15.75,0,0,0,0,0,0,"N",0,0.0,0,0,0,0,0,0,0,0,0,0,0,0
"42047","5","10","71","0","2010","A","","Elk County, Pennsylvania","Private","Total, all industries","County, Total -- by ownership sector","All establishment sizes",932,13097,451407144,98395169,7184471,663,34467,"",0.96,1.08,1.09,1.01,1.00,1.01,1.00,"",13,1.4,734,5.9,55366646,14.0,9488285,10.7,2486534,52.9,47,7.6,2431,7.6
"42047","5","101","72","0","2010","A","","Elk County, Pennsylvania","Private","Goods-producing","County, by Domain -- by ownership sector","All establishment sizes",251,6338,283576272,58701432,5183921,860,44742,"",1.77,2.96,3.29,2.83,2.58,1.11,1.11,"",-5,-2.0,622,10.9,48121605,20.4,7272700,14.1,2042824,65.0,68,8.6,3549,8.6
"42047","5","1011","73","0","2010","A","","Elk County, Pennsylvania","Private","Natural resources and mining","County, by Supersector -- by ownership sector","All establishment sizes",29,256,11889053,4082392,355449,895,46517,"",2.04,1.25,1.58,2.04,2.23,1.26,1.26,"",0,0.0,141,122.6,7678329,182.4,3073968,304.8,312436,726.4,191,27.1,9929,27.1
"42047","5","1012","73","0","2010","A","","Elk County, Pennsylvania","Private","Construction","County, by Supersector -- by ownership sector","All establishment sizes",85,362,12775076,3690091,304343,678,35258,"",0.96,0.58,0.56,0.55,0.39,0.96,0.96,"",-2,-2.3,8,2.3,661085,5.5,240987,7.0,40689,15.4,19,2.9,989,2.9
"42047","5","1013","73","0","2010","A","","Elk County, Pennsylvania","Private","Manufacturing","County, by Supersector -- by ownership sector","All establishment sizes",137,5720,258912143,50928949,4524129,870,45263,"",3.56,4.37,4.65,4.21,4.22,1.07,1.07,"",-3,-2.1,473,9.0,39782191,18.2,3957745,8.4,1689699,59.6,67,8.3,3502,8.4
"42047","5","102","72","0","2010","A","","Elk County, Pennsylvania","Private","Service-providing","County, by Domain -- by ownership sector","All establishment sizes",682,6759,167830872,39693737,2000550,478,24832,"",0.82,0.68,0.51,0.52,0.39,0.75,0.75,"",18,2.7,112,1.7,7245041,4.5,2215585,5.9,443710,28.5,13,2.8,672,2.8
"42047","5","1021","73","0","2010","A","","Elk County, Pennsylvania","Private","Trade, transportation, and utilities","County, by Supersector -- by ownership sector","All establishment sizes",184,2026,46477452,15621823,755061,441,22937,"",0.88,0.73,0.58,0.68,0.51,0.79,0.79,"",3,1.7,33,1.7,1471948,3.3,268093,1.7,137285,22.2,7,1.6,352,1.6
"42047","5","1022","73","0","2010","A","","Elk County, Pennsylvania","Private","Information","County, by Supersector -- by ownership sector","All establishment sizes",14,127,3273851,832868,39789,497,25846,"",0.87,0.41,0.19,0.28,0.17,0.47,0.47,"",0,0.0,-6,-4.5,-10132,-0.3,-32723,-3.8,2101,5.6,21,4.4,1092,4.4
"42047","5","1023","73","0","2010","A","","Elk County, Pennsylvania","Private","Financial activities","County, by Supersector -- by ownership sector","All establishment sizes",57,306,11503050,2312632,83534,723,37592,"",0.62,0.36,0.25,0.30,0.15,0.69,0.69,"",-3,-5.0,-5,-1.6,187319,1.7,20028,0.9,4284,5.4,22,3.1,1148,3.2
"42047","5","1024","73","0","2010","A","","Elk County, Pennsylvania","Private","Professional and business services","County, by Supersector -- by ownership sector","All establishment sizes",81,612,17307426,6530392,443304,544,28272,"",0.47,0.32,0.20,0.36,0.30,0.64,0.64,"",5,6.6,111,22.2,3219547,22.9,1595570,32.3,175089,65.3,3,0.6,134,0.5
"42047","5","1025","73","0","2010","A","","Elk County, Pennsylvania","Private","Education and health services","County, by Supersector -- by ownership sector","All establishment sizes",179,2441,75956441,6801093,327898,598,31114,"",1.79,1.15,1.11,0.64,0.55,0.97,0.97,"",9,5.3,-51,-2.0,1835364,2.5,175037,2.6,58595,21.8,26,4.5,1372,4.6
"42047","5","1026","73","0","2010","A","","Elk County, Pennsylvania","Private","Leisure and hospitality","County, by Supersector -- by ownership sector","All establishment sizes",80,801,7520177,5051344,235525,181,9394,"",0.96,0.54,0.35,0.49,0.39,0.66,0.66,"",2,2.6,29,3.8,608918,8.8,336122,7.1,54994,30.5,9,5.2,444,5.0
"42047","5","1027","73","0","2010","A","","Elk County, Pennsylvania","Private","Other services","County, by Supersector -- by ownership sector","All establishment sizes",87,446,5792475,2543585,115439,250,12995,"",0.62,0.90,0.54,0.72,0.50,0.60,0.60,"",1,1.2,0,0.0,-67923,-1.2,-146542,-5.4,11362,10.9,-3,-1.2,-155,-1.2
"42047","5","11","74","0","2010","A","","Elk County, Pennsylvania","Private","Agriculture, forestry, fishing and hunting","County, NAICS Sector -- by ownership sector","All establishment sizes",22,56,1240125,484602,31593,429,22311,"",2.06,0.43,0.48,0.41,0.31,1.13,1.13,"N",-3,-12.0,0,0,0,0,0,0,0,0,0,0,0,0
"42047","5","111","75","0","2010","A","N","Elk County, Pennsylvania","Private","Crop production","County, NAICS 3-digit -- by ownership sector","All establishment sizes",2,0,0,0,0,0,0,"N",0.42,0,0,0,0,0,0,"N",-1,-33.3,0,0,0,0,0,0,0,0,0,0,0,0
"42047","5","1114","76","0","2010","A","N","Elk County, Pennsylvania","Private","Greenhouse and nursery production","County, NAICS 4-digit -- by ownership sector","All establishment sizes",1,0,0,0,0,0,0,"N",1.00,0,0,0,0,0,0,"N",0,0.0,0,0,0,0,0,0,0,0,0,0,0,0
"42047","5","11142","77","0","2010","A","N","Elk County, Pennsylvania","Private","Nursery and floriculture production","County, NAICS 5-digit -- by ownership sector","All establishment sizes",1,0,0,0,0,0,0,"N",1.08,0,0,0,0,0,0,"N",0,0.0,0,0,0,0,0,0,0,0,0,0,0,0
"42047","5","111422","78","0","2010","A","N","Elk County, Pennsylvania","Private","Floriculture production","County, NAICS 6-digit -- by ownership sector","All establishment sizes",1,0,0,0,0,0,0,"N",3.40,0,0,0,0,0,0,"N",0,0.0,0,0,0,0,0,0,0,0,0,0,0,0
"42047","5","1119","76","0","2010","A","N","Elk County, Pennsylvania","Private","Other crop farming","County, NAICS 4-digit -- by ownership sector","All establishment sizes",1,0,0,0,0,0,0,"N",0.94,0,0,0,0,0,0,"N",-1,-50.0,0,0,0,0,0,0,0,0,0,0,0,0
"42047","5","11199","77","0","2010","A","N","Elk County, Pennsylvania","Private","All other crop farming","County, NAICS 5-digit -- by ownership sector","All establishment sizes",1,0,0,0,0,0,0,"N",2.26,0,0,0,0,0,0,"N",-1,-50.0,0,0,0,0,0,0,0,0,0,0,0,0
"42047","5","111998","78","0","2010","A","N","Elk County, Pennsylvania","Private","All other miscellaneous crop farming","County, NAICS 6-digit -- by ownership sector","All establishment sizes",1,0,0,0,0,0,0,"N",2.55,0,0,0,0,0,0,"N",-1,-50.0,0,0,0,0,0,0,0,0,0,0,0,0
"42047","5","112","75","0","2010","A","N","Elk County, Pennsylvania","Private","Animal production and aquaculture","County, NAICS 3-digit -- by ownership sector","All establishment sizes",1,0,0,0,0,0,0,"N",0.39,0,0,0,0,0,0,"N",0,0.0,0,0,0,0,0,0,0,0,0,0,0,0
"42047","5","1121","76","0","2010","A","N","Elk County, Pennsylvania","Private","Cattle ranching and farming","County, NAICS 4-digit -- by ownership sector","All establishment sizes",1,0,0,0,0,0,0,"N",0.61,0,0,0,0,0,0,"N",0,0.0,0,0,0,0,0,0,0,0,0,0,0,0
"42047","5","11211","77","0","2010","A","N","Elk County, Pennsylvania","Private","Beef cattle ranching, farming, and feedlots","County, NAICS 5-digit -- by ownership sector","All establishment sizes",1,0,0,0,0,0,0,"N",1.12,0,0,0,0,0,0,"N",0,0.0,0,0,0,0,0,0,0,0,0,0,0,0
"42047","5","112111","78","0","2010","A","N","Elk County, Pennsylvania","Private","Beef cattle ranching and farming","County, NAICS 6-digit -- by ownership sector","All establishment sizes",1,0,0,0,0,0,0,"N",1.31,0,0,0,0,0,0,"N",0,0.0,0,0,0,0,0,0,0,0,0,0,0,0
"42047","5","113","75","0","2010","A","","Elk County, Pennsylvania","Private","Forestry and logging","County, NAICS 3-digit -- by ownership sector","All establishment sizes",19,46,1187701,432178,28821,493,25634,"",17.69,7.19,6.75,6.09,4.26,0.93,0.93,"N",-3,-13.6,0,0,0,0,0,0,0,0,0,0,0,0
"42047","5","1133","76","0","2010","A","","Elk County, Pennsylvania","Private","Logging","County, NAICS 4-digit -- by ownership sector","All establishment sizes",19,46,1187701,432178,28821,493,25634,"",19.51,8.13,7.87,6.71,4.55,0.96,0.96,"N",-2,-9.5,0,0,0,0,0,0,0,0,0,0,0,0
"42047","5","11331","77","0","2010","A","","Elk County, Pennsylvania","Private","Logging","County, NAICS 5-digit -- by ownership sector","All establishment sizes",19,46,1187701,432178,28821,493,25634,"",19.51,8.13,7.87,6.71,4.55,0.96,0.96,"N",-2,-9.5,0,0,0,0,0,0,0,0,0,0,0,0
"42047","5","113310","78","0","2010","A","","Elk County, Pennsylvania","Private","Logging","County, NAICS 6-digit -- by ownership sector","All establishment sizes",19,46,1187701,432178,28821,493,25634,"",19.51,8.13,7.87,6.71,4.55,0.96,0.96,"N",-2,-9.5,0,0,0,0,0,0,0,0,0,0,0,0
"42047","5","21","74","0","2010","A","","Elk County, Pennsylvania","Private","Mining, quarrying, and oil and gas extraction","County, NAICS Sector -- by ownership sector","All establishment sizes",7,200,10648928,3597790,323856,1024,53245,"",1.98,2.69,2.14,4.46,5.59,0.80,0.80,"N",3,75.0,0,0,0,0,0,0,0,0,0,0,0,0
"42047","5","211","75","0","2010","A","N","Elk County, Pennsylvania","Private","Oil and gas extraction","County, NAICS 3-digit -- by ownership sector","All establishment sizes",1,0,0,0,0,0,0,"N",0.98,0,0,0,0,0,0,"N",0,0.0,0,0,0,0,0,0,0,0,0,0,0,0
"42047","5","2111","76","0","2010","A","N","Elk County, Pennsylvania","Private","Oil and gas extraction","County, NAICS 4-digit -- by ownership sector","All establishment sizes",1,0,0,0,0,0,0,"N",0.98,0,0,0,0,0,0,"N",0,0.0,0,0,0,0,0,0,0,0,0,0,0,0
"42047","5","21111","77","0","2010","A","N","Elk County, Pennsylvania","Private","Oil and gas extraction","County, NAICS 5-digit -- by ownership sector","All establishment sizes",1,0,0,0,0,0,0,"N",0.98,0,0,0,0,0,0,"N",0,0.0,0,0,0,0,0,0,0,0,0,0,0,0
"42047","5","211111","78","0","2010","A","N","Elk County, Pennsylvania","Private","Crude petroleum and natural gas extraction","County, NAICS 6-digit -- by ownership sector","All establishment sizes",1,0,0,0,0,0,0,"N",1.00,0,0,0,0,0,0,"N",0,0.0,0,0,0,0,0,0,0,0,0,0,0,0
"42047","5","212","75","0","2010","A","","Elk County, Pennsylvania","Private","Mining, except oil and gas","County, NAICS 3-digit -- by ownership sector","All establishment sizes",4,16,880643,107871,5795,1032,53643,"",4.74,0.69,0.76,0.42,0.28,1.07,1.07,"N",1,33.3,0,0,0,0,0,0,0,0,0,0,0,0
"42047","5","2121","76","0","2010","A","N","Elk County, Pennsylvania","Private","Coal mining","County, NAICS 4-digit -- by ownership sector","All establishment sizes",3,0,0,0,0,0,0,"N",20.96,0,0,0,0,0,0,"N",0,0.0,0,0,0,0,0,0,0,0,0,0,0,0
"42047","5","21211","77","0","2010","A","N","Elk County, Pennsylvania","Private","Coal mining","County, NAICS 5-digit -- by ownership sector","All establishment sizes",3,0,0,0,0,0,0,"N",20.96,0,0,0,0,0,0,"N",0,0.0,0,0,0,0,0,0,0,0,0,0,0,0
"42047","5","212111","78","0","2010","A","N","Elk County, Pennsylvania","Private","Bituminous coal and lignite surface mining","County, NAICS 6-digit -- by ownership sector","All establishment sizes",3,0,0,0,0,0,0,"N",38.25,0,0,0,0,0,0,"N",0,0.0,0,0,0,0,0,0,0,0,0,0,0,0
"42047","5","2123","76","0","2010","A","N","Elk County, Pennsylvania","Private","Nonmetallic mineral mining and quarrying","County, NAICS 4-digit -- by ownership sector","All establishment sizes",1,0,0,0,0,0,0,"N",1.52,0,0,0,0,0,0,"N",1,100.0,0,0,0,0,0,0,0,0,0,0,0,0
"42047","5","21232","77","0","2010","A","N","Elk County, Pennsylvania","Private","Sand, gravel, clay, and refractory mining","County, NAICS 5-digit -- by ownership sector","All establishment sizes",1,0,0,0,0,0,0,"N",3.14,0,0,0,0,0,0,"N",1,100.0,0,0,0,0,0,0,0,0,0,0,0,0
"42047","5","212321","78","0","2010","A","N","Elk County, Pennsylvania","Private","Construction sand and gravel mining","County, NAICS 6-digit -- by ownership sector","All establishment sizes",1,0,0,0,0,0,0,"N",3.60,0,0,0,0,0,0,"N",1,100.0,0,0,0,0,0,0,0,0,0,0,0,0
"42047","5","213","75","0","2010","A","N","Elk County, Pennsylvania","Private","Support activities for mining","County, NAICS 3-digit -- by ownership sector","All establishment sizes",2,0,0,0,0,0,0,"N",1.20,0,0,0,0,0,0,"N",2,100.0,0,0,0,0,0,0,0,0,0,0,0,0
"42047","5","2131","76","0","2010","A","N","Elk County, Pennsylvania","Private","Support activities for mining","County, NAICS 4-digit -- by ownership sector","All establishment sizes",2,0,0,0,0,0,0,"N",1.20,0,0,0,0,0,0,"N",2,100.0,0,0,0,0,0,0,0,0,0,0,0,0
"42047","5","21311","77","0","2010","A","N","Elk County, Pennsylvania","Private","Support activities for mining","County, NAICS 5-digit -- by ownership sector","All establishment sizes",2,0,0,0,0,0,0,"N",1.20,0,0,0,0,0,0,"N",2,100.0,0,0,0,0,0,0,0,0,0,0,0,0
"42047","5","213112","78","0","2010","A","N","Elk County, Pennsylvania","Private","Support activities for oil and gas operations","County, NAICS 6-digit -- by ownership sector","All establishment sizes",2,0,0,0,0,0,0,"N",1.55,0,0,0,0,0,0,"N",2,100.0,0,0,0,0,0,0,0,0,0,0,0,0
"42047","5","22","74","0","2010","A","","Elk County, Pennsylvania","Private","Utilities","County, NAICS Sector -- by ownership sector","All establishment sizes",4,55,3449361,364906,11050,1217,63291,"",2.14,0.88,0.86,0.65,0.50,0.99,0.99,"",0,0.0,0,0.0,161668,4.9,-13869,-3.7,212,2.0,66,5.7,3424,5.7
"42047","5","221","75","0","2010","A","","Elk County, Pennsylvania","Private","Utilities","County, NAICS 3-digit -- by ownership sector","All establishment sizes",4,55,3449361,364906,11050,1217,63291,"",2.14,0.88,0.86,0.65,0.50,0.99,0.99,"",0,0.0,0,0.0,161668,4.9,-13869,-3.7,212,2.0,66,5.7,3424,5.7
"42047","5","2211","76","0","2010","A","N","Elk County, Pennsylvania","Private","Power generation and supply","County, NAICS 4-digit -- by ownership sector","All establishment sizes",1,0,0,0,0,0,0,"N",1.09,0,0,0,0,0,0,"N",0,0.0,0,0,0,0,0,0,0,0,0,0,0,0
"42047","5","22112","77","0","2010","A","N","Elk County, Pennsylvania","Private","Electric power transmission and distribution","County, NAICS 5-digit -- by ownership sector","All establishment sizes",1,0,0,0,0,0,0,"N",1.75,0,0,0,0,0,0,"N",0,0.0,0,0,0,0,0,0,0,0,0,0,0,0
"42047","5","221122","78","0","2010","A","N","Elk County, Pennsylvania","Private","Electric power distribution","County, NAICS 6-digit -- by ownership sector","All establishment sizes",1,0,0,0,0,0,0,"N",1.96,0,0,0,0,0,0,"N",0,0.0,0,0,0,0,0,0,0,0,0,0,0,0
"42047","5","2212","76","0","2010","A","N","Elk County, Pennsylvania","Private","Natural gas distribution","County, NAICS 4-digit -- by ownership sector","All establishment sizes",2,0,0,0,0,0,0,"N",6.28,0,0,0,0,0,0,"N",0,0.0,0,0,0,0,0,0,0,0,0,0,0,0
"42047","5","22121","77","0","2010","A","N","Elk County, Pennsylvania","Private","Natural gas distribution","County, NAICS 5-digit -- by ownership sector","All establishment sizes",2,0,0,0,0,0,0,"N",6.28,0,0,0,0,0,0,"N",0,0.0,0,0,0,0,0,0,0,0,0,0,0,0
"42047","5","221210","78","0","2010","A","N","Elk County, Pennsylvania","Private","Natural gas distribution","County, NAICS 6-digit -- by ownership sector","All establishment sizes",2,0,0,0,0,0,0,"N",6.28,0,0,0,0,0,0,"N",0,0.0,0,0,0,0,0,0,0,0,0,0,0,0
"42047","5","2213","76","0","2010","A","N","Elk County, Pennsylvania","Private","Water, sewage and other systems","County, NAICS 4-digit -- by ownership sector","All establishment sizes",1,0,0,0,0,0,0,"N",1.58,0,0,0,0,0,0,"N",0,0.0,0,0,0,0,0,0,0,0,0,0,0,0
"42047","5","22131","77","0","2010","A","N","Elk County, Pennsylvania","Private","Water supply and irrigation systems","County, NAICS 5-digit -- by ownership sector","All establishment sizes",1,0,0,0,0,0,0,"N",1.84,0,0,0,0,0,0,"N",0,0.0,0,0,0,0,0,0,0,0,0,0,0,0
"42047","5","221310","78","0","2010","A","N","Elk County, Pennsylvania","Private","Water supply and irrigation systems","County, NAICS 6-digit -- by ownership sector","All establishment sizes",1,0,0,0,0,0,0,"N",1.84,0,0,0,0,0,0,"N",0,0.0,0,0,0,0,0,0,0,0,0,0,0,0
"42047","5","23","74","0","2010","A","","Elk County, Pennsylvania","Private","Construction","County, NAICS Sector -- by ownership sector","All establishment sizes",85,362,12775076,3690091,304343,678,35258,"",0.96,0.58,0.56,0.55,0.39,0.96,0.96,"",-2,-2.3,8,2.3,661085,5.5,240987,7.0,40689,15.4,19,2.9,989,2.9
"42047","5","236","75","0","2010","A","","Elk County, Pennsylvania","Private","Construction of buildings","County, NAICS 3-digit -- by ownership sector","All establishment sizes",28,69,1591059,663574,55015,443,23031,"",1.06,0.49,0.29,0.45,0.32,0.58,0.58,"",-1,-3.4,-4,-5.5,1862,0.1,-31313,-4.5,-2810,-4.9,26,6.2,1360,6.3
"42047","5","2361","76","0","2010","A","","Elk County, Pennsylvania","Private","Residential building construction","County, NAICS 4-digit -- by ownership sector","All establishment sizes",25,53,1103917,500610,38093,401,20829,"",1.21,0.81,0.53,0.76,0.59,0.66,0.66,"",0,0.0,-2,-3.6,44100,4.2,-9487,-1.9,-1283,-3.3,29,7.8,1472,7.6
"42047","5","23611","77","0","2010","A","","Elk County, Pennsylvania","Private","Residential building construction","County, NAICS 5-digit -- by ownership sector","All establishment sizes",25,53,1103917,500610,38093,401,20829,"",1.21,0.81,0.53,0.76,0.59,0.66,0.66,"",0,0.0,-2,-3.6,44100,4.2,-9487,-1.9,-1283,-3.3,29,7.8,1472,7.6
"42047","5","236115","78","0","2010","A","","Elk County, Pennsylvania","Private","New single-family general contractors","County, NAICS 6-digit -- by ownership sector","All establishment sizes",10,27,644495,241828,17486,466,24244,"",0.93,0.80,0.59,0.70,0.52,0.75,0.75,"",1,11.1,3,12.5,44074,7.3,18711,8.4,582,3.4,-10,-2.1,-516,-2.1
"42047","5","236118","78","0","2010","A","","Elk County, Pennsylvania","Private","Residential remodelers","County, NAICS 6-digit -- by ownership sector","All establishment sizes",15,26,459422,258782,20607,334,17391,"",1.66,0.97,0.61,1.00,0.81,0.62,0.62,"",-1,-6.2,-5,-16.1,26,0.0,-28198,-9.8,-1865,-8.3,44,15.2,2329,15.5
"42047","5","2362","76","0","2010","A","","Elk County, Pennsylvania","Private","Nonresidential building construction","County, NAICS 4-digit -- by ownership sector","All establishment sizes",3,16,487142,162964,16922,582,30289,"",0.52,0.22,0.14,0.20,0.16,0.65,0.65,"",-1,-25.0,-3,-15.8,-42238,-8.0,-21826,-11.8,-1527,-8.3,34,6.2,1802,6.3
"42047","5","23621","77","0","2010","A","N","Elk County, Pennsylvania","Private","Industrial building construction","County, NAICS 5-digit -- by ownership sector","All establishment sizes",1,0,0,0,0,0,0,"N",1.45,0,0,0,0,0,0,"N",-1,-50.0,0,0,0,0,0,0,0,0,0,0,0,0
"42047","5","236210","78","0","2010","A","N","Elk County, Pennsylvania","Private","Industrial building construction","County, NAICS 6-digit -- by ownership sector","All establishment sizes",1,0,0,0,0,0,0,"N",1.45,0,0,0,0,0,0,"N",-1,-50.0,0,0,0,0,0,0,0,0,0,0,0,0
"42047","5","23622","77","0","2010","A","N","Elk County, Pennsylvania","Private","Commercial building construction","County, NAICS 5-digit -- by ownership sector","All establishment sizes",2,0,0,0,0,0,0,"N",0.39,0,0,0,0,0,0,"N",0,0.0,0,0,0,0,0,0,0,0,0,0,0,0
"42047","5","236220","78","0","2010","A","N","Elk County, Pennsylvania","Private","Commercial building construction","County, NAICS 6-digit -- by ownership sector","All establishment sizes",2,0,0,0,0,0,0,"N",0.39,0,0,0,0,0,0,"N",0,0.0,0,0,0,0,0,0,0,0,0,0,0,0
"42047","5","237","75","0","2010","A","","Elk County, Pennsylvania","Private","Heavy and civil engineering construction","County, NAICS 3-digit -- by ownership sector","All establishment sizes",5,51,2579068,505218,47905,965,50160,"",0.84,0.55,0.64,0.47,0.34,1.15,1.15,"",0,0.0,-2,-3.8,-152414,-5.6,-84176,-14.3,-5988,-11.1,-20,-2.0,-1055,-2.1
"42047","5","2371","76","0","2010","A","N","Elk County, Pennsylvania","Private","Utility system construction","County, NAICS 4-digit -- by ownership sector","All establishment sizes",1,0,0,0,0,0,0,"N",0.37,0,0,0,0,0,0,"N",0,0.0,0,0,0,0,0,0,0,0,0,0,0,0
"42047","5","23711","77","0","2010","A","N","Elk County, Pennsylvania","Private","Water and sewer system construction","County, NAICS 5-digit -- by ownership sector","All establishment sizes",1,0,0,0,0,0,0,"N",0.68,0,0,0,0,0,0,"N",0,0.0,0,0,0,0,0,0,0,0,0,0,0,0
"42047","5","237110","78","0","2010","A","N","Elk County, Pennsylvania","Private","Water and sewer system construction","County, NAICS 6-digit -- by ownership sector","All establishment sizes",1,0,0,0,0,0,0,"N",0.68,0,0,0,0,0,0,"N",0,0.0,0,0,0,0,0,0,0,0,0,0,0,0
"42047","5","2373","76","0","2010","A","","Elk County, Pennsylvania","Private","Highway, street, and bridge construction","County, NAICS 4-digit -- by ownership sector","All establishment sizes",3,14,284899,138013,9774,389,20230,"",2.37,0.43,0.21,0.36,0.17,0.47,0.47,"",0,0.0,0,0.0,10080,3.7,10932,8.6,2038,26.3,-2,-0.5,-127,-0.6
"42047","5","23731","77","0","2010","A","","Elk County, Pennsylvania","Private","Highway, street, and bridge construction","County, NAICS 5-digit -- by ownership sector","All establishment sizes",3,14,284899,138013,9774,389,20230,"",2.37,0.43,0.21,0.36,0.17,0.47,0.47,"",0,0.0,0,0.0,10080,3.7,10932,8.6,2038,26.3,-2,-0.5,-127,-0.6
"42047","5","237310","78","0","2010","A","","Elk County, Pennsylvania","Private","Highway, street, and bridge construction","County, NAICS 6-digit -- by ownership sector","All establishment sizes",3,14,284899,138013,9774,389,20230,"",2.37,0.43,0.21,0.36,0.17,0.47,0.47,"",0,0.0,0,0.0,10080,3.7,10932,8.6,2038,26.3,-2,-0.5,-127,-0.6
"42047","5","2379","76","0","2010","A","N","Elk County, Pennsylvania","Private","Other heavy construction","County, NAICS 4-digit -- by ownership sector","All establishment sizes",1,0,0,0,0,0,0,"N",1.15,0,0,0,0,0,0,"N",0,0.0,0,0,0,0,0,0,0,0,0,0,0,0
"42047","5","23799","77","0","2010","A","N","Elk County, Pennsylvania","Private","Other heavy construction","County, NAICS 5-digit -- by ownership sector","All establishment sizes",1,0,0,0,0,0,0,"N",1.15,0,0,0,0,0,0,"N",0,0.0,0,0,0,0,0,0,0,0,0,0,0,0
"42047","5","237990","78","0","2010","A","N","Elk County, Pennsylvania","Private","Other heavy construction","County, NAICS 6-digit -- by ownership sector","All establishment sizes",1,0,0,0,0,0,0,"N",1.15,0,0,0,0,0,0,"N",0,0.0,0,0,0,0,0,0,0,0,0,0,0,0
"42047","5","238","75","0","2010","A","","Elk County, Pennsylvania","Private","Specialty trade contractors","County, NAICS 3-digit -- by ownership sector","All establishment sizes",53,242,8604949,2521299,201423,684,35582,"",0.94,0.62,0.64,0.61,0.43,1.05,1.05,"",0,0.0,15,6.6,811637,10.4,356476,16.5,49487,32.6,23,3.5,1225,3.6
"42047","5","2381","76","0","2010","A","","Elk County, Pennsylvania","Private","Building foundation and exterior contractors","County, NAICS 4-digit -- by ownership sector","All establishment sizes",12,64,1989777,715451,65029,596,31010,"",1.04,0.83,0.88,0.89,0.71,1.05,1.05,"",0,0.0,2,3.2,303567,18.0,111810,18.5,15515,31.3,69,13.1,3592,13.1
"42047","5","23811","77","0","2010","A","","Elk County, Pennsylvania","Private","Poured concrete structure contractors","County, NAICS 5-digit -- by ownership sector","All establishment sizes",3,8,151398,111607,10320,353,18351,"",1.39,0.49,0.32,0.66,0.53,0.64,0.64,"",-1,-25.0,-17,-68.0,-383912,-71.7,-137490,-55.2,-6040,-36.9,-55,-13.5,-2849,-13.4
"42047","5","238111","78","0","2010","A","","Elk County, Pennsylvania","Private","Residential poured foundation contractors","County, NAICS 6-digit -- by ownership sector","All establishment sizes",3,8,151398,111607,10320,353,18351,"",1.95,0.98,0.74,1.36,1.09,0.74,0.73,"N",0,0.0,0,0,0,0,0,0,0,0,0,0,0,0
"42047","5","23812","77","0","2010","A","N","Elk County, Pennsylvania","Private","Steel and precast concrete contractors","County, NAICS 5-digit -- by ownership sector","All establishment sizes",1,0,0,0,0,0,0,"N",1.59,0,0,0,0,0,0,"N",1,100.0,0,0,0,0,0,0,0,0,0,0,0,0
"42047","5","238122","78","0","2010","A","N","Elk County, Pennsylvania","Private","Nonresidential structural steel contractors","County, NAICS 6-digit -- by ownership sector","All establishment sizes",1,0,0,0,0,0,0,"N",2.11,0,0,0,0,0,0,"N",1,100.0,0,0,0,0,0,0,0,0,0,0,0,0
"42047","5","23814","77","0","2010","A","","Elk County, Pennsylvania","Private","Masonry contractors","County, NAICS 5-digit -- by ownership sector","All establishment sizes",4,28,1044323,305007,29697,722,37521,"",1.45,1.84,2.48,1.84,1.36,1.36,1.36,"",0,0.0,3,12.0,167852,19.2,81797,36.6,9654,48.2,39,5.7,1988,5.6
"42047","5","238141","78","0","2010","A","N","Elk County, Pennsylvania","Private","Residential masonry contractors","County, NAICS 6-digit -- by ownership sector","All establishment sizes",3,0,0,0,0,0,0,"N",1.46,0,0,0,0,0,0,"N",0,0.0,0,0,0,0,0,0,0,0,0,0,0,0
"42047","5","238142","78","0","2010","A","N","Elk County, Pennsylvania","Private","Nonresidential masonry contractors","County, NAICS 6-digit -- by ownership sector","All establishment sizes",1,0,0,0,0,0,0,"N",1.40,0,0,0,0,0,0,"N",0,0.0,0,0,0,0,0,0,0,0,0,0,0,0
"42047","5","23816","77","0","2010","A","N","Elk County, Pennsylvania","Private","Roofing contractors","County, NAICS 5-digit -- by ownership sector","All establishment sizes",2,0,0,0,0,0,0,"N",0.88,0,0,0,0,0,0,"N",0,0.0,0,0,0,0,0,0,0,0,0,0,0,0
"42047","5","238161","78","0","2010","A","N","Elk County, Pennsylvania","Private","Residential roofing contractors","County, NAICS 6-digit -- by ownership sector","All establishment sizes",1,0,0,0,0,0,0,"N",0.60,0,0,0,0,0,0,"N",0,0.0,0,0,0,0,0,0,0,0,0,0,0,0
"42047","5","238162","78","0","2010","A","N","Elk County, Pennsylvania","Private","Nonresidential roofing contractors","County, NAICS 6-digit -- by ownership sector","All establishment sizes",1,0,0,0,0,0,0,"N",1.62,0,0,0,0,0,0,"N",0,0.0,0,0,0,0,0,0,0,0,0,0,0,0
"42047","5","23817","77","0","2010","A","N","Elk County, Pennsylvania","Private","Siding contractors","County, NAICS 5-digit -- by ownership sector","All establishment sizes",2,0,0,0,0,0,0,"N",2.15,0,0,0,0,0,0,"N",0,0.0,0,0,0,0,0,0,0,0,0,0,0,0
"42047","5","238171","78","0","2010","A","N","Elk County, Pennsylvania","Private","Residential siding contractors","County, NAICS 6-digit -- by ownership sector","All establishment sizes",2,0,0,0,0,0,0,"N",2.34,0,0,0,0,0,0,"N",0,0.0,0,0,0,0,0,0,0,0,0,0,0,0
"42047","5","2382","76","0","2010","A","","Elk County, Pennsylvania","Private","Building equipment contractors","County, NAICS 4-digit -- by ownership sector","All establishment sizes",15,76,3519005,777133,55447,889,46252,"",0.69,0.41,0.50,0.40,0.26,1.21,1.21,"",0,0.0,5,7.0,192077,5.8,121471,18.5,16625,42.8,-15,-1.7,-772,-1.6
"42047","5","23821","77","0","2010","A","","Elk County, Pennsylvania","Private","Electrical and wiring contractors","County, NAICS 5-digit -- by ownership sector","All establishment sizes",5,42,2146027,444927,34417,983,51096,"",0.52,0.52,0.68,0.52,0.36,1.32,1.32,"",0,0.0,10,31.2,291070,15.7,131951,42.2,12821,59.4,-123,-11.1,-6422,-11.2
"42047","5","238211","78","0","2010","A","N","Elk County, Pennsylvania","Private","Residential electrical contractors","County, NAICS 6-digit -- by ownership sector","All establishment sizes",2,0,0,0,0,0,0,"N",0.37,0,0,0,0,0,0,"N",0,0.0,0,0,0,0,0,0,0,0,0,0,0,0
"42047","5","238212","78","0","2010","A","N","Elk County, Pennsylvania","Private","Nonresidential electrical contractors","County, NAICS 6-digit -- by ownership sector","All establishment sizes",3,0,0,0,0,0,0,"N",0.74,0,0,0,0,0,0,"N",0,0.0,0,0,0,0,0,0,0,0,0,0,0,0
"42047","5","23822","77","0","2010","A","","Elk County, Pennsylvania","Private","Plumbing and hvac contractors","County, NAICS 5-digit -- by ownership sector","All establishment sizes",10,34,1372978,332206,21030,775,40283,"",0.89,0.38,0.41,0.35,0.21,1.09,1.09,"",0,0.0,-5,-12.8,-98993,-6.7,-10480,-3.1,3804,22.1,40,5.4,2050,5.4
"42047","5","238221","78","0","2010","A","N","Elk County, Pennsylvania","Private","Residential plumbing and hvac contractors","County, NAICS 6-digit -- by ownership sector","All establishment sizes",7,0,0,0,0,0,0,"N",0.87,0,0,0,0,0,0,"N",0,0.0,0,0,0,0,0,0,0,0,0,0,0,0
"42047","5","238222","78","0","2010","A","N","Elk County, Pennsylvania","Private","Nonresidential plumbing and hvac contractors","County, NAICS 6-digit -- by ownership sector","All establishment sizes",3,0,0,0,0,0,0,"N",0.95,0,0,0,0,0,0,"N",0,0.0,0,0,0,0,0,0,0,0,0,0,0,0
"42047","5","2383","76","0","2010","A","","Elk County, Pennsylvania","Private","Building finishing contractors","County, NAICS 4-digit -- by ownership sector","All establishment sizes",7,14,266698,173130,13003,358,18607,"",0.49,0.19,0.13,0.23,0.15,0.64,0.64,"",0,0.0,-2,-12.5,21156,8.6,36951,27.1,4032,44.9,53,17.4,2766,17.5
"42047","5","23831","77","0","2010","A","N","Elk County, Pennsylvania","Private","Drywall and insulation contractors","County, NAICS 5-digit -- by ownership sector","All establishment sizes",1,0,0,0,0,0,0,"N",0.40,0,0,0,0,0,0,"N",0,0.0,0,0,0,0,0,0,0,0,0,0,0,0
"42047","5","238311","78","0","2010","A","N","Elk County, Pennsylvania","Private","Residential drywall contractors","County, NAICS 6-digit -- by ownership sector","All establishment sizes",1,0,0,0,0,0,0,"N",0.59,0,0,0,0,0,0,"N",0,0.0,0,0,0,0,0,0,0,0,0,0,0,0
"42047","5","23832","77","0","2010","A","N","Elk County, Pennsylvania","Private","Painting and wall covering contractors","County, NAICS 5-digit -- by ownership sector","All establishment sizes",3,0,0,0,0,0,0,"N",0.70,0,0,0,0,0,0,"N",0,0.0,0,0,0,0,0,0,0,0,0,0,0,0
"42047","5","238321","78","0","2010","A","N","Elk County, Pennsylvania","Private","Residential painting contractors","County, NAICS 6-digit -- by ownership sector","All establishment sizes",3,0,0,0,0,0,0,"N",0.88,0,0,0,0,0,0,"N",0,0.0,0,0,0,0,0,0,0,0,0,0,0,0
"42047","5","23835","77","0","2010","A","","Elk County, Pennsylvania","Private","Finish carpentry contractors","County, NAICS 5-digit -- by ownership sector","All establishment sizes",3,6,101440,43039,2851,334,17390,"",0.84,0.48,0.28,0.34,0.21,0.60,0.60,"N",0,0.0,0,0,0,0,0,0,0,0,0,0,0,0
"42047","5","238351","78","0","2010","A","","Elk County, Pennsylvania","Private","Residential finish carpentry contractors","County, NAICS 6-digit -- by ownership sector","All establishment sizes",3,6,101440,43039,2851,334,17390,"",0.99,0.65,0.42,0.48,0.34,0.67,0.67,"N",0,0.0,0,0,0,0,0,0,0,0,0,0,0,0
"42047","5","2389","76","0","2010","A","","Elk County, Pennsylvania","Private","Other specialty trade contractors","County, NAICS 4-digit -- by ownership sector","All establishment sizes",19,87,2829469,855585,67944,624,32429,"",2.12,1.48,1.51,1.37,0.86,1.01,1.01,"",-1,-5.0,8,10.1,294837,11.6,86244,11.2,13315,24.4,8,1.3,379,1.2
"42047","5","23891","77","0","2010","A","","Elk County, Pennsylvania","Private","Site preparation contractors","County, NAICS 5-digit -- by ownership sector","All establishment sizes",15,60,2071801,594575,46494,662,34434,"",3.37,2.01,2.10,1.82,1.13,1.04,1.04,"",-1,-6.2,4,7.1,171253,9.0,68184,13.0,7389,18.9,12,1.8,646,1.9
"42047","5","238911","78","0","2010","A","","Elk County, Pennsylvania","Private","Residential site preparation contractors","County, NAICS 6-digit -- by ownership sector","All establishment sizes",10,30,1049714,265510,21096,684,35584,"",3.88,2.85,3.52,2.41,1.55,1.26,1.26,"",-1,-9.1,4,15.4,83817,8.7,47938,22.0,4635,28.2,-40,-5.5,-2048,-5.4
"42047","5","238912","78","0","2010","A","","Elk County, Pennsylvania","Private","Nonresidential site preparation contractors","County, NAICS 6-digit -- by ownership sector","All establishment sizes",5,31,1022087,329065,25398,641,33329,"",2.67,1.60,1.48,1.52,0.92,0.94,0.94,"",0,0.0,0,0.0,87436,9.4,20246,6.6,2754,12.2,53,9.0,2768,9.1
"42047","5","23899","77","0","2010","A","","Elk County, Pennsylvania","Private","All other specialty trade contractors","County, NAICS 5-digit -- by ownership sector","All establishment sizes",4,27,757668,261010,21450,538,27975,"",0.89,0.94,0.85,0.87,0.57,0.90,0.90,"",0,0.0,4,17.4,123584,19.5,18060,7.4,5926,38.2,4,0.7,205,0.7
"42047","5","238991","78","0","2010","A","N","Elk County, Pennsylvania","Private","All other residential trade contractors","County, NAICS 6-digit -- by ownership sector","All establishment sizes",3,0,0,0,0,0,0,"N",1.02,0,0,0,0,0,0,"N",0,0.0,0,0,0,0,0,0,0,0,0,0,0,0
"42047","5","238992","78","0","2010","A","N","Elk County, Pennsylvania","Private","All other nonresidential trade contractors","County, NAICS 6-digit -- by ownership sector","All establishment sizes",1,0,0,0,0,0,0,"N",0.64,0,0,0,0,0,0,"N",0,0.0,0,0,0,0,0,0,0,0,0,0,0,0
"42047","5","31-33","74","0","2010","A","","Elk County, Pennsylvania","Private","Manufacturing","County, NAICS Sector -- by ownership sector","All establishment sizes",137,5720,258912143,50928949,4524129,870,45263,"",3.56,4.37,4.65,4.21,4.22,1.07,1.07,"",-3,-2.1,473,9.0,39782191,18.2,3957745,8.4,1689699,59.6,67,8.3,3502,8.4
"42047","5","311","75","0","2010","A","N","Elk County, Pennsylvania","Private","Food manufacturing","County, NAICS 3-digit -- by ownership sector","All establishment sizes",1,0,0,0,0,0,0,"N",0.31,0,0,0,0,0,0,"N",0,0.0,0,0,0,0,0,0,0,0,0,0,0,0
"42047","5","3118","76","0","2010","A","N","Elk County, Pennsylvania","Private","Bakeries and tortilla manufacturing","County, NAICS 4-digit -- by ownership sector","All establishment sizes",1,0,0,0,0,0,0,"N",0.78,0,0,0,0,0,0,"N",0,0.0,0,0,0,0,0,0,0,0,0,0,0,0
"42047","5","31183","77","0","2010","A","N","Elk County, Pennsylvania","Private","Tortilla manufacturing","County, NAICS 5-digit -- by ownership sector","All establishment sizes",1,0,0,0,0,0,0,"N",19.76,0,0,0,0,0,0,"N",0,0.0,0,0,0,0,0,0,0,0,0,0,0,0
"42047","5","311830","78","0","2010","A","N","Elk County, Pennsylvania","Private","Tortilla manufacturing","County, NAICS 6-digit -- by ownership sector","All establishment sizes",1,0,0,0,0,0,0,"N",19.76,0,0,0,0,0,0,"N",0,0.0,0,0,0,0,0,0,0,0,0,0,0,0
"42047","5","312","75","0","2010","A","N","Elk County, Pennsylvania","Private","Beverage and tobacco product manufacturing","County, NAICS 3-digit -- by ownership sector","All establishment sizes",1,0,0,0,0,0,0,"N",1.68,0,0,0,0,0,0,"N",0,0.0,0,0,0,0,0,0,0,0,0,0,0,0
"42047","5","3121","76","0","2010","A","N","Elk County, Pennsylvania","Private","Beverage manufacturing","County, NAICS 4-digit -- by ownership sector","All establishment sizes",1,0,0,0,0,0,0,"N",1.74,0,0,0,0,0,0,"N",0,0.0,0,0,0,0,0,0,0,0,0,0,0,0
"42047","5","31212","77","0","2010","A","N","Elk County, Pennsylvania","Private","Breweries","County, NAICS 5-digit -- by ownership sector","All establishment sizes",1,0,0,0,0,0,0,"N",16.91,0,0,0,0,0,0,"N",0,0.0,0,0,0,0,0,0,0,0,0,0,0,0
"42047","5","312120","78","0","2010","A","N","Elk County, Pennsylvania","Private","Breweries","County, NAICS 6-digit -- by ownership sector","All establishment sizes",1,0,0,0,0,0,0,"N",16.91,0,0,0,0,0,0,"N",0,0.0,0,0,0,0,0,0,0,0,0,0,0,0
"42047","5","321","75","0","2010","A","","Elk County, Pennsylvania","Private","Wood product manufacturing","County, NAICS 3-digit -- by ownership sector","All establishment sizes",9,138,4571042,1271118,92086,636,33064,"",5.20,3.57,4.43,3.29,2.52,1.24,1.24,"",-2,-18.2,9,7.0,599194,15.1,155124,13.9,32033,53.3,45,7.6,2354,7.7
"42047","5","3211","76","0","2010","A","","Elk County, Pennsylvania","Private","Sawmills and wood preservation","County, NAICS 4-digit -- by ownership sector","All establishment sizes",3,68,2181611,620064,43065,621,32280,"",6.85,7.23,8.39,6.39,5.07,1.17,1.17,"",0,0.0,10,17.2,367076,20.2,138749,28.8,24750,135.1,19,3.2,995,3.2
"42047","5","32111","77","0","2010","A","","Elk County, Pennsylvania","Private","Sawmills and wood preservation","County, NAICS 5-digit -- by ownership sector","All establishment sizes",3,68,2181611,620064,43065,621,32280,"",6.85,7.23,8.39,6.39,5.07,1.17,1.17,"",0,0.0,10,17.2,367076,20.2,138749,28.8,24750,135.1,19,3.2,995,3.2
"42047","5","321113","78","0","2010","A","","Elk County, Pennsylvania","Private","Sawmills","County, NAICS 6-digit -- by ownership sector","All establishment sizes",3,68,2181611,620064,43065,621,32280,"",7.80,8.07,9.46,7.06,5.52,1.18,1.18,"",0,0.0,10,17.2,367076,20.2,138749,28.8,24750,135.1,19,3.2,995,3.2
"42047","5","3219","76","0","2010","A","","Elk County, Pennsylvania","Private","Other wood product manufacturing","County, NAICS 4-digit -- by ownership sector","All establishment sizes",6,71,2389431,651054,49021,650,33813,"",5.52,3.21,4.28,3.05,2.42,1.34,1.34,"",-2,-25.0,0,0.0,232118,10.8,16375,2.6,7283,17.4,68,11.7,3570,11.8
"42047","5","32191","77","0","2010","A","N","Elk County, Pennsylvania","Private","Millwork","County, NAICS 5-digit -- by ownership sector","All establishment sizes",0,0,0,0,0,0,0,"N",0.00,0,0,0,0,0,0,"N",-1,-100.0,0,0,0,0,0,0,0,0,0,0,0,0
"42047","5","321918","78","0","2010","A","N","Elk County, Pennsylvania","Private","Other millwork, including flooring","County, NAICS 6-digit -- by ownership sector","All establishment sizes",0,0,0,0,0,0,0,"N",0.00,0,0,0,0,0,0,"N",-1,-100.0,0,0,0,0,0,0,0,0,0,0,0,0
"42047","5","32192","77","0","2010","A","N","Elk County, Pennsylvania","Private","Wood container and pallet manufacturing","County, NAICS 5-digit -- by ownership sector","All establishment sizes",3,0,0,0,0,0,0,"N",8.96,0,0,0,0,0,0,"N",-1,-25.0,0,0,0,0,0,0,0,0,0,0,0,0
"42047","5","321920","78","0","2010","A","N","Elk County, Pennsylvania","Private","Wood container and pallet manufacturing","County, NAICS 6-digit -- by ownership sector","All establishment sizes",3,0,0,0,0,0,0,"N",8.96,0,0,0,0,0,0,"N",-1,-25.0,0,0,0,0,0,0,0,0,0,0,0,0
"42047","5","32199","77","0","2010","A","N","Elk County, Pennsylvania","Private","All other wood product manufacturing","County, NAICS 5-digit -- by ownership sector","All establishment sizes",2,0,0,0,0,0,0,"N",6.43,0,0,0,0,0,0,"N",-1,-33.3,0,0,0,0,0,0,0,0,0,0,0,0
"42047","5","321992","78","0","2010","A","N","Elk County, Pennsylvania","Private","Prefabricated wood building manufacturing","County, NAICS 6-digit -- by ownership sector","All establishment sizes",1,0,0,0,0,0,0,"N",11.65,0,0,0,0,0,0,"N",0,0.0,0,0,0,0,0,0,0,0,0,0,0,0
"42047","5","321999","78","0","2010","A","N","Elk County, Pennsylvania","Private","All other miscellaneous wood product mfg.","County, NAICS 6-digit -- by ownership sector","All establishment sizes",1,0,0,0,0,0,0,"N",5.37,0,0,0,0,0,0,"N",-1,-50.0,0,0,0,0,0,0,0,0,0,0,0,0
"42047","5","322","75","0","2010","A","N","Elk County, Pennsylvania","Private","Paper manufacturing","County, NAICS 3-digit -- by ownership sector","All establishment sizes",2,0,0,0,0,0,0,"N",2.98,0,0,0,0,0,0,"N",0,0.0,0,0,0,0,0,0,0,0,0,0,0,0
"42047","5","3221","76","0","2010","A","N","Elk County, Pennsylvania","Private","Pulp, paper, and paperboard mills","County, NAICS 4-digit -- by ownership sector","All establishment sizes",1,0,0,0,0,0,0,"N",10.60,0,0,0,0,0,0,"N",0,0.0,0,0,0,0,0,0,0,0,0,0,0,0
"42047","5","32212","77","0","2010","A","N","Elk County, Pennsylvania","Private","Paper mills","County, NAICS 5-digit -- by ownership sector","All establishment sizes",1,0,0,0,0,0,0,"N",17.55,0,0,0,0,0,0,"N",0,0.0,0,0,0,0,0,0,0,0,0,0,0,0
"42047","5","322121","78","0","2010","A","N","Elk County, Pennsylvania","Private","Paper, except newsprint, mills","County, NAICS 6-digit -- by ownership sector","All establishment sizes",1,0,0,0,0,0,0,"N",19.38,0,0,0,0,0,0,"N",0,0.0,0,0,0,0,0,0,0,0,0,0,0,0
"42047","5","3222","76","0","2010","A","N","Elk County, Pennsylvania","Private","Converted paper product manufacturing","County, NAICS 4-digit -- by ownership sector","All establishment sizes",1,0,0,0,0,0,0,"N",1.74,0,0,0,0,0,0,"N",0,0.0,0,0,0,0,0,0,0,0,0,0,0,0
"42047","5","32221","77","0","2010","A","N","Elk County, Pennsylvania","Private","Paperboard container manufacturing","County, NAICS 5-digit -- by ownership sector","All establishment sizes",1,0,0,0,0,0,0,"N",3.47,0,0,0,0,0,0,"N",0,0.0,0,0,0,0,0,0,0,0,0,0,0,0
"42047","5","322211","78","0","2010","A","N","Elk County, Pennsylvania","Private","Corrugated and solid fiber box manufacturing","County, NAICS 6-digit -- by ownership sector","All establishment sizes",1,0,0,0,0,0,0,"N",5.13,0,0,0,0,0,0,"N",0,0.0,0,0,0,0,0,0,0,0,0,0,0,0
"42047","5","323","75","0","2010","A","N","Elk County, Pennsylvania","Private","Printing and related support activities","County, NAICS 3-digit -- by ownership sector","All establishment sizes",1,0,0,0,0,0,0,"N",0.28,0,0,0,0,0,0,"N",0,0.0,0,0,0,0,0,0,0,0,0,0,0,0
"42047","5","3231","76","0","2010","A","N","Elk County, Pennsylvania","Private","Printing and related support activities","County, NAICS 4-digit -- by ownership sector","All establishment sizes",1,0,0,0,0,0,0,"N",0.28,0,0,0,0,0,0,"N",0,0.0,0,0,0,0,0,0,0,0,0,0,0,0
"42047","5","32311","77","0","2010","A","N","Elk County, Pennsylvania","Private","Printing","County, NAICS 5-digit -- by ownership sector","All establishment sizes",1,0,0,0,0,0,0,"N",0.30,0,0,0,0,0,0,"N",0,0.0,0,0,0,0,0,0,0,0,0,0,0,0
"42047","5","323112","78","0","2010","A","N","Elk County, Pennsylvania","Private","Commercial flexographic printing","County, NAICS 6-digit -- by ownership sector","All establishment sizes",1,0,0,0,0,0,0,"N",7.31,0,0,0,0,0,0,"N",0,0.0,0,0,0,0,0,0,0,0,0,0,0,0
"42047","5","324","75","0","2010","A","N","Elk County, Pennsylvania","Private","Petroleum and coal products manufacturing","County, NAICS 3-digit -- by ownership sector","All establishment sizes",1,0,0,0,0,0,0,"N",3.81,0,0,0,0,0,0,"N",0,0.0,0,0,0,0,0,0,0,0,0,0,0,0
"42047","5","3241","76","0","2010","A","N","Elk County, Pennsylvania","Private","Petroleum and coal products manufacturing","County, NAICS 4-digit -- by ownership sector","All establishment sizes",1,0,0,0,0,0,0,"N",3.81,0,0,0,0,0,0,"N",0,0.0,0,0,0,0,0,0,0,0,0,0,0,0
"42047","5","32411","77","0","2010","A","N","Elk County, Pennsylvania","Private","Petroleum refineries","County, NAICS 5-digit -- by ownership sector","All establishment sizes",1,0,0,0,0,0,0,"N",11.64,0,0,0,0,0,0,"N",0,0.0,0,0,0,0,0,0,0,0,0,0,0,0
"42047","5","324110","78","0","2010","A","N","Elk County, Pennsylvania","Private","Petroleum refineries","County, NAICS 6-digit -- by ownership sector","All establishment sizes",1,0,0,0,0,0,0,"N",11.64,0,0,0,0,0,0,"N",0,0.0,0,0,0,0,0,0,0,0,0,0,0,0
"42047","5","325","75","0","2010","A","N","Elk County, Pennsylvania","Private","Chemical manufacturing","County, NAICS 3-digit -- by ownership sector","All establishment sizes",3,0,0,0,0,0,0,"N",1.67,0,0,0,0,0,0,"N",0,0.0,0,0,0,0,0,0,0,0,0,0,0,0
"42047","5","3251","76","0","2010","A","N","Elk County, Pennsylvania","Private","Basic chemical manufacturing","County, NAICS 4-digit -- by ownership sector","All establishment sizes",2,0,0,0,0,0,0,"N",5.88,0,0,0,0,0,0,"N",0,0.0,0,0,0,0,0,0,0,0,0,0,0,0
"42047","5","32512","77","0","2010","A","N","Elk County, Pennsylvania","Private","Industrial gas manufacturing","County, NAICS 5-digit -- by ownership sector","All establishment sizes",1,0,0,0,0,0,0,"N",11.53,0,0,0,0,0,0,"N",0,0.0,0,0,0,0,0,0,0,0,0,0,0,0
"42047","5","325120","78","0","2010","A","N","Elk County, Pennsylvania","Private","Industrial gas manufacturing","County, NAICS 6-digit -- by ownership sector","All establishment sizes",1,0,0,0,0,0,0,"N",11.53,0,0,0,0,0,0,"N",0,0.0,0,0,0,0,0,0,0,0,0,0,0,0
"42047","5","32518","77","0","2010","A","N","Elk County, Pennsylvania","Private","Other basic inorganic chemical manufacturing","County, NAICS 5-digit -- by ownership sector","All establishment sizes",1,0,0,0,0,0,0,"N",11.64,0,0,0,0,0,0,"N",0,0.0,0,0,0,0,0,0,0,0,0,0,0,0
"42047","5","325188","78","0","2010","A","N","Elk County, Pennsylvania","Private","All other basic inorganic chemical mfg.","County, NAICS 6-digit -- by ownership sector","All establishment sizes",1,0,0,0,0,0,0,"N",13.61,0,0,0,0,0,0,"N",0,0.0,0,0,0,0,0,0,0,0,0,0,0,0
"42047","5","3259","76","0","2010","A","N","Elk County, Pennsylvania","Private","Other chemical product and preparation mfg.","County, NAICS 4-digit -- by ownership sector","All establishment sizes",1,0,0,0,0,0,0,"N",3.03,0,0,0,0,0,0,"N",0,0.0,0,0,0,0,0,0,0,0,0,0,0,0
"42047","5","32599","77","0","2010","A","N","Elk County, Pennsylvania","Private","All other chemical preparation manufacturing","County, NAICS 5-digit -- by ownership sector","All establishment sizes",1,0,0,0,0,0,0,"N",3.87,0,0,0,0,0,0,"N",0,0.0,0,0,0,0,0,0,0,0,0,0,0,0
"42047","5","325992","78","0","2010","A","N","Elk County, Pennsylvania","Private","Photographic film and chemical manufacturing","County, NAICS 6-digit -- by ownership sector","All establishment sizes",1,0,0,0,0,0,0,"N",20.58,0,0,0,0,0,0,"N",0,0.0,0,0,0,0,0,0,0,0,0,0,0,0
"42047","5","326","75","0","2010","A","N","Elk County, Pennsylvania","Private","Plastics and rubber products manufacturing","County, NAICS 3-digit -- by ownership sector","All establishment sizes",1,0,0,0,0,0,0,"N",0.66,0,0,0,0,0,0,"N",0,0.0,0,0,0,0,0,0,0,0,0,0,0,0
"42047","5","3262","76","0","2010","A","N","Elk County, Pennsylvania","Private","Rubber product manufacturing","County, NAICS 4-digit -- by ownership sector","All establishment sizes",1,0,0,0,0,0,0,"N",4.15,0,0,0,0,0,0,"N",0,0.0,0,0,0,0,0,0,0,0,0,0,0,0
"42047","5","32629","77","0","2010","A","N","Elk County, Pennsylvania","Private","Other rubber product manufacturing","County, NAICS 5-digit -- by ownership sector","All establishment sizes",1,0,0,0,0,0,0,"N",7.59,0,0,0,0,0,0,"N",0,0.0,0,0,0,0,0,0,0,0,0,0,0,0
"42047","5","326299","78","0","2010","A","N","Elk County, Pennsylvania","Private","All other rubber product manufacturing","County, NAICS 6-digit -- by ownership sector","All establishment sizes",1,0,0,0,0,0,0,"N",12.90,0,0,0,0,0,0,"N",0,0.0,0,0,0,0,0,0,0,0,0,0,0,0
"42047","5","327","75","0","2010","A","","Elk County, Pennsylvania","Private","Nonmetallic mineral product manufacturing","County, NAICS 3-digit -- by ownership sector","All establishment sizes",3,22,1032770,161987,11032,920,47850,"",1.56,0.52,0.70,0.41,0.26,1.35,1.35,"",0,0.0,2,10.0,106259,11.5,5755,3.7,131,1.2,36,4.1,1907,4.2
"42047","5","3273","76","0","2010","A","N","Elk County, Pennsylvania","Private","Cement and concrete product manufacturing","County, NAICS 4-digit -- by ownership sector","All establishment sizes",2,0,0,0,0,0,0,"N",1.88,0,0,0,0,0,0,"N",0,0.0,0,0,0,0,0,0,0,0,0,0,0,0
"42047","5","32732","77","0","2010","A","N","Elk County, Pennsylvania","Private","Ready-mix concrete manufacturing","County, NAICS 5-digit -- by ownership sector","All establishment sizes",2,0,0,0,0,0,0,"N",3.23,0,0,0,0,0,0,"N",0,0.0,0,0,0,0,0,0,0,0,0,0,0,0
"42047","5","327320","78","0","2010","A","N","Elk County, Pennsylvania","Private","Ready-mix concrete manufacturing","County, NAICS 6-digit -- by ownership sector","All establishment sizes",2,0,0,0,0,0,0,"N",3.23,0,0,0,0,0,0,"N",0,0.0,0,0,0,0,0,0,0,0,0,0,0,0
"42047","5","3279","76","0","2010","A","N","Elk County, Pennsylvania","Private","Other nonmetallic mineral products","County, NAICS 4-digit -- by ownership sector","All establishment sizes",1,0,0,0,0,0,0,"N",2.53,0,0,0,0,0,0,"N",0,0.0,0,0,0,0,0,0,0,0,0,0,0,0
"42047","5","32799","77","0","2010","A","N","Elk County, Pennsylvania","Private","All other nonmetallic mineral products mfg.","County, NAICS 5-digit -- by ownership sector","All establishment sizes",1,0,0,0,0,0,0,"N",2.78,0,0,0,0,0,0,"N",0,0.0,0,0,0,0,0,0,0,0,0,0,0,0
"42047","5","327999","78","0","2010","A","N","Elk County, Pennsylvania","Private","Miscellaneous nonmetallic mineral products","County, NAICS 6-digit -- by ownership sector","All establishment sizes",1,0,0,0,0,0,0,"N",16.79,0,0,0,0,0,0,"N",0,0.0,0,0,0,0,0,0,0,0,0,0,0,0
"42047","5","331","75","0","2010","A","","Elk County, Pennsylvania","Private","Primary metal manufacturing","County, NAICS 3-digit -- by ownership sector","All establishment sizes",5,66,2505156,524197,42861,732,38053,"",7.67,1.60,1.41,1.45,1.05,0.88,0.88,"",0,0.0,-3,-4.3,231030,10.2,35735,7.3,21245,98.3,94,14.7,4894,14.8
"42047","5","3312","76","0","2010","A","N","Elk County, Pennsylvania","Private","Steel product mfg. from purchased steel","County, NAICS 4-digit -- by ownership sector","All establishment sizes",3,0,0,0,0,0,0,"N",25.13,0,0,0,0,0,0,"N",0,0.0,0,0,0,0,0,0,0,0,0,0,0,0
"42047","5","33122","77","0","2010","A","N","Elk County, Pennsylvania","Private","Rolling and drawing of purchased steel","County, NAICS 5-digit -- by ownership sector","All establishment sizes",3,0,0,0,0,0,0,"N",42.17,0,0,0,0,0,0,"N",0,0.0,0,0,0,0,0,0,0,0,0,0,0,0
"42047","5","331221","78","0","2010","A","N","Elk County, Pennsylvania","Private","Rolled steel shape manufacturing","County, NAICS 6-digit -- by ownership sector","All establishment sizes",3,0,0,0,0,0,0,"N",68.74,0,0,0,0,0,0,"N",0,0.0,0,0,0,0,0,0,0,0,0,0,0,0
"42047","5","3314","76","0","2010","A","N","Elk County, Pennsylvania","Private","Other nonferrous metal production","County, NAICS 4-digit -- by ownership sector","All establishment sizes",2,0,0,0,0,0,0,"N",17.65,0,0,0,0,0,0,"N",0,0.0,0,0,0,0,0,0,0,0,0,0,0,0
"42047","5","33149","77","0","2010","A","N","Elk County, Pennsylvania","Private","Nonferrous metal, except cu and al, shaping","County, NAICS 5-digit -- by ownership sector","All establishment sizes",2,0,0,0,0,0,0,"N",35.87,0,0,0,0,0,0,"N",0,0.0,0,0,0,0,0,0,0,0,0,0,0,0
"42047","5","331492","78","0","2010","A","N","Elk County, Pennsylvania","Private","Secondary processing of other nonferrous","County, NAICS 6-digit -- by ownership sector","All establishment sizes",2,0,0,0,0,0,0,"N",73.06,0,0,0,0,0,0,"N",0,0.0,0,0,0,0,0,0,0,0,0,0,0,0
"42047","5","332","75","0","2010","A","","Elk County, Pennsylvania","Private","Fabricated metal product manufacturing","County, NAICS 3-digit -- by ownership sector","All establishment sizes",73,2910,114738516,25823460,2442243,758,39435,"",11.06,20.00,21.72,19.42,18.77,1.09,1.09,"",-2,-2.7,341,13.3,23648812,26.0,2788467,12.1,904469,58.8,76,11.1,3972,11.2
"42047","5","3321","76","0","2010","A","","Elk County, Pennsylvania","Private","Forging and stamping","County, NAICS 4-digit -- by ownership sector","All establishment sizes",33,2282,94540492,20445658,1998706,797,41427,"",117.84,226.92,246.45,230.16,188.36,1.09,1.09,"",1,3.1,233,11.4,19239508,25.6,2017750,10.9,698947,53.8,90,12.7,4684,12.7
"42047","5","33211","77","0","2010","A","","Elk County, Pennsylvania","Private","Forging and stamping","County, NAICS 5-digit -- by ownership sector","All establishment sizes",33,2282,94540492,20445658,1998706,797,41427,"",117.84,226.92,246.45,230.16,188.36,1.09,1.09,"",1,3.1,233,11.4,19239508,25.6,2017750,10.9,698947,53.8,90,12.7,4684,12.7
"42047","5","332116","78","0","2010","A","N","Elk County, Pennsylvania","Private","Metal stamping","County, NAICS 6-digit -- by ownership sector","All establishment sizes",1,0,0,0,0,0,0,"N",5.54,0,0,0,0,0,0,"N",0,0.0,0,0,0,0,0,0,0,0,0,0,0,0
"42047","5","332117","78","0","2010","A","N","Elk County, Pennsylvania","Private","Powder metallurgy part manufacturing","County, NAICS 6-digit -- by ownership sector","All establishment sizes",32,0,0,0,0,0,0,"N",1914.18,0,0,0,0,0,0,"N",1,3.2,0,0,0,0,0,0,0,0,0,0,0,0
"42047","5","3323","76","0","2010","A","","Elk County, Pennsylvania","Private","Architectural and structural metals mfg.","County, NAICS 4-digit -- by ownership sector","All establishment sizes",3,28,1074008,268647,22248,738,38357,"",1.81,0.77,0.87,0.78,0.68,1.13,1.13,"",0,0.0,0,0.0,206263,23.8,46496,20.9,12297,123.6,142,23.8,7366,23.8
"42047","5","33231","77","0","2010","A","","Elk County, Pennsylvania","Private","Plate work and fabricated structural products","County, NAICS 5-digit -- by ownership sector","All establishment sizes",3,28,1074008,268647,22248,738,38357,"",4.32,1.68,1.79,1.70,1.52,1.07,1.07,"",0,0.0,0,0.0,206263,23.8,46496,20.9,12297,123.6,142,23.8,7366,23.8
"42047","5","332312","78","0","2010","A","","Elk County, Pennsylvania","Private","Fabricated structural metal manufacturing","County, NAICS 6-digit -- by ownership sector","All establishment sizes",3,28,1074008,268647,22248,738,38357,"",7.65,3.21,3.43,3.15,3.04,1.07,1.07,"",0,0.0,0,0.0,206263,23.8,46496,20.9,12297,123.6,142,23.8,7366,23.8
"42047","5","3326","76","0","2010","A","N","Elk County, Pennsylvania","Private","Spring and wire product manufacturing","County, NAICS 4-digit -- by ownership sector","All establishment sizes",2,0,0,0,0,0,0,"N",12.63,0,0,0,0,0,0,"N",-1,-33.3,0,0,0,0,0,0,0,0,0,0,0,0
"42047","5","33261","77","0","2010","A","N","Elk County, Pennsylvania","Private","Spring and wire product manufacturing","County, NAICS 5-digit -- by ownership sector","All establishment sizes",2,0,0,0,0,0,0,"N",12.63,0,0,0,0,0,0,"N",-1,-33.3,0,0,0,0,0,0,0,0,0,0,0,0
"42047","5","332612","78","0","2010","A","N","Elk County, Pennsylvania","Private","Spring, light gauge, manufacturing","County, NAICS 6-digit -- by ownership sector","All establishment sizes",1,0,0,0,0,0,0,"N",26.37,0,0,0,0,0,0,"N",-1,-50.0,0,0,0,0,0,0,0,0,0,0,0,0
"42047","5","332618","78","0","2010","A","N","Elk County, Pennsylvania","Private","Other fabricated wire product manufacturing","County, NAICS 6-digit -- by ownership sector","All establishment sizes",1,0,0,0,0,0,0,"N",9.26,0,0,0,0,0,0,"N",0,0.0,0,0,0,0,0,0,0,0,0,0,0,0
"42047","5","3327","76","0","2010","A","","Elk County, Pennsylvania","Private","Machine shops and threaded product mfg.","County, NAICS 4-digit -- by ownership sector","All establishment sizes",23,368,9772154,3074565,259305,510,26525,"",8.88,10.38,7.80,9.57,8.07,0.75,0.75,"",-2,-8.0,97,35.8,3211775,49.0,747220,32.1,136561,111.3,44,9.4,2317,9.6
"42047","5","33271","77","0","2010","A","N","Elk County, Pennsylvania","Private","Machine shops","County, NAICS 5-digit -- by ownership sector","All establishment sizes",20,0,0,0,0,0,0,"N",8.56,0,0,0,0,0,0,"N",-2,-9.1,0,0,0,0,0,0,0,0,0,0,0,0
"42047","5","332710","78","0","2010","A","N","Elk County, Pennsylvania","Private","Machine shops","County, NAICS 6-digit -- by ownership sector","All establishment sizes",20,0,0,0,0,0,0,"N",8.56,0,0,0,0,0,0,"N",-2,-9.1,0,0,0,0,0,0,0,0,0,0,0,0
"42047","5","33272","77","0","2010","A","N","Elk County, Pennsylvania","Private","Turned product and screw, nut, and bolt mfg.","County, NAICS 5-digit -- by ownership sector","All establishment sizes",3,0,0,0,0,0,0,"N",11.81,0,0,0,0,0,0,"N",0,0.0,0,0,0,0,0,0,0,0,0,0,0,0
"42047","5","332721","78","0","2010","A","N","Elk County, Pennsylvania","Private","Precision turned product manufacturing","County, NAICS 6-digit -- by ownership sector","All establishment sizes",3,0,0,0,0,0,0,"N",18.79,0,0,0,0,0,0,"N",0,0.0,0,0,0,0,0,0,0,0,0,0,0,0
"42047","5","3328","76","0","2010","A","","Elk County, Pennsylvania","Private","Coating, engraving, and heat treating metals","County, NAICS 4-digit -- by ownership sector","All establishment sizes",9,191,6814071,1689834,134751,685,35598,"",12.12,13.80,15.65,13.98,11.42,1.13,1.13,"",-2,-18.2,9,4.9,792694,13.2,-20854,-1.2,54023,66.9,48,7.5,2453,7.4
"42047","5","33281","77","0","2010","A","","Elk County, Pennsylvania","Private","Coating, engraving, and heat treating metals","County, NAICS 5-digit -- by ownership sector","All establishment sizes",9,191,6814071,1689834,134751,685,35598,"",12.12,13.80,15.65,13.98,11.42,1.13,1.13,"",-2,-18.2,9,4.9,792694,13.2,-20854,-1.2,54023,66.9,48,7.5,2453,7.4
"42047","5","332811","78","0","2010","A","","Elk County, Pennsylvania","Private","Metal heat treating","County, NAICS 6-digit -- by ownership sector","All establishment sizes",4,80,3073482,713652,61169,736,38259,"",53.29,43.95,43.88,45.26,40.16,0.99,0.99,"",0,0.0,5,6.7,547037,21.7,33464,4.9,15595,34.2,89,13.8,4610,13.7
"42047","5","332812","78","0","2010","A","N","Elk County, Pennsylvania","Private","Metal coating and nonprecious engraving","County, NAICS 6-digit -- by ownership sector","All establishment sizes",2,0,0,0,0,0,0,"N",6.32,0,0,0,0,0,0,"N",0,0.0,0,0,0,0,0,0,0,0,0,0,0,0
"42047","5","332813","78","0","2010","A","N","Elk County, Pennsylvania","Private","Electroplating, anodizing, and coloring metal","County, NAICS 6-digit -- by ownership sector","All establishment sizes",3,0,0,0,0,0,0,"N",8.55,0,0,0,0,0,0,"N",-2,-40.0,0,0,0,0,0,0,0,0,0,0,0,0
"42047","5","3329","76","0","2010","A","N","Elk County, Pennsylvania","Private","Other fabricated metal product manufacturing","County, NAICS 4-digit -- by ownership sector","All establishment sizes",3,0,0,0,0,0,0,"N",4.18,0,0,0,0,0,0,"N",1,50.0,0,0,0,0,0,0,0,0,0,0,0,0
"42047","5","33299","77","0","2010","A","N","Elk County, Pennsylvania","Private","All other fabricated metal product mfg.","County, NAICS 5-digit -- by ownership sector","All establishment sizes",3,0,0,0,0,0,0,"N",5.47,0,0,0,0,0,0,"N",1,50.0,0,0,0,0,0,0,0,0,0,0,0,0
"42047","5","332992","78","0","2010","A","N","Elk County, Pennsylvania","Private","Small arms ammunition manufacturing","County, NAICS 6-digit -- by ownership sector","All establishment sizes",2,0,0,0,0,0,0,"N",178.26,0,0,0,0,0,0,"N",0,0.0,0,0,0,0,0,0,0,0,0,0,0,0
"42047","5","332999","78","0","2010","A","N","Elk County, Pennsylvania","Private","Miscellaneous fabricated metal product mfg.","County, NAICS 6-digit -- by ownership sector","All establishment sizes",1,0,0,0,0,0,0,"N",3.24,0,0,0,0,0,0,"N",1,100.0,0,0,0,0,0,0,0,0,0,0,0,0
"42047","5","333","75","0","2010","A","","Elk County, Pennsylvania","Private","Machinery manufacturing","County, NAICS 3-digit -- by ownership sector","All establishment sizes",19,394,16524618,3572748,328170,806,41905,"",5.74,3.49,3.27,3.38,3.09,0.94,0.94,"",1,5.6,41,11.6,3499178,26.9,543948,18.0,140217,74.6,97,13.7,5049,13.7
"42047","5","3332","76","0","2010","A","N","Elk County, Pennsylvania","Private","Industrial machinery manufacturing","County, NAICS 4-digit -- by ownership sector","All establishment sizes",1,0,0,0,0,0,0,"N",2.32,0,0,0,0,0,0,"N",0,0.0,0,0,0,0,0,0,0,0,0,0,0,0
"42047","5","33329","77","0","2010","A","N","Elk County, Pennsylvania","Private","Other industrial machinery manufacturing","County, NAICS 5-digit -- by ownership sector","All establishment sizes",1,0,0,0,0,0,0,"N",2.91,0,0,0,0,0,0,"N",0,0.0,0,0,0,0,0,0,0,0,0,0,0,0
"42047","5","333298","78","0","2010","A","N","Elk County, Pennsylvania","Private","All other industrial machinery manufacturing","County, NAICS 6-digit -- by ownership sector","All establishment sizes",1,0,0,0,0,0,0,"N",7.08,0,0,0,0,0,0,"N",0,0.0,0,0,0,0,0,0,0,0,0,0,0,0
"42047","5","3335","76","0","2010","A","","Elk County, Pennsylvania","Private","Metalworking machinery manufacturing","County, NAICS 4-digit -- by ownership sector","All establishment sizes",15,283,10975814,2545180,227528,746,38784,"",14.52,16.02,16.01,16.44,12.78,1.00,1.00,"",1,7.1,38,15.5,3152283,40.3,532174,26.4,106480,88.0,131,21.3,6808,21.3
"42047","5","33351","77","0","2010","A","","Elk County, Pennsylvania","Private","Metalworking machinery manufacturing","County, NAICS 5-digit -- by ownership sector","All establishment sizes",15,283,10975814,2545180,227528,746,38784,"",14.52,16.02,16.01,16.44,12.78,1.00,1.00,"",1,7.1,38,15.5,3152283,40.3,532174,26.4,106480,88.0,131,21.3,6808,21.3
"42047","5","333512","78","0","2010","A","N","Elk County, Pennsylvania","Private","Metal cutting machine tool manufacturing","County, NAICS 6-digit -- by ownership sector","All establishment sizes",1,0,0,0,0,0,0,"N",7.11,0,0,0,0,0,0,"N",0,0.0,0,0,0,0,0,0,0,0,0,0,0,0
"42047","5","333513","78","0","2010","A","N","Elk County, Pennsylvania","Private","Metal forming machine tool manufacturing","County, NAICS 6-digit -- by ownership sector","All establishment sizes",1,0,0,0,0,0,0,"N",15.97,0,0,0,0,0,0,"N",0,0.0,0,0,0,0,0,0,0,0,0,0,0,0
"42047","5","333514","78","0","2010","A","","Elk County, Pennsylvania","Private","Special tool, die, jig, and fixture mfg.","County, NAICS 6-digit -- by ownership sector","All establishment sizes",11,170,6513664,1552062,130415,736,38297,"",26.05,25.86,25.96,27.97,19.90,1.00,1.00,"",0,0.0,24,16.4,1361257,26.4,352616,29.4,65630,101.3,58,8.6,3067,8.7
"42047","5","333515","78","0","2010","A","N","Elk County, Pennsylvania","Private","Cutting tool and machine tool accessory mfg.","County, NAICS 6-digit -- by ownership sector","All establishment sizes",2,0,0,0,0,0,0,"N",14.97,0,0,0,0,0,0,"N",1,100.0,0,0,0,0,0,0,0,0,0,0,0,0
"42047","5","3336","76","0","2010","A","N","Elk County, Pennsylvania","Private","Turbine and power transmission equipment mfg.","County, NAICS 4-digit -- by ownership sector","All establishment sizes",1,0,0,0,0,0,0,"N",7.45,0,0,0,0,0,0,"N",0,0.0,0,0,0,0,0,0,0,0,0,0,0,0
"42047","5","33361","77","0","2010","A","N","Elk County, Pennsylvania","Private","Turbine and power transmission equipment mfg.","County, NAICS 5-digit -- by ownership sector","All establishment sizes",1,0,0,0,0,0,0,"N",7.45,0,0,0,0,0,0,"N",0,0.0,0,0,0,0,0,0,0,0,0,0,0,0
"42047","5","333613","78","0","2010","A","N","Elk County, Pennsylvania","Private","Mechanical power transmission equipment mfg.","County, NAICS 6-digit -- by ownership sector","All establishment sizes",1,0,0,0,0,0,0,"N",27.68,0,0,0,0,0,0,"N",0,0.0,0,0,0,0,0,0,0,0,0,0,0,0
"42047","5","3339","76","0","2010","A","N","Elk County, Pennsylvania","Private","Other general purpose machinery manufacturing","County, NAICS 4-digit -- by ownership sector","All establishment sizes",2,0,0,0,0,0,0,"N",2.72,0,0,0,0,0,0,"N",0,0.0,0,0,0,0,0,0,0,0,0,0,0,0
"42047","5","33399","77","0","2010","A","N","Elk County, Pennsylvania","Private","All other general purpose machinery mfg.","County, NAICS 5-digit -- by ownership sector","All establishment sizes",2,0,0,0,0,0,0,"N",4.87,0,0,0,0,0,0,"N",0,0.0,0,0,0,0,0,0,0,0,0,0,0,0
"42047","5","333994","78","0","2010","A","N","Elk County, Pennsylvania","Private","Industrial process furnace and oven mfg.","County, NAICS 6-digit -- by ownership sector","All establishment sizes",2,0,0,0,0,0,0,"N",46.79,0,0,0,0,0,0,"N",0,0.0,0,0,0,0,0,0,0,0,0,0,0,0
"42047","5","334","75","0","2010","A","","Elk County, Pennsylvania","Private","Computer and electronic product manufacturing","County, NAICS 3-digit -- by ownership sector","All establishment sizes",3,244,11567220,2174138,150623,911,47374,"",1.42,1.95,1.35,1.80,1.46,0.69,0.69,"N",0,0.0,0,0,0,0,0,0,0,0,0,0,0,0
"42047","5","3344","76","0","2010","A","N","Elk County, Pennsylvania","Private","Semiconductor and electronic component mfg.","County, NAICS 4-digit -- by ownership sector","All establishment sizes",1,0,0,0,0,0,0,"N",1.54,0,0,0,0,0,0,"N",0,0.0,0,0,0,0,0,0,0,0,0,0,0,0
"42047","5","33441","77","0","2010","A","N","Elk County, Pennsylvania","Private","Semiconductor and electronic component mfg.","County, NAICS 5-digit -- by ownership sector","All establishment sizes",1,0,0,0,0,0,0,"N",1.54,0,0,0,0,0,0,"N",0,0.0,0,0,0,0,0,0,0,0,0,0,0,0
"42047","5","334415","78","0","2010","A","N","Elk County, Pennsylvania","Private","Electronic resistor manufacturing","County, NAICS 6-digit -- by ownership sector","All establishment sizes",1,0,0,0,0,0,0,"N",111.41,0,0,0,0,0,0,"N",0,0.0,0,0,0,0,0,0,0,0,0,0,0,0
"42047","5","3345","76","0","2010","A","N","Elk County, Pennsylvania","Private","Electronic instrument manufacturing","County, NAICS 4-digit -- by ownership sector","All establishment sizes",2,0,0,0,0,0,0,"N",2.38,0,0,0,0,0,0,"N",0,0.0,0,0,0,0,0,0,0,0,0,0,0,0
"42047","5","33451","77","0","2010","A","N","Elk County, Pennsylvania","Private","Electronic instrument manufacturing","County, NAICS 5-digit -- by ownership sector","All establishment sizes",2,0,0,0,0,0,0,"N",2.38,0,0,0,0,0,0,"N",0,0.0,0,0,0,0,0,0,0,0,0,0,0,0
"42047","5","334512","78","0","2010","A","N","Elk County, Pennsylvania","Private","Automatic environmental control manufacturing","County, NAICS 6-digit -- by ownership sector","All establishment sizes",1,0,0,0,0,0,0,"N",20.49,0,0,0,0,0,0,"N",0,0.0,0,0,0,0,0,0,0,0,0,0,0,0
"42047","5","334513","78","0","2010","A","N","Elk County, Pennsylvania","Private","Industrial process variable instruments","County, NAICS 6-digit -- by ownership sector","All establishment sizes",1,0,0,0,0,0,0,"N",5.19,0,0,0,0,0,0,"N",0,0.0,0,0,0,0,0,0,0,0,0,0,0,0
"42047","5","335","75","0","2010","A","","Elk County, Pennsylvania","Private","Electrical equipment and appliance mfg.","County, NAICS 3-digit -- by ownership sector","All establishment sizes",11,1379,73063447,12172676,1111823,1019,53002,"",13.37,33.99,42.47,33.62,31.10,1.25,1.25,"",0,0.0,61,4.6,9024422,14.1,143602,1.2,510037,84.8,85,9.1,4411,9.1
"42047","5","3351","76","0","2010","A","N","Elk County, Pennsylvania","Private","Electric lighting equipment manufacturing","County, NAICS 4-digit -- by ownership sector","All establishment sizes",1,0,0,0,0,0,0,"N",6.54,0,0,0,0,0,0,"N",0,0.0,0,0,0,0,0,0,0,0,0,0,0,0
"42047","5","33511","77","0","2010","A","N","Elk County, Pennsylvania","Private","Electric lamp bulb and part manufacturing","County, NAICS 5-digit -- by ownership sector","All establishment sizes",1,0,0,0,0,0,0,"N",48.70,0,0,0,0,0,0,"N",0,0.0,0,0,0,0,0,0,0,0,0,0,0,0
"42047","5","335110","78","0","2010","A","N","Elk County, Pennsylvania","Private","Electric lamp bulb and part manufacturing","County, NAICS 6-digit -- by ownership sector","All establishment sizes",1,0,0,0,0,0,0,"N",48.70,0,0,0,0,0,0,"N",0,0.0,0,0,0,0,0,0,0,0,0,0,0,0
"42047","5","3359","76","0","2010","A","N","Elk County, Pennsylvania","Private","Other electrical equipment and component mfg.","County, NAICS 4-digit -- by ownership sector","All establishment sizes",10,0,0,0,0,0,0,"N",34.24,0,0,0,0,0,0,"N",0,0.0,0,0,0,0,0,0,0,0,0,0,0,0
"42047","5","33593","77","0","2010","A","N","Elk County, Pennsylvania","Private","Wiring device manufacturing","County, NAICS 5-digit -- by ownership sector","All establishment sizes",2,0,0,0,0,0,0,"N",24.09,0,0,0,0,0,0,"N",0,0.0,0,0,0,0,0,0,0,0,0,0,0,0
"42047","5","335931","78","0","2010","A","N","Elk County, Pennsylvania","Private","Current-carrying wiring device manufacturing","County, NAICS 6-digit -- by ownership sector","All establishment sizes",2,0,0,0,0,0,0,"N",32.12,0,0,0,0,0,0,"N",0,0.0,0,0,0,0,0,0,0,0,0,0,0,0
"42047","5","33599","77","0","2010","A","","Elk County, Pennsylvania","Private","Other electrical equipment and component mfg.","County, NAICS 5-digit -- by ownership sector","All establishment sizes",8,897,51059526,7818824,709122,1094,56901,"",58.35,237.02,306.25,216.27,216.37,1.29,1.29,"",0,0.0,25,2.9,6959298,15.8,-569463,-6.8,316339,80.5,122,12.6,6342,12.5
"42047","5","335991","78","0","2010","A","N","Elk County, Pennsylvania","Private","Carbon and graphite product manufacturing","County, NAICS 6-digit -- by ownership sector","All establishment sizes",7,0,0,0,0,0,0,"N",410.46,0,0,0,0,0,0,"N",0,0.0,0,0,0,0,0,0,0,0,0,0,0,0
"42047","5","335999","78","0","2010","A","N","Elk County, Pennsylvania","Private","Miscellaneous electrical equipment mfg.","County, NAICS 6-digit -- by ownership sector","All establishment sizes",1,0,0,0,0,0,0,"N",8.33,0,0,0,0,0,0,"N",0,0.0,0,0,0,0,0,0,0,0,0,0,0,0
"42047","5","339","75","0","2010","A","","Elk County, Pennsylvania","Private","Miscellaneous manufacturing","County, NAICS 3-digit -- by ownership sector","All establishment sizes",4,15,336376,137348,8281,429,22301,"",1.14,0.23,0.13,0.23,0.18,0.56,0.56,"",0,0.0,4,36.4,97988,41.1,18639,15.7,2437,41.7,6,1.4,296,1.3
"42047","5","3399","76","0","2010","A","","Elk County, Pennsylvania","Private","Other miscellaneous manufacturing","County, NAICS 4-digit -- by ownership sector","All establishment sizes",4,15,336376,137348,8281,429,22301,"",1.96,0.50,0.33,0.48,0.34,0.66,0.66,"",0,0.0,4,36.4,97988,41.1,18639,15.7,2437,41.7,6,1.4,296,1.3
"42047","5","33999","77","0","2010","A","","Elk County, Pennsylvania","Private","All other miscellaneous manufacturing","County, NAICS 5-digit -- by ownership sector","All establishment sizes",4,15,336376,137348,8281,429,22301,"",6.31,1.26,0.82,1.27,0.92,0.64,0.64,"",0,0.0,4,36.4,97988,41.1,18639,15.7,2437,41.7,6,1.4,296,1.3
"42047","5","339999","78","0","2010","A","","Elk County, Pennsylvania","Private","All other miscellaneous manufacturing","County, NAICS 6-digit -- by ownership sector","All establishment sizes",4,15,336376,137348,8281,429,22301,"",9.49,2.71,1.74,2.46,2.03,0.64,0.64,"",0,0.0,4,36.4,97988,41.1,18639,15.7,2437,41.7,6,1.4,296,1.3
"42047","5","42","74","0","2010","A","","Elk County, Pennsylvania","Private","Wholesale trade","County, NAICS Sector -- by ownership sector","All establishment sizes",28,207,7213318,1644800,93649,671,34875,"",0.41,0.33,0.25,0.28,0.22,0.74,0.74,"",0,0.0,20,10.7,930158,14.8,148515,9.9,34578,58.5,26,4.0,1320,3.9
"42047","5","423","75","0","2010","A","","Elk County, Pennsylvania","Private","Merchant wholesalers, durable goods","County, NAICS 3-digit -- by ownership sector","All establishment sizes",18,128,4369541,1069717,62087,656,34137,"",0.64,0.41,0.30,0.37,0.28,0.73,0.73,"",1,5.9,19,17.4,841424,23.8,152419,16.6,27693,80.5,32,5.1,1695,5.2
"42047","5","4231","76","0","2010","A","","Elk County, Pennsylvania","Private","Motor vehicle and parts merchant wholesalers","County, NAICS 4-digit -- by ownership sector","All establishment sizes",3,26,638064,213283,15362,475,24699,"",1.16,0.74,0.54,0.68,0.68,0.73,0.73,"N",1,50.0,0,0,0,0,0,0,0,0,0,0,0,0
"42047","5","42312","77","0","2010","A","N","Elk County, Pennsylvania","Private","New motor vehicle parts merchant wholesalers","County, NAICS 5-digit -- by ownership sector","All establishment sizes",2,0,0,0,0,0,0,"N",1.39,0,0,0,0,0,0,"N",1,100.0,0,0,0,0,0,0,0,0,0,0,0,0
"42047","5","423120","78","0","2010","A","N","Elk County, Pennsylvania","Private","New motor vehicle parts merchant wholesalers","County, NAICS 6-digit -- by ownership sector","All establishment sizes",2,0,0,0,0,0,0,"N",1.39,0,0,0,0,0,0,"N",1,100.0,0,0,0,0,0,0,0,0,0,0,0,0
"42047","5","42314","77","0","2010","A","N","Elk County, Pennsylvania","Private","Used motor vehicle parts merchant wholesalers","County, NAICS 5-digit -- by ownership sector","All establishment sizes",1,0,0,0,0,0,0,"N",3.25,0,0,0,0,0,0,"N",0,0.0,0,0,0,0,0,0,0,0,0,0,0,0
"42047","5","423140","78","0","2010","A","N","Elk County, Pennsylvania","Private","Used motor vehicle parts merchant wholesalers","County, NAICS 6-digit -- by ownership sector","All establishment sizes",1,0,0,0,0,0,0,"N",3.25,0,0,0,0,0,0,"N",0,0.0,0,0,0,0,0,0,0,0,0,0,0,0
"42047","5","4233","76","0","2010","A","N","Elk County, Pennsylvania","Private","Lumber and const. supply merchant wholesalers","County, NAICS 4-digit -- by ownership sector","All establishment sizes",2,0,0,0,0,0,0,"N",0.93,0,0,0,0,0,0,"N",0,0.0,0,0,0,0,0,0,0,0,0,0,0,0
"42047","5","42332","77","0","2010","A","N","Elk County, Pennsylvania","Private","Masonry material merchant wholesalers","County, NAICS 5-digit -- by ownership sector","All establishment sizes",1,0,0,0,0,0,0,"N",1.57,0,0,0,0,0,0,"N",0,0.0,0,0,0,0,0,0,0,0,0,0,0,0
"42047","5","423320","78","0","2010","A","N","Elk County, Pennsylvania","Private","Masonry material merchant wholesalers","County, NAICS 6-digit -- by ownership sector","All establishment sizes",1,0,0,0,0,0,0,"N",1.57,0,0,0,0,0,0,"N",0,0.0,0,0,0,0,0,0,0,0,0,0,0,0
"42047","5","42333","77","0","2010","A","N","Elk County, Pennsylvania","Private","Roofing and siding merchant wholesalers","County, NAICS 5-digit -- by ownership sector","All establishment sizes",1,0,0,0,0,0,0,"N",3.32,0,0,0,0,0,0,"N",0,0.0,0,0,0,0,0,0,0,0,0,0,0,0
"42047","5","423330","78","0","2010","A","N","Elk County, Pennsylvania","Private","Roofing and siding merchant wholesalers","County, NAICS 6-digit -- by ownership sector","All establishment sizes",1,0,0,0,0,0,0,"N",3.32,0,0,0,0,0,0,"N",0,0.0,0,0,0,0,0,0,0,0,0,0,0,0
"42047","5","4235","76","0","2010","A","","Elk County, Pennsylvania","Private","Metal and mineral merchant wholesalers","County, NAICS 4-digit -- by ownership sector","All establishment sizes",5,60,2120881,475390,21843,681,35397,"",5.18,4.72,3.66,4.07,2.23,0.78,0.78,"",0,0.0,7,13.2,333105,18.6,38975,8.9,10131,86.5,31,4.8,1612,4.8
"42047","5","42351","77","0","2010","A","","Elk County, Pennsylvania","Private","Metal merchant wholesalers","County, NAICS 5-digit -- by ownership sector","All establishment sizes",5,60,2120881,475390,21843,681,35397,"",5.40,4.83,3.84,4.15,2.27,0.80,0.80,"",0,0.0,7,13.2,333105,18.6,38975,8.9,10131,86.5,31,4.8,1612,4.8
"42047","5","423510","78","0","2010","A","","Elk County, Pennsylvania","Private","Metal merchant wholesalers","County, NAICS 6-digit -- by ownership sector","All establishment sizes",5,60,2120881,475390,21843,681,35397,"",5.40,4.83,3.84,4.15,2.27,0.80,0.80,"",0,0.0,7,13.2,333105,18.6,38975,8.9,10131,86.5,31,4.8,1612,4.8
"42047","5","4236","76","0","2010","A","N","Elk County, Pennsylvania","Private","Electric goods merchant wholesalers","County, NAICS 4-digit -- by ownership sector","All establishment sizes",1,0,0,0,0,0,0,"N",0.32,0,0,0,0,0,0,"N",0,0.0,0,0,0,0,0,0,0,0,0,0,0,0
"42047","5","42361","77","0","2010","A","N","Elk County, Pennsylvania","Private","Elec. equip. and wiring merchant wholesalers","County, NAICS 5-digit -- by ownership sector","All establishment sizes",1,0,0,0,0,0,0,"N",0.72,0,0,0,0,0,0,"N",0,0.0,0,0,0,0,0,0,0,0,0,0,0,0
"42047","5","423610","78","0","2010","A","N","Elk County, Pennsylvania","Private","Elec. equip. and wiring merchant wholesalers","County, NAICS 6-digit -- by ownership sector","All establishment sizes",1,0,0,0,0,0,0,"N",0.72,0,0,0,0,0,0,"N",0,0.0,0,0,0,0,0,0,0,0,0,0,0,0
"42047","5","4238","76","0","2010","A","","Elk County, Pennsylvania","Private","Machinery and supply merchant wholesalers","County, NAICS 4-digit -- by ownership sector","All establishment sizes",3,10,469758,80571,5049,874,45460,"",0.44,0.14,0.16,0.12,0.11,1.06,1.06,"",0,0.0,-1,-9.1,51781,12.4,-9253,-10.3,1145,29.3,108,14.1,5653,14.2
"42047","5","42383","77","0","2010","A","N","Elk County, Pennsylvania","Private","Industrial machinery merchant wholesalers","County, NAICS 5-digit -- by ownership sector","All establishment sizes",2,0,0,0,0,0,0,"N",0.62,0,0,0,0,0,0,"N",0,0.0,0,0,0,0,0,0,0,0,0,0,0,0
"42047","5","423830","78","0","2010","A","N","Elk County, Pennsylvania","Private","Industrial machinery merchant wholesalers","County, NAICS 6-digit -- by ownership sector","All establishment sizes",2,0,0,0,0,0,0,"N",0.62,0,0,0,0,0,0,"N",0,0.0,0,0,0,0,0,0,0,0,0,0,0,0
"42047","5","42384","77","0","2010","A","N","Elk County, Pennsylvania","Private","Industrial supplies merchant wholesalers","County, NAICS 5-digit -- by ownership sector","All establishment sizes",1,0,0,0,0,0,0,"N",0.98,0,0,0,0,0,0,"N",0,0.0,0,0,0,0,0,0,0,0,0,0,0,0
"42047","5","423840","78","0","2010","A","N","Elk County, Pennsylvania","Private","Industrial supplies merchant wholesalers","County, NAICS 6-digit -- by ownership sector","All establishment sizes",1,0,0,0,0,0,0,"N",0.98,0,0,0,0,0,0,"N",0,0.0,0,0,0,0,0,0,0,0,0,0,0,0
"42047","5","4239","76","0","2010","A","","Elk County, Pennsylvania","Private","Misc. durable goods merchant wholesalers","County, NAICS 4-digit -- by ownership sector","All establishment sizes",4,12,360625,102823,7123,559,29044,"",1.10,0.38,0.32,0.36,0.31,0.80,0.80,"",0,0.0,-1,-7.7,125002,53.1,-3432,-3.2,3757,111.6,201,56.1,10442,56.1
"42047","5","42393","77","0","2010","A","N","Elk County, Pennsylvania","Private","Recyclable material merchant wholesalers","County, NAICS 5-digit -- by ownership sector","All establishment sizes",2,0,0,0,0,0,0,"N",2.17,0,0,0,0,0,0,"N",0,0.0,0,0,0,0,0,0,0,0,0,0,0,0
"42047","5","423930","78","0","2010","A","N","Elk County, Pennsylvania","Private","Recyclable material merchant wholesalers","County, NAICS 6-digit -- by ownership sector","All establishment sizes",2,0,0,0,0,0,0,"N",2.17,0,0,0,0,0,0,"N",0,0.0,0,0,0,0,0,0,0,0,0,0,0,0
"42047","5","42399","77","0","2010","A","N","Elk County, Pennsylvania","Private","All other durable goods merchant wholesalers","County, NAICS 5-digit -- by ownership sector","All establishment sizes",2,0,0,0,0,0,0,"N",1.86,0,0,0,0,0,0,"N",0,0.0,0,0,0,0,0,0,0,0,0,0,0,0
"42047","5","423990","78","0","2010","A","N","Elk County, Pennsylvania","Private","All other durable goods merchant wholesalers","County, NAICS 6-digit -- by ownership sector","All establishment sizes",2,0,0,0,0,0,0,"N",1.86,0,0,0,0,0,0,"N",0,0.0,0,0,0,0,0,0,0,0,0,0,0,0
"42047","5","424","75","0","2010","A","","Elk County, Pennsylvania","Private","Merchant wholesalers, nondurable goods","County, NAICS 3-digit -- by ownership sector","All establishment sizes",7,75,2644446,542775,30424,676,35142,"",0.46,0.34,0.28,0.26,0.21,0.83,0.83,"",-1,-12.5,0,0.0,106303,4.2,3789,0.7,7259,31.3,21,3.2,1073,3.1
"42047","5","4241","76","0","2010","A","N","Elk County, Pennsylvania","Private","Paper and paper product merchant wholesalers","County, NAICS 4-digit -- by ownership sector","All establishment sizes",1,0,0,0,0,0,0,"N",0.88,0,0,0,0,0,0,"N",0,0.0,0,0,0,0,0,0,0,0,0,0,0,0
"42047","5","42413","77","0","2010","A","N","Elk County, Pennsylvania","Private","Industrial paper merchant wholesalers","County, NAICS 5-digit -- by ownership sector","All establishment sizes",1,0,0,0,0,0,0,"N",2.03,0,0,0,0,0,0,"N",0,0.0,0,0,0,0,0,0,0,0,0,0,0,0
"42047","5","424130","78","0","2010","A","N","Elk County, Pennsylvania","Private","Industrial paper merchant wholesalers","County, NAICS 6-digit -- by ownership sector","All establishment sizes",1,0,0,0,0,0,0,"N",2.03,0,0,0,0,0,0,"N",0,0.0,0,0,0,0,0,0,0,0,0,0,0,0
"42047","5","4244","76","0","2010","A","N","Elk County, Pennsylvania","Private","Grocery and related product wholesalers","County, NAICS 4-digit -- by ownership sector","All establishment sizes",2,0,0,0,0,0,0,"N",0.50,0,0,0,0,0,0,"N",0,0.0,0,0,0,0,0,0,0,0,0,0,0,0
"42047","5","42449","77","0","2010","A","N","Elk County, Pennsylvania","Private","Other grocery product merchant wholesalers","County, NAICS 5-digit -- by ownership sector","All establishment sizes",2,0,0,0,0,0,0,"N",1.37,0,0,0,0,0,0,"N",0,0.0,0,0,0,0,0,0,0,0,0,0,0,0
"42047","5","424490","78","0","2010","A","N","Elk County, Pennsylvania","Private","Other grocery product merchant wholesalers","County, NAICS 6-digit -- by ownership sector","All establishment sizes",2,0,0,0,0,0,0,"N",1.37,0,0,0,0,0,0,"N",0,0.0,0,0,0,0,0,0,0,0,0,0,0,0
"42047","5","4247","76","0","2010","A","N","Elk County, Pennsylvania","Private","Petroleum merchant wholesalers","County, NAICS 4-digit -- by ownership sector","All establishment sizes",1,0,0,0,0,0,0,"N",1.11,0,0,0,0,0,0,"N",-1,-50.0,0,0,0,0,0,0,0,0,0,0,0,0
"42047","5","42472","77","0","2010","A","N","Elk County, Pennsylvania","Private","Other petroleum merchant wholesalers","County, NAICS 5-digit -- by ownership sector","All establishment sizes",1,0,0,0,0,0,0,"N",1.67,0,0,0,0,0,0,"N",-1,-50.0,0,0,0,0,0,0,0,0,0,0,0,0
"42047","5","424720","78","0","2010","A","N","Elk County, Pennsylvania","Private","Other petroleum merchant wholesalers","County, NAICS 6-digit -- by ownership sector","All establishment sizes",1,0,0,0,0,0,0,"N",1.67,0,0,0,0,0,0,"N",-1,-50.0,0,0,0,0,0,0,0,0,0,0,0,0
"42047","5","4248","76","0","2010","A","","Elk County, Pennsylvania","Private","Alcoholic beverage merchant wholesalers","County, NAICS 4-digit -- by ownership sector","All establishment sizes",3,23,287269,139874,5718,244,12674,"",5.40,1.25,0.36,0.80,0.60,0.30,0.30,"",0,0.0,1,4.5,804,0.3,9063,6.9,1521,36.2,-10,-3.9,-547,-4.1
"42047","5","42481","77","0","2010","A","","Elk County, Pennsylvania","Private","Beer and ale merchant wholesalers","County, NAICS 5-digit -- by ownership sector","All establishment sizes",3,23,287269,139874,5718,244,12674,"",13.09,2.15,0.73,1.38,1.09,0.35,0.35,"",0,0.0,1,4.5,804,0.3,9063,6.9,1521,36.2,-10,-3.9,-547,-4.1
"42047","5","424810","78","0","2010","A","","Elk County, Pennsylvania","Private","Beer and ale merchant wholesalers","County, NAICS 6-digit -- by ownership sector","All establishment sizes",3,23,287269,139874,5718,244,12674,"",13.09,2.15,0.73,1.38,1.09,0.35,0.35,"",0,0.0,1,4.5,804,0.3,9063,6.9,1521,36.2,-10,-3.9,-547,-4.1
"42047","5","425","75","0","2010","A","","Elk County, Pennsylvania","Private","Electronic markets and agents and brokers","County, NAICS 3-digit -- by ownership sector","All establishment sizes",3,4,199331,32308,1138,1070,55627,"",0.12,0.04,0.04,0.04,0.02,0.93,0.93,"",0,0.0,0,0.0,-17569,-8.1,-7693,-19.2,-374,-24.7,27,2.6,1402,2.6
"42047","5","4251","76","0","2010","A","","Elk County, Pennsylvania","Private","Electronic markets and agents and brokers","County, NAICS 4-digit -- by ownership sector","All establishment sizes",3,4,199331,32308,1138,1070,55627,"",0.12,0.04,0.04,0.04,0.02,0.93,0.93,"",0,0.0,0,0.0,-17569,-8.1,-7693,-19.2,-374,-24.7,27,2.6,1402,2.6
"42047","5","42512","77","0","2010","A","","Elk County, Pennsylvania","Private","Wholesale trade agents and brokers","County, NAICS 5-digit -- by ownership sector","All establishment sizes",3,4,199331,32308,1138,1070,55627,"",0.12,0.05,0.04,0.04,0.02,0.92,0.92,"",0,0.0,0,0.0,-17569,-8.1,-7693,-19.2,-374,-24.7,27,2.6,1402,2.6
"42047","5","425120","78","0","2010","A","","Elk County, Pennsylvania","Private","Wholesale trade agents and brokers","County, NAICS 6-digit -- by ownership sector","All establishment sizes",3,4,199331,32308,1138,1070,55627,"",0.12,0.05,0.04,0.04,0.02,0.92,0.92,"",0,0.0,0,0.0,-17569,-8.1,-7693,-19.2,-374,-24.7,27,2.6,1402,2.6
"42047","5","44-45","74","0","2010","A","","Elk County, Pennsylvania","Private","Retail trade","County, NAICS Sector -- by ownership sector","All establishment sizes",115,1436,27283463,10676108,465249,365,19003,"",1.00,0.87,0.84,0.86,0.65,0.96,0.97,"",2,1.8,25,1.8,683401,2.6,335994,3.2,97492,26.5,2,0.6,144,0.8
"42047","5","441","75","0","2010","A","","Elk County, Pennsylvania","Private","Motor vehicle and parts dealers","County, NAICS 3-digit -- by ownership sector","All establishment sizes",18,154,4314015,1405472,80213,540,28074,"",1.40,0.83,0.76,0.83,0.65,0.92,0.92,"",-2,-10.0,7,4.8,332760,8.4,109688,8.5,28726,55.8,20,3.8,1021,3.8
"42047","5","4411","76","0","2010","A","","Elk County, Pennsylvania","Private","Automobile dealers","County, NAICS 4-digit -- by ownership sector","All establishment sizes",10,115,3553676,1036604,63748,595,30924,"",1.98,1.00,0.88,0.96,0.74,0.89,0.89,"",-1,-9.1,5,4.5,299623,9.2,60945,6.2,25032,64.7,27,4.8,1409,4.8
"42047","5","44111","77","0","2010","A","","Elk County, Pennsylvania","Private","New car dealers","County, NAICS 5-digit -- by ownership sector","All establishment sizes",4,97,3067981,871014,59392,610,31738,"",1.70,0.95,0.83,0.90,0.76,0.88,0.88,"",0,0.0,6,6.6,309175,11.2,67660,8.4,24323,69.4,28,4.8,1477,4.9
"42047","5","441110","78","0","2010","A","","Elk County, Pennsylvania","Private","New car dealers","County, NAICS 6-digit -- by ownership sector","All establishment sizes",4,97,3067981,871014,59392,610,31738,"",1.70,0.95,0.83,0.90,0.76,0.88,0.88,"",0,0.0,6,6.6,309175,11.2,67660,8.4,24323,69.4,28,4.8,1477,4.9
"42047","5","44112","77","0","2010","A","","Elk County, Pennsylvania","Private","Used car dealers","County, NAICS 5-digit -- by ownership sector","All establishment sizes",7,18,485695,165590,4356,512,26613,"",2.61,1.38,1.38,1.39,0.52,0.99,0.99,"",0,0.0,-1,-5.3,-9552,-1.9,-6715,-3.9,709,19.4,13,2.6,661,2.5
"42047","5","441120","78","0","2010","A","","Elk County, Pennsylvania","Private","Used car dealers","County, NAICS 6-digit -- by ownership sector","All establishment sizes",7,18,485695,165590,4356,512,26613,"",2.61,1.38,1.38,1.39,0.52,0.99,0.99,"",0,0.0,-1,-5.3,-9552,-1.9,-6715,-3.9,709,19.4,13,2.6,661,2.5
"42047","5","4412","76","0","2010","A","N","Elk County, Pennsylvania","Private","Other motor vehicle dealers","County, NAICS 4-digit -- by ownership sector","All establishment sizes",1,0,0,0,0,0,0,"N",0.58,0,0,0,0,0,0,"N",0,0.0,0,0,0,0,0,0,0,0,0,0,0,0
"42047","5","44122","77","0","2010","A","N","Elk County, Pennsylvania","Private","Motorcycle, boat, and other vehicle dealers","County, NAICS 5-digit -- by ownership sector","All establishment sizes",1,0,0,0,0,0,0,"N",0.69,0,0,0,0,0,0,"N",0,0.0,0,0,0,0,0,0,0,0,0,0,0,0
"42047","5","441221","78","0","2010","A","N","Elk County, Pennsylvania","Private","Motorcycle, atv, personal watercraft dealers","County, NAICS 6-digit -- by ownership sector","All establishment sizes",1,0,0,0,0,0,0,"N",1.59,0,0,0,0,0,0,"N",0,0.0,0,0,0,0,0,0,0,0,0,0,0,0
"42047","5","4413","76","0","2010","A","N","Elk County, Pennsylvania","Private","Auto parts, accessories, and tire stores","County, NAICS 4-digit -- by ownership sector","All establishment sizes",7,0,0,0,0,0,0,"N",1.15,0,0,0,0,0,0,"N",-1,-12.5,0,0,0,0,0,0,0,0,0,0,0,0
"42047","5","44131","77","0","2010","A","N","Elk County, Pennsylvania","Private","Automotive parts and accessories stores","County, NAICS 5-digit -- by ownership sector","All establishment sizes",7,0,0,0,0,0,0,"N",1.76,0,0,0,0,0,0,"N",0,0.0,0,0,0,0,0,0,0,0,0,0,0,0
"42047","5","441310","78","0","2010","A","N","Elk County, Pennsylvania","Private","Automotive parts and accessories stores","County, NAICS 6-digit -- by ownership sector","All establishment sizes",7,0,0,0,0,0,0,"N",1.76,0,0,0,0,0,0,"N",0,0.0,0,0,0,0,0,0,0,0,0,0,0,0
"42047","5","44132","77","0","2010","A","N","Elk County, Pennsylvania","Private","Tire dealers","County, NAICS 5-digit -- by ownership sector","All establishment sizes",1,0,0,0,0,0,0,"N",0.48,0,0,0,0,0,0,"N",0,0.0,0,0,0,0,0,0,0,0,0,0,0,0
"42047","5","441320","78","0","2010","A","N","Elk County, Pennsylvania","Private","Tire dealers","County, NAICS 6-digit -- by ownership sector","All establishment sizes",1,0,0,0,0,0,0,"N",0.48,0,0,0,0,0,0,"N",0,0.0,0,0,0,0,0,0,0,0,0,0,0,0
"42047","5","442","75","0","2010","A","","Elk County, Pennsylvania","Private","Furniture and home furnishings stores","County, NAICS 3-digit -- by ownership sector","All establishment sizes",6,28,455239,226997,6779,315,16405,"",1.02,0.56,0.41,0.57,0.24,0.73,0.74,"",2,50.0,2,7.7,19408,4.5,18633,8.9,1592,30.7,-10,-3.1,-520,-3.1
"42047","5","4421","76","0","2010","A","N","Elk County, Pennsylvania","Private","Furniture stores","County, NAICS 4-digit -- by ownership sector","All establishment sizes",5,0,0,0,0,0,0,"N",1.88,0,0,0,0,0,0,"N",2,66.7,0,0,0,0,0,0,0,0,0,0,0,0
"42047","5","44211","77","0","2010","A","N","Elk County, Pennsylvania","Private","Furniture stores","County, NAICS 5-digit -- by ownership sector","All establishment sizes",5,0,0,0,0,0,0,"N",1.88,0,0,0,0,0,0,"N",2,66.7,0,0,0,0,0,0,0,0,0,0,0,0
"42047","5","442110","78","0","2010","A","N","Elk County, Pennsylvania","Private","Furniture stores","County, NAICS 6-digit -- by ownership sector","All establishment sizes",5,0,0,0,0,0,0,"N",1.88,0,0,0,0,0,0,"N",2,66.7,0,0,0,0,0,0,0,0,0,0,0,0
"42047","5","4422","76","0","2010","A","N","Elk County, Pennsylvania","Private","Home furnishings stores","County, NAICS 4-digit -- by ownership sector","All establishment sizes",1,0,0,0,0,0,0,"N",0.31,0,0,0,0,0,0,"N",0,0.0,0,0,0,0,0,0,0,0,0,0,0,0
"42047","5","44221","77","0","2010","A","N","Elk County, Pennsylvania","Private","Floor covering stores","County, NAICS 5-digit -- by ownership sector","All establishment sizes",1,0,0,0,0,0,0,"N",0.72,0,0,0,0,0,0,"N",0,0.0,0,0,0,0,0,0,0,0,0,0,0,0
"42047","5","442210","78","0","2010","A","N","Elk County, Pennsylvania","Private","Floor covering stores","County, NAICS 6-digit -- by ownership sector","All establishment sizes",1,0,0,0,0,0,0,"N",0.72,0,0,0,0,0,0,"N",0,0.0,0,0,0,0,0,0,0,0,0,0,0,0
"42047","5","443","75","0","2010","A","","Elk County, Pennsylvania","Private","Electronics and appliance stores","County, NAICS 3-digit -- by ownership sector","All establishment sizes",4,9,133522,66470,2838,273,14179,"",0.72,0.16,0.08,0.14,0.09,0.47,0.47,"N",1,33.3,0,0,0,0,0,0,0,0,0,0,0,0
"42047","5","4431","76","0","2010","A","","Elk County, Pennsylvania","Private","Electronics and appliance stores","County, NAICS 4-digit -- by ownership sector","All establishment sizes",4,9,133522,66470,2838,273,14179,"",0.72,0.16,0.08,0.14,0.09,0.47,0.47,"N",1,33.3,0,0,0,0,0,0,0,0,0,0,0,0
"42047","5","44311","77","0","2010","A","N","Elk County, Pennsylvania","Private","Appliance, tv, and other electronics stores","County, NAICS 5-digit -- by ownership sector","All establishment sizes",3,0,0,0,0,0,0,"N",0.72,0,0,0,0,0,0,"N",0,0.0,0,0,0,0,0,0,0,0,0,0,0,0
"42047","5","443111","78","0","2010","A","N","Elk County, Pennsylvania","Private","Household appliance stores","County, NAICS 6-digit -- by ownership sector","All establishment sizes",1,0,0,0,0,0,0,"N",1.14,0,0,0,0,0,0,"N",0,0.0,0,0,0,0,0,0,0,0,0,0,0,0
"42047","5","443112","78","0","2010","A","N","Elk County, Pennsylvania","Private","Radio, tv, and other electronics stores","County, NAICS 6-digit -- by ownership sector","All establishment sizes",2,0,0,0,0,0,0,"N",0.61,0,0,0,0,0,0,"N",0,0.0,0,0,0,0,0,0,0,0,0,0,0,0
"42047","5","44312","77","0","2010","A","N","Elk County, Pennsylvania","Private","Computer and software stores","County, NAICS 5-digit -- by ownership sector","All establishment sizes",1,0,0,0,0,0,0,"N",0.77,0,0,0,0,0,0,"N",1,100.0,0,0,0,0,0,0,0,0,0,0,0,0
"42047","5","443120","78","0","2010","A","N","Elk County, Pennsylvania","Private","Computer and software stores","County, NAICS 6-digit -- by ownership sector","All establishment sizes",1,0,0,0,0,0,0,"N",0.77,0,0,0,0,0,0,"N",1,100.0,0,0,0,0,0,0,0,0,0,0,0,0
"42047","5","444","75","0","2010","A","","Elk County, Pennsylvania","Private","Building material and garden supply stores","County, NAICS 3-digit -- by ownership sector","All establishment sizes",11,115,2604079,947530,33622,434,22562,"",1.32,0.88,0.90,0.87,0.47,1.01,1.01,"",1,10.0,-3,-2.5,65973,2.6,51657,5.8,3751,12.6,20,4.8,1053,4.9
"42047","5","4441","76","0","2010","A","N","Elk County, Pennsylvania","Private","Building material and supplies dealers","County, NAICS 4-digit -- by ownership sector","All establishment sizes",9,0,0,0,0,0,0,"N",1.39,0,0,0,0,0,0,"N",0,0.0,0,0,0,0,0,0,0,0,0,0,0,0
"42047","5","44411","77","0","2010","A","N","Elk County, Pennsylvania","Private","Home centers","County, NAICS 5-digit -- by ownership sector","All establishment sizes",4,0,0,0,0,0,0,"N",3.33,0,0,0,0,0,0,"N",0,0.0,0,0,0,0,0,0,0,0,0,0,0,0
"42047","5","444110","78","0","2010","A","N","Elk County, Pennsylvania","Private","Home centers","County, NAICS 6-digit -- by ownership sector","All establishment sizes",4,0,0,0,0,0,0,"N",3.33,0,0,0,0,0,0,"N",0,0.0,0,0,0,0,0,0,0,0,0,0,0,0
"42047","5","44412","77","0","2010","A","N","Elk County, Pennsylvania","Private","Paint and wallpaper stores","County, NAICS 5-digit -- by ownership sector","All establishment sizes",1,0,0,0,0,0,0,"N",1.44,0,0,0,0,0,0,"N",0,0.0,0,0,0,0,0,0,0,0,0,0,0,0
"42047","5","444120","78","0","2010","A","N","Elk County, Pennsylvania","Private","Paint and wallpaper stores","County, NAICS 6-digit -- by ownership sector","All establishment sizes",1,0,0,0,0,0,0,"N",1.44,0,0,0,0,0,0,"N",0,0.0,0,0,0,0,0,0,0,0,0,0,0,0
"42047","5","44413","77","0","2010","A","N","Elk County, Pennsylvania","Private","Hardware stores","County, NAICS 5-digit -- by ownership sector","All establishment sizes",2,0,0,0,0,0,0,"N",1.15,0,0,0,0,0,0,"N",0,0.0,0,0,0,0,0,0,0,0,0,0,0,0
"42047","5","444130","78","0","2010","A","N","Elk County, Pennsylvania","Private","Hardware stores","County, NAICS 6-digit -- by ownership sector","All establishment sizes",2,0,0,0,0,0,0,"N",1.15,0,0,0,0,0,0,"N",0,0.0,0,0,0,0,0,0,0,0,0,0,0,0
"42047","5","44419","77","0","2010","A","N","Elk County, Pennsylvania","Private","Other building material dealers","County, NAICS 5-digit -- by ownership sector","All establishment sizes",2,0,0,0,0,0,0,"N",0.70,0,0,0,0,0,0,"N",0,0.0,0,0,0,0,0,0,0,0,0,0,0,0
"42047","5","444190","78","0","2010","A","N","Elk County, Pennsylvania","Private","Other building material dealers","County, NAICS 6-digit -- by ownership sector","All establishment sizes",2,0,0,0,0,0,0,"N",0.70,0,0,0,0,0,0,"N",0,0.0,0,0,0,0,0,0,0,0,0,0,0,0
"42047","5","4442","76","0","2010","A","N","Elk County, Pennsylvania","Private","Lawn and garden equipment and supplies stores","County, NAICS 4-digit -- by ownership sector","All establishment sizes",2,0,0,0,0,0,0,"N",1.08,0,0,0,0,0,0,"N",1,100.0,0,0,0,0,0,0,0,0,0,0,0,0
"42047","5","44421","77","0","2010","A","N","Elk County, Pennsylvania","Private","Outdoor power equipment stores","County, NAICS 5-digit -- by ownership sector","All establishment sizes",1,0,0,0,0,0,0,"N",1.95,0,0,0,0,0,0,"N",1,100.0,0,0,0,0,0,0,0,0,0,0,0,0
"42047","5","444210","78","0","2010","A","N","Elk County, Pennsylvania","Private","Outdoor power equipment stores","County, NAICS 6-digit -- by ownership sector","All establishment sizes",1,0,0,0,0,0,0,"N",1.95,0,0,0,0,0,0,"N",1,100.0,0,0,0,0,0,0,0,0,0,0,0,0
"42047","5","44422","77","0","2010","A","N","Elk County, Pennsylvania","Private","Nursery, garden, and farm supply stores","County, NAICS 5-digit -- by ownership sector","All establishment sizes",1,0,0,0,0,0,0,"N",0.74,0,0,0,0,0,0,"N",0,0.0,0,0,0,0,0,0,0,0,0,0,0,0
"42047","5","444220","78","0","2010","A","N","Elk County, Pennsylvania","Private","Nursery, garden, and farm supply stores","County, NAICS 6-digit -- by ownership sector","All establishment sizes",1,0,0,0,0,0,0,"N",0.74,0,0,0,0,0,0,"N",0,0.0,0,0,0,0,0,0,0,0,0,0,0,0
"42047","5","445","75","0","2010","A","","Elk County, Pennsylvania","Private","Food and beverage stores","County, NAICS 3-digit -- by ownership sector","All establishment sizes",18,278,3576863,1842007,79972,247,12851,"",1.14,0.87,0.68,0.81,0.79,0.78,0.78,"",-1,-5.3,5,1.8,-206668,-5.5,-96343,-5.0,8186,11.4,-19,-7.1,-995,-7.2
"42047","5","4451","76","0","2010","A","N","Elk County, Pennsylvania","Private","Grocery stores","County, NAICS 4-digit -- by ownership sector","All establishment sizes",8,0,0,0,0,0,0,"N",0.82,0,0,0,0,0,0,"N",-2,-20.0,0,0,0,0,0,0,0,0,0,0,0,0
"42047","5","44511","77","0","2010","A","N","Elk County, Pennsylvania","Private","Supermarkets and other grocery stores","County, NAICS 5-digit -- by ownership sector","All establishment sizes",7,0,0,0,0,0,0,"N",1.04,0,0,0,0,0,0,"N",-1,-12.5,0,0,0,0,0,0,0,0,0,0,0,0
"42047","5","445110","78","0","2010","A","N","Elk County, Pennsylvania","Private","Supermarkets and other grocery stores","County, NAICS 6-digit -- by ownership sector","All establishment sizes",7,0,0,0,0,0,0,"N",1.04,0,0,0,0,0,0,"N",-1,-12.5,0,0,0,0,0,0,0,0,0,0,0,0
"42047","5","44512","77","0","2010","A","N","Elk County, Pennsylvania","Private","Convenience stores","County, NAICS 5-digit -- by ownership sector","All establishment sizes",1,0,0,0,0,0,0,"N",0.33,0,0,0,0,0,0,"N",-1,-50.0,0,0,0,0,0,0,0,0,0,0,0,0
"42047","5","445120","78","0","2010","A","N","Elk County, Pennsylvania","Private","Convenience stores","County, NAICS 6-digit -- by ownership sector","All establishment sizes",1,0,0,0,0,0,0,"N",0.33,0,0,0,0,0,0,"N",-1,-50.0,0,0,0,0,0,0,0,0,0,0,0,0
"42047","5","4452","76","0","2010","A","N","Elk County, Pennsylvania","Private","Specialty food stores","County, NAICS 4-digit -- by ownership sector","All establishment sizes",4,0,0,0,0,0,0,"N",1.34,0,0,0,0,0,0,"N",0,0.0,0,0,0,0,0,0,0,0,0,0,0,0
"42047","5","44521","77","0","2010","A","N","Elk County, Pennsylvania","Private","Meat markets","County, NAICS 5-digit -- by ownership sector","All establishment sizes",3,0,0,0,0,0,0,"N",4.34,0,0,0,0,0,0,"N",0,0.0,0,0,0,0,0,0,0,0,0,0,0,0
"42047","5","445210","78","0","2010","A","N","Elk County, Pennsylvania","Private","Meat markets","County, NAICS 6-digit -- by ownership sector","All establishment sizes",3,0,0,0,0,0,0,"N",4.34,0,0,0,0,0,0,"N",0,0.0,0,0,0,0,0,0,0,0,0,0,0,0
"42047","5","44529","77","0","2010","A","N","Elk County, Pennsylvania","Private","Other specialty food stores","County, NAICS 5-digit -- by ownership sector","All establishment sizes",1,0,0,0,0,0,0,"N",0.61,0,0,0,0,0,0,"N",0,0.0,0,0,0,0,0,0,0,0,0,0,0,0
"42047","5","445291","78","0","2010","A","N","Elk County, Pennsylvania","Private","Baked goods stores","County, NAICS 6-digit -- by ownership sector","All establishment sizes",1,0,0,0,0,0,0,"N",2.71,0,0,0,0,0,0,"N",0,0.0,0,0,0,0,0,0,0,0,0,0,0,0
"42047","5","4453","76","0","2010","A","","Elk County, Pennsylvania","Private","Beer, wine, and liquor stores","County, NAICS 4-digit -- by ownership sector","All establishment sizes",6,19,354247,165589,8683,351,18244,"",1.95,1.22,1.41,1.49,1.43,1.13,1.13,"",1,20.0,2,11.8,25303,7.7,-3297,-2.0,2313,36.3,-25,-6.6,-1297,-6.6
"42047","5","44531","77","0","2010","A","","Elk County, Pennsylvania","Private","Beer, wine, and liquor stores","County, NAICS 5-digit -- by ownership sector","All establishment sizes",6,19,354247,165589,8683,351,18244,"",1.95,1.22,1.41,1.49,1.43,1.13,1.13,"",1,20.0,2,11.8,25303,7.7,-3297,-2.0,2313,36.3,-25,-6.6,-1297,-6.6
"42047","5","445310","78","0","2010","A","","Elk County, Pennsylvania","Private","Beer, wine, and liquor stores","County, NAICS 6-digit -- by ownership sector","All establishment sizes",6,19,354247,165589,8683,351,18244,"",1.95,1.22,1.41,1.49,1.43,1.13,1.13,"",1,20.0,2,11.8,25303,7.7,-3297,-2.0,2313,36.3,-25,-6.6,-1297,-6.6
"42047","5","446","75","0","2010","A","","Elk County, Pennsylvania","Private","Health and personal care stores","County, NAICS 3-digit -- by ownership sector","All establishment sizes",8,144,3498979,1001873,31162,467,24298,"",0.74,1.29,1.22,1.19,0.72,0.95,0.95,"",0,0.0,7,5.1,-14546,-0.4,26981,2.8,5434,21.1,-26,-5.3,-1348,-5.3
"42047","5","4461","76","0","2010","A","","Elk County, Pennsylvania","Private","Health and personal care stores","County, NAICS 4-digit -- by ownership sector","All establishment sizes",8,144,3498979,1001873,31162,467,24298,"",0.74,1.29,1.22,1.19,0.72,0.95,0.95,"",0,0.0,7,5.1,-14546,-0.4,26981,2.8,5434,21.1,-26,-5.3,-1348,-5.3
"42047","5","44611","77","0","2010","A","","Elk County, Pennsylvania","Private","Pharmacies and drug stores","County, NAICS 5-digit -- by ownership sector","All establishment sizes",6,132,3371434,941391,26963,493,25638,"",0.98,1.63,1.55,1.53,0.92,0.96,0.96,"",0,0.0,6,4.8,-18133,-0.5,23422,2.6,5010,22.8,-26,-5.0,-1371,-5.1
"42047","5","446110","78","0","2010","A","","Elk County, Pennsylvania","Private","Pharmacies and drug stores","County, NAICS 6-digit -- by ownership sector","All establishment sizes",6,132,3371434,941391,26963,493,25638,"",0.98,1.63,1.55,1.53,0.92,0.96,0.96,"",0,0.0,6,4.8,-18133,-0.5,23422,2.6,5010,22.8,-26,-5.0,-1371,-5.1
"42047","5","44613","77","0","2010","A","N","Elk County, Pennsylvania","Private","Optical goods stores","County, NAICS 5-digit -- by ownership sector","All establishment sizes",1,0,0,0,0,0,0,"N",0.76,0,0,0,0,0,0,"N",0,0.0,0,0,0,0,0,0,0,0,0,0,0,0
"42047","5","446130","78","0","2010","A","N","Elk County, Pennsylvania","Private","Optical goods stores","County, NAICS 6-digit -- by ownership sector","All establishment sizes",1,0,0,0,0,0,0,"N",0.76,0,0,0,0,0,0,"N",0,0.0,0,0,0,0,0,0,0,0,0,0,0,0
"42047","5","44619","77","0","2010","A","N","Elk County, Pennsylvania","Private","Other health and personal care stores","County, NAICS 5-digit -- by ownership sector","All establishment sizes",1,0,0,0,0,0,0,"N",0.51,0,0,0,0,0,0,"N",0,0.0,0,0,0,0,0,0,0,0,0,0,0,0
"42047","5","446191","78","0","2010","A","N","Elk County, Pennsylvania","Private","Food, health, supplement stores","County, NAICS 6-digit -- by ownership sector","All establishment sizes",1,0,0,0,0,0,0,"N",1.08,0,0,0,0,0,0,"N",0,0.0,0,0,0,0,0,0,0,0,0,0,0,0
"42047","5","447","75","0","2010","A","","Elk County, Pennsylvania","Private","Gasoline stations","County, NAICS 3-digit -- by ownership sector","All establishment sizes",16,198,2715166,1327439,44577,264,13742,"",1.37,2.12,2.10,1.98,1.30,0.99,0.99,"",2,14.3,24,13.8,354031,15.0,152053,12.9,11559,35.0,4,1.5,205,1.5
"42047","5","4471","76","0","2010","A","","Elk County, Pennsylvania","Private","Gasoline stations","County, NAICS 4-digit -- by ownership sector","All establishment sizes",16,198,2715166,1327439,44577,264,13742,"",1.37,2.12,2.10,1.98,1.30,0.99,0.99,"",2,14.3,24,13.8,354031,15.0,152053,12.9,11559,35.0,4,1.5,205,1.5
"42047","5","44711","77","0","2010","A","","Elk County, Pennsylvania","Private","Gasoline stations with convenience stores","County, NAICS 5-digit -- by ownership sector","All establishment sizes",16,198,2715166,1327439,44577,264,13742,"",1.57,2.41,2.45,2.29,1.53,1.02,1.02,"",2,14.3,24,13.8,354031,15.0,152053,12.9,11559,35.0,4,1.5,205,1.5
"42047","5","447110","78","0","2010","A","","Elk County, Pennsylvania","Private","Gasoline stations with convenience stores","County, NAICS 6-digit -- by ownership sector","All establishment sizes",16,198,2715166,1327439,44577,264,13742,"",1.57,2.41,2.45,2.29,1.53,1.02,1.02,"",2,14.3,24,13.8,354031,15.0,152053,12.9,11559,35.0,4,1.5,205,1.5
"42047","5","448","75","0","2010","A","","Elk County, Pennsylvania","Private","Clothing and clothing accessories stores","County, NAICS 3-digit -- by ownership sector","All establishment sizes",8,30,583058,236830,9969,375,19489,"",0.55,0.19,0.27,0.24,0.17,1.41,1.41,"",1,14.3,4,15.4,78857,15.6,37280,18.7,4110,70.1,3,0.8,159,0.8
"42047","5","4481","76","0","2010","A","","Elk County, Pennsylvania","Private","Clothing stores","County, NAICS 4-digit -- by ownership sector","All establishment sizes",6,21,471071,197487,9089,433,22521,"",0.64,0.17,0.31,0.28,0.21,1.80,1.80,"",1,20.0,3,16.7,87408,22.8,53941,37.6,4259,88.2,32,8.0,1689,8.1
"42047","5","44812","77","0","2010","A","N","Elk County, Pennsylvania","Private","Women's clothing stores","County, NAICS 5-digit -- by ownership sector","All establishment sizes",2,0,0,0,0,0,0,"N",0.67,0,0,0,0,0,0,"N",1,100.0,0,0,0,0,0,0,0,0,0,0,0,0
"42047","5","448120","78","0","2010","A","N","Elk County, Pennsylvania","Private","Women's clothing stores","County, NAICS 6-digit -- by ownership sector","All establishment sizes",2,0,0,0,0,0,0,"N",0.67,0,0,0,0,0,0,"N",1,100.0,0,0,0,0,0,0,0,0,0,0,0,0
"42047","5","44814","77","0","2010","A","N","Elk County, Pennsylvania","Private","Family clothing stores","County, NAICS 5-digit -- by ownership sector","All establishment sizes",3,0,0,0,0,0,0,"N",1.12,0,0,0,0,0,0,"N",0,0.0,0,0,0,0,0,0,0,0,0,0,0,0
"42047","5","448140","78","0","2010","A","N","Elk County, Pennsylvania","Private","Family clothing stores","County, NAICS 6-digit -- by ownership sector","All establishment sizes",3,0,0,0,0,0,0,"N",1.12,0,0,0,0,0,0,"N",0,0.0,0,0,0,0,0,0,0,0,0,0,0,0
"42047","5","44819","77","0","2010","A","N","Elk County, Pennsylvania","Private","Other clothing stores","County, NAICS 5-digit -- by ownership sector","All establishment sizes",1,0,0,0,0,0,0,"N",0.69,0,0,0,0,0,0,"N",0,0.0,0,0,0,0,0,0,0,0,0,0,0,0
"42047","5","448190","78","0","2010","A","N","Elk County, Pennsylvania","Private","Other clothing stores","County, NAICS 6-digit -- by ownership sector","All establishment sizes",1,0,0,0,0,0,0,"N",0.69,0,0,0,0,0,0,"N",0,0.0,0,0,0,0,0,0,0,0,0,0,0,0
"42047","5","4482","76","0","2010","A","N","Elk County, Pennsylvania","Private","Shoe stores","County, NAICS 4-digit -- by ownership sector","All establishment sizes",1,0,0,0,0,0,0,"N",0.41,0,0,0,0,0,0,"N",0,0.0,0,0,0,0,0,0,0,0,0,0,0,0
"42047","5","44821","77","0","2010","A","N","Elk County, Pennsylvania","Private","Shoe stores","County, NAICS 5-digit -- by ownership sector","All establishment sizes",1,0,0,0,0,0,0,"N",0.41,0,0,0,0,0,0,"N",0,0.0,0,0,0,0,0,0,0,0,0,0,0,0
"42047","5","448210","78","0","2010","A","N","Elk County, Pennsylvania","Private","Shoe stores","County, NAICS 6-digit -- by ownership sector","All establishment sizes",1,0,0,0,0,0,0,"N",0.41,0,0,0,0,0,0,"N",0,0.0,0,0,0,0,0,0,0,0,0,0,0,0
"42047","5","4483","76","0","2010","A","N","Elk County, Pennsylvania","Private","Jewelry, luggage, and leather goods stores","County, NAICS 4-digit -- by ownership sector","All establishment sizes",1,0,0,0,0,0,0,"N",0.37,0,0,0,0,0,0,"N",0,0.0,0,0,0,0,0,0,0,0,0,0,0,0
"42047","5","44831","77","0","2010","A","N","Elk County, Pennsylvania","Private","Jewelry stores","County, NAICS 5-digit -- by ownership sector","All establishment sizes",1,0,0,0,0,0,0,"N",0.39,0,0,0,0,0,0,"N",0,0.0,0,0,0,0,0,0,0,0,0,0,0,0
"42047","5","448310","78","0","2010","A","N","Elk County, Pennsylvania","Private","Jewelry stores","County, NAICS 6-digit -- by ownership sector","All establishment sizes",1,0,0,0,0,0,0,"N",0.39,0,0,0,0,0,0,"N",0,0.0,0,0,0,0,0,0,0,0,0,0,0,0
"42047","5","451","75","0","2010","A","","Elk County, Pennsylvania","Private","Sporting goods, hobby, book and music stores","County, NAICS 3-digit -- by ownership sector","All establishment sizes",6,32,374576,209194,7468,223,11585,"",0.92,0.46,0.39,0.46,0.30,0.84,0.84,"",0,0.0,-7,-17.9,-8072,-2.1,-37438,-15.2,-378,-4.8,32,16.8,1646,16.6
"42047","5","4511","76","0","2010","A","","Elk County, Pennsylvania","Private","Sporting goods and musical instrument stores","County, NAICS 4-digit -- by ownership sector","All establishment sizes",6,32,374576,209194,7468,223,11585,"",1.21,0.61,0.51,0.60,0.39,0.83,0.83,"N",1,20.0,0,0,0,0,0,0,0,0,0,0,0,0
"42047","5","45111","77","0","2010","A","N","Elk County, Pennsylvania","Private","Sporting goods stores","County, NAICS 5-digit -- by ownership sector","All establishment sizes",5,0,0,0,0,0,0,"N",1.93,0,0,0,0,0,0,"N",1,25.0,0,0,0,0,0,0,0,0,0,0,0,0
"42047","5","451110","78","0","2010","A","N","Elk County, Pennsylvania","Private","Sporting goods stores","County, NAICS 6-digit -- by ownership sector","All establishment sizes",5,0,0,0,0,0,0,"N",1.93,0,0,0,0,0,0,"N",1,25.0,0,0,0,0,0,0,0,0,0,0,0,0
"42047","5","45114","77","0","2010","A","N","Elk County, Pennsylvania","Private","Musical instrument and supplies stores","County, NAICS 5-digit -- by ownership sector","All establishment sizes",1,0,0,0,0,0,0,"N",2.22,0,0,0,0,0,0,"N",0,0.0,0,0,0,0,0,0,0,0,0,0,0,0
"42047","5","451140","78","0","2010","A","N","Elk County, Pennsylvania","Private","Musical instrument and supplies stores","County, NAICS 6-digit -- by ownership sector","All establishment sizes",1,0,0,0,0,0,0,"N",2.22,0,0,0,0,0,0,"N",0,0.0,0,0,0,0,0,0,0,0,0,0,0,0
"42047","5","452","75","0","2010","A","","Elk County, Pennsylvania","Private","General merchandise stores","County, NAICS 3-digit -- by ownership sector","All establishment sizes",7,369,8033501,2997696,144526,419,21796,"",1.19,1.08,1.49,1.23,1.19,1.38,1.38,"",0,0.0,-10,-2.6,13798,0.2,24884,0.8,27421,23.4,12,2.9,627,3.0
"42047","5","4521","76","0","2010","A","N","Elk County, Pennsylvania","Private","Department stores","County, NAICS 4-digit -- by ownership sector","All establishment sizes",2,0,0,0,0,0,0,"N",1.36,0,0,0,0,0,0,"N",0,0.0,0,0,0,0,0,0,0,0,0,0,0,0
"42047","5","45211","77","0","2010","A","N","Elk County, Pennsylvania","Private","Department stores","County, NAICS 5-digit -- by ownership sector","All establishment sizes",2,0,0,0,0,0,0,"N",1.36,0,0,0,0,0,0,"N",0,0.0,0,0,0,0,0,0,0,0,0,0,0,0
"42047","5","452111","78","0","2010","A","N","Elk County, Pennsylvania","Private","Department stores, except discount","County, NAICS 6-digit -- by ownership sector","All establishment sizes",2,0,0,0,0,0,0,"N",3.67,0,0,0,0,0,0,"N",0,0.0,0,0,0,0,0,0,0,0,0,0,0,0
"42047","5","4529","76","0","2010","A","N","Elk County, Pennsylvania","Private","Other general merchandise stores","County, NAICS 4-digit -- by ownership sector","All establishment sizes",5,0,0,0,0,0,0,"N",1.13,0,0,0,0,0,0,"N",0,0.0,0,0,0,0,0,0,0,0,0,0,0,0
"42047","5","45291","77","0","2010","A","N","Elk County, Pennsylvania","Private","Warehouse clubs and supercenters","County, NAICS 5-digit -- by ownership sector","All establishment sizes",1,0,0,0,0,0,0,"N",1.91,0,0,0,0,0,0,"N",0,0.0,0,0,0,0,0,0,0,0,0,0,0,0
"42047","5","452910","78","0","2010","A","N","Elk County, Pennsylvania","Private","Warehouse clubs and supercenters","County, NAICS 6-digit -- by ownership sector","All establishment sizes",1,0,0,0,0,0,0,"N",1.91,0,0,0,0,0,0,"N",0,0.0,0,0,0,0,0,0,0,0,0,0,0,0
"42047","5","45299","77","0","2010","A","","Elk County, Pennsylvania","Private","All other general merchandise stores","County, NAICS 5-digit -- by ownership sector","All establishment sizes",4,30,390121,209832,9788,254,13224,"",1.03,0.76,0.76,0.80,0.65,1.02,1.02,"",0,0.0,1,3.4,25061,6.9,14382,7.4,1614,19.7,8,3.3,452,3.5
"42047","5","452990","78","0","2010","A","","Elk County, Pennsylvania","Private","All other general merchandise stores","County, NAICS 6-digit -- by ownership sector","All establishment sizes",4,30,390121,209832,9788,254,13224,"",1.03,0.76,0.76,0.80,0.65,1.02,1.02,"",0,0.0,1,3.4,25061,6.9,14382,7.4,1614,19.7,8,3.3,452,3.5
"42047","5","453","75","0","2010","A","","Elk County, Pennsylvania","Private","Miscellaneous store retailers","County, NAICS 3-digit -- by ownership sector","All establishment sizes",12,63,593347,278124,13167,183,9494,"",0.93,0.72,0.39,0.46,0.35,0.55,0.55,"",0,0.0,-5,-7.4,-18920,-3.1,-1329,-0.5,2151,19.5,9,5.2,423,4.7
"42047","5","4531","76","0","2010","A","","Elk County, Pennsylvania","Private","Florists","County, NAICS 4-digit -- by ownership sector","All establishment sizes",4,17,180347,106549,4594,203,10557,"",2.16,2.21,1.84,2.08,1.76,0.83,0.82,"",0,0.0,-2,-10.5,-9143,-4.8,-7247,-6.4,970,26.8,15,8.0,798,8.2
"42047","5","45311","77","0","2010","A","","Elk County, Pennsylvania","Private","Florists","County, NAICS 5-digit -- by ownership sector","All establishment sizes",4,17,180347,106549,4594,203,10557,"",2.16,2.21,1.84,2.08,1.76,0.83,0.82,"",0,0.0,-2,-10.5,-9143,-4.8,-7247,-6.4,970,26.8,15,8.0,798,8.2
"42047","5","453110","78","0","2010","A","","Elk County, Pennsylvania","Private","Florists","County, NAICS 6-digit -- by ownership sector","All establishment sizes",4,17,180347,106549,4594,203,10557,"",2.16,2.21,1.84,2.08,1.76,0.83,0.82,"",0,0.0,-2,-10.5,-9143,-4.8,-7247,-6.4,970,26.8,15,8.0,798,8.2
"42047","5","4532","76","0","2010","A","N","Elk County, Pennsylvania","Private","Office supplies, stationery, and gift stores","County, NAICS 4-digit -- by ownership sector","All establishment sizes",2,0,0,0,0,0,0,"N",0.49,0,0,0,0,0,0,"N",0,0.0,0,0,0,0,0,0,0,0,0,0,0,0
"42047","5","45322","77","0","2010","A","N","Elk County, Pennsylvania","Private","Gift, novelty, and souvenir stores","County, NAICS 5-digit -- by ownership sector","All establishment sizes",2,0,0,0,0,0,0,"N",0.69,0,0,0,0,0,0,"N",0,0.0,0,0,0,0,0,0,0,0,0,0,0,0
"42047","5","453220","78","0","2010","A","N","Elk County, Pennsylvania","Private","Gift, novelty, and souvenir stores","County, NAICS 6-digit -- by ownership sector","All establishment sizes",2,0,0,0,0,0,0,"N",0.69,0,0,0,0,0,0,"N",0,0.0,0,0,0,0,0,0,0,0,0,0,0,0
"42047","5","4533","76","0","2010","A","","Elk County, Pennsylvania","Private","Used merchandise stores","County, NAICS 4-digit -- by ownership sector","All establishment sizes",4,23,202499,31022,1780,171,8869,"",2.20,1.61,1.00,0.41,0.42,0.63,0.63,"N",0,0.0,0,0,0,0,0,0,0,0,0,0,0,0
"42047","5","45331","77","0","2010","A","","Elk County, Pennsylvania","Private","Used merchandise stores","County, NAICS 5-digit -- by ownership sector","All establishment sizes",4,23,202499,31022,1780,171,8869,"",2.20,1.61,1.00,0.41,0.42,0.63,0.63,"N",0,0.0,0,0,0,0,0,0,0,0,0,0,0,0
"42047","5","453310","78","0","2010","A","","Elk County, Pennsylvania","Private","Used merchandise stores","County, NAICS 6-digit -- by ownership sector","All establishment sizes",4,23,202499,31022,1780,171,8869,"",2.20,1.61,1.00,0.41,0.42,0.63,0.63,"N",0,0.0,0,0,0,0,0,0,0,0,0,0,0,0
"42047","5","4539","76","0","2010","A","N","Elk County, Pennsylvania","Private","Other miscellaneous store retailers","County, NAICS 4-digit -- by ownership sector","All establishment sizes",2,0,0,0,0,0,0,"N",0.39,0,0,0,0,0,0,"N",0,0.0,0,0,0,0,0,0,0,0,0,0,0,0
"42047","5","45399","77","0","2010","A","N","Elk County, Pennsylvania","Private","All other miscellaneous store retailers","County, NAICS 5-digit -- by ownership sector","All establishment sizes",2,0,0,0,0,0,0,"N",0.63,0,0,0,0,0,0,"N",0,0.0,0,0,0,0,0,0,0,0,0,0,0,0
"42047","5","453991","78","0","2010","A","N","Elk County, Pennsylvania","Private","Tobacco stores","County, NAICS 6-digit -- by ownership sector","All establishment sizes",1,0,0,0,0,0,0,"N",1.55,0,0,0,0,0,0,"N",0,0.0,0,0,0,0,0,0,0,0,0,0,0,0
"42047","5","453998","78","0","2010","A","N","Elk County, Pennsylvania","Private","Store retailers not specified elsewhere","County, NAICS 6-digit -- by ownership sector","All establishment sizes",1,0,0,0,0,0,0,"N",0.40,0,0,0,0,0,0,"N",0,0.0,0,0,0,0,0,0,0,0,0,0,0,0
"42047","5","454","75","0","2010","A","","Elk County, Pennsylvania","Private","Nonstore retailers","County, NAICS 3-digit -- by ownership sector","All establishment sizes",3,16,401118,136476,10956,475,24684,"",0.70,0.34,0.25,0.30,0.31,0.73,0.73,"N",-1,-25.0,0,0,0,0,0,0,0,0,0,0,0,0
"42047","5","4542","76","0","2010","A","N","Elk County, Pennsylvania","Private","Vending machine operators","County, NAICS 4-digit -- by ownership sector","All establishment sizes",1,0,0,0,0,0,0,"N",1.89,0,0,0,0,0,0,"N",-1,-50.0,0,0,0,0,0,0,0,0,0,0,0,0
"42047","5","45421","77","0","2010","A","N","Elk County, Pennsylvania","Private","Vending machine operators","County, NAICS 5-digit -- by ownership sector","All establishment sizes",1,0,0,0,0,0,0,"N",1.89,0,0,0,0,0,0,"N",-1,-50.0,0,0,0,0,0,0,0,0,0,0,0,0
"42047","5","454210","78","0","2010","A","N","Elk County, Pennsylvania","Private","Vending machine operators","County, NAICS 6-digit -- by ownership sector","All establishment sizes",1,0,0,0,0,0,0,"N",1.89,0,0,0,0,0,0,"N",-1,-50.0,0,0,0,0,0,0,0,0,0,0,0,0
"42047","5","4543","76","0","2010","A","N","Elk County, Pennsylvania","Private","Direct selling establishments","County, NAICS 4-digit -- by ownership sector","All establishment sizes",2,0,0,0,0,0,0,"N",1.04,0,0,0,0,0,0,"N",0,0.0,0,0,0,0,0,0,0,0,0,0,0,0
"42047","5","45431","77","0","2010","A","N","Elk County, Pennsylvania","Private","Fuel dealers","County, NAICS 5-digit -- by ownership sector","All establishment sizes",2,0,0,0,0,0,0,"N",1.95,0,0,0,0,0,0,"N",0,0.0,0,0,0,0,0,0,0,0,0,0,0,0
"42047","5","454311","78","0","2010","A","N","Elk County, Pennsylvania","Private","Heating oil dealers","County, NAICS 6-digit -- by ownership sector","All establishment sizes",2,0,0,0,0,0,0,"N",4.53,0,0,0,0,0,0,"N",0,0.0,0,0,0,0,0,0,0,0,0,0,0,0
"42047","5","48-49","74","0","2010","A","","Elk County, Pennsylvania","Private","Transportation and warehousing","County, NAICS Sector -- by ownership sector","All establishment sizes",37,329,8531310,2936009,185113,498,25911,"",1.53,0.73,0.58,0.70,0.61,0.79,0.79,"",0,0.0,-11,-3.2,-303279,-3.4,-202547,-6.5,5003,2.8,-2,-0.4,-67,-0.3
"42047","5","484","75","0","2010","A","","Elk County, Pennsylvania","Private","Truck transportation","County, NAICS 3-digit -- by ownership sector","All establishment sizes",26,199,6192743,1991106,110735,599,31172,"",2.10,1.40,1.40,1.39,1.02,1.00,1.01,"",0,0.0,-9,-4.3,-387337,-5.9,-195909,-9.0,-4695,-4.1,-10,-1.6,-514,-1.6
"42047","5","4841","76","0","2010","A","","Elk County, Pennsylvania","Private","General freight trucking","County, NAICS 4-digit -- by ownership sector","All establishment sizes",18,180,5642753,1798933,94327,604,31407,"",2.45,1.82,1.81,1.80,1.30,1.00,1.00,"",1,5.9,-9,-4.8,-365510,-6.1,-233073,-11.5,-8535,-8.3,-8,-1.3,-439,-1.4
"42047","5","48411","77","0","2010","A","","Elk County, Pennsylvania","Private","General freight trucking, local","County, NAICS 5-digit -- by ownership sector","All establishment sizes",6,61,1219235,498905,21956,385,20015,"",1.91,2.63,1.73,2.11,1.12,0.66,0.66,"",0,0.0,16,35.6,265600,27.9,84750,20.5,6040,37.9,-23,-5.6,-1216,-5.7
"42047","5","484110","78","0","2010","A","","Elk County, Pennsylvania","Private","General freight trucking, local","County, NAICS 6-digit -- by ownership sector","All establishment sizes",6,61,1219235,498905,21956,385,20015,"",1.91,2.63,1.73,2.11,1.12,0.66,0.66,"",0,0.0,16,35.6,265600,27.9,84750,20.5,6040,37.9,-23,-5.6,-1216,-5.7
"42047","5","48412","77","0","2010","A","","Elk County, Pennsylvania","Private","General freight trucking, long-distance","County, NAICS 5-digit -- by ownership sector","All establishment sizes",12,119,4423518,1300028,72371,716,37251,"",2.85,1.57,1.83,1.71,1.36,1.17,1.17,"",1,9.1,-25,-17.4,-631110,-12.5,-317823,-19.6,-14575,-16.8,40,5.9,2088,5.9
"42047","5","484121","78","0","2010","A","N","Elk County, Pennsylvania","Private","General freight trucking, long-distance tl","County, NAICS 6-digit -- by ownership sector","All establishment sizes",11,0,0,0,0,0,0,"N",3.21,0,0,0,0,0,0,"N",1,10.0,0,0,0,0,0,0,0,0,0,0,0,0
"42047","5","484122","78","0","2010","A","N","Elk County, Pennsylvania","Private","General freight trucking, long-distance ltl","County, NAICS 6-digit -- by ownership sector","All establishment sizes",1,0,0,0,0,0,0,"N",1.29,0,0,0,0,0,0,"N",0,0.0,0,0,0,0,0,0,0,0,0,0,0,0
"42047","5","4842","76","0","2010","A","","Elk County, Pennsylvania","Private","Specialized freight trucking","County, NAICS 4-digit -- by ownership sector","All establishment sizes",8,19,549990,192173,16408,557,28947,"",1.60,0.44,0.42,0.44,0.46,0.97,0.97,"",-1,-11.1,0,0.0,-21827,-3.8,37164,24.0,3840,30.6,-22,-3.8,-1149,-3.8
"42047","5","48421","77","0","2010","A","N","Elk County, Pennsylvania","Private","Used household and office goods moving","County, NAICS 5-digit -- by ownership sector","All establishment sizes",1,0,0,0,0,0,0,"N",1.22,0,0,0,0,0,0,"N",0,0.0,0,0,0,0,0,0,0,0,0,0,0,0
"42047","5","484210","78","0","2010","A","N","Elk County, Pennsylvania","Private","Used household and office goods moving","County, NAICS 6-digit -- by ownership sector","All establishment sizes",1,0,0,0,0,0,0,"N",1.22,0,0,0,0,0,0,"N",0,0.0,0,0,0,0,0,0,0,0,0,0,0,0
"42047","5","48422","77","0","2010","A","","Elk County, Pennsylvania","Private","Other specialized trucking, local","County, NAICS 5-digit -- by ownership sector","All establishment sizes",6,12,287146,100966,7837,467,24266,"",1.88,0.56,0.45,0.46,0.38,0.81,0.81,"",-1,-14.3,0,0.0,-35305,-10.9,14893,17.3,1546,24.6,-36,-7.2,-1879,-7.2
"42047","5","484220","78","0","2010","A","","Elk County, Pennsylvania","Private","Other specialized trucking, local","County, NAICS 6-digit -- by ownership sector","All establishment sizes",6,12,287146,100966,7837,467,24266,"",1.88,0.56,0.45,0.46,0.38,0.81,0.81,"",-1,-14.3,0,0.0,-35305,-10.9,14893,17.3,1546,24.6,-36,-7.2,-1879,-7.2
"42047","5","48423","77","0","2010","A","N","Elk County, Pennsylvania","Private","Other specialized trucking, long-distance","County, NAICS 5-digit -- by ownership sector","All establishment sizes",1,0,0,0,0,0,0,"N",1.00,0,0,0,0,0,0,"N",0,0.0,0,0,0,0,0,0,0,0,0,0,0,0
"42047","5","484230","78","0","2010","A","N","Elk County, Pennsylvania","Private","Other specialized trucking, long-distance","County, NAICS 6-digit -- by ownership sector","All establishment sizes",1,0,0,0,0,0,0,"N",1.00,0,0,0,0,0,0,"N",0,0.0,0,0,0,0,0,0,0,0,0,0,0,0
"42047","5","485","75","0","2010","A","","Elk County, Pennsylvania","Private","Transit and ground passenger transportation","County, NAICS 3-digit -- by ownership sector","All establishment sizes",4,98,957515,721959,67667,188,9779,"",1.93,2.05,1.06,1.79,1.50,0.52,0.52,"",0,0.0,-1,-1.0,-13974,-1.4,-18967,-2.6,7839,13.1,0,0.0,-9,-0.1
"42047","5","4854","76","0","2010","A","","Elk County, Pennsylvania","Private","School and employee bus transportation","County, NAICS 4-digit -- by ownership sector","All establishment sizes",4,98,957515,721959,67667,188,9779,"",7.98,4.71,2.97,4.15,2.45,0.63,0.63,"",0,0.0,-1,-1.0,-13974,-1.4,-18967,-2.6,7839,13.1,0,0.0,-9,-0.1
"42047","5","48541","77","0","2010","A","","Elk County, Pennsylvania","Private","School and employee bus transportation","County, NAICS 5-digit -- by ownership sector","All establishment sizes",4,98,957515,721959,67667,188,9779,"",7.98,4.71,2.97,4.15,2.45,0.63,0.63,"",0,0.0,-1,-1.0,-13974,-1.4,-18967,-2.6,7839,13.1,0,0.0,-9,-0.1
"42047","5","485410","78","0","2010","A","","Elk County, Pennsylvania","Private","School and employee bus transportation","County, NAICS 6-digit -- by ownership sector","All establishment sizes",4,98,957515,721959,67667,188,9779,"",7.98,4.71,2.97,4.15,2.45,0.63,0.63,"",0,0.0,-1,-1.0,-13974,-1.4,-18967,-2.6,7839,13.1,0,0.0,-9,-0.1
"42047","5","486","75","0","2010","A","N","Elk County, Pennsylvania","Private","Pipeline transportation","County, NAICS 3-digit -- by ownership sector","All establishment sizes",3,0,0,0,0,0,0,"N",10.49,0,0,0,0,0,0,"N",0,0.0,0,0,0,0,0,0,0,0,0,0,0,0
"42047","5","4862","76","0","2010","A","N","Elk County, Pennsylvania","Private","Pipeline transportation of natural gas","County, NAICS 4-digit -- by ownership sector","All establishment sizes",3,0,0,0,0,0,0,"N",17.06,0,0,0,0,0,0,"N",0,0.0,0,0,0,0,0,0,0,0,0,0,0,0
"42047","5","48621","77","0","2010","A","N","Elk County, Pennsylvania","Private","Pipeline transportation of natural gas","County, NAICS 5-digit -- by ownership sector","All establishment sizes",3,0,0,0,0,0,0,"N",17.06,0,0,0,0,0,0,"N",0,0.0,0,0,0,0,0,0,0,0,0,0,0,0
"42047","5","486210","78","0","2010","A","N","Elk County, Pennsylvania","Private","Pipeline transportation of natural gas","County, NAICS 6-digit -- by ownership sector","All establishment sizes",3,0,0,0,0,0,0,"N",17.06,0,0,0,0,0,0,"N",0,0.0,0,0,0,0,0,0,0,0,0,0,0,0
"42047","5","488","75","0","2010","A","N","Elk County, Pennsylvania","Private","Support activities for transportation","County, NAICS 3-digit -- by ownership sector","All establishment sizes",2,0,0,0,0,0,0,"N",0.43,0,0,0,0,0,0,"N",0,0.0,0,0,0,0,0,0,0,0,0,0,0,0
"42047","5","4881","76","0","2010","A","N","Elk County, Pennsylvania","Private","Support activities for air transportation","County, NAICS 4-digit -- by ownership sector","All establishment sizes",2,0,0,0,0,0,0,"N",2.66,0,0,0,0,0,0,"N",0,0.0,0,0,0,0,0,0,0,0,0,0,0,0
"42047","5","48811","77","0","2010","A","N","Elk County, Pennsylvania","Private","Airport operations","County, NAICS 5-digit -- by ownership sector","All establishment sizes",1,0,0,0,0,0,0,"N",4.82,0,0,0,0,0,0,"N",0,0.0,0,0,0,0,0,0,0,0,0,0,0,0
"42047","5","488119","78","0","2010","A","N","Elk County, Pennsylvania","Private","Other airport operations","County, NAICS 6-digit -- by ownership sector","All establishment sizes",1,0,0,0,0,0,0,"N",5.45,0,0,0,0,0,0,"N",0,0.0,0,0,0,0,0,0,0,0,0,0,0,0
"42047","5","48819","77","0","2010","A","N","Elk County, Pennsylvania","Private","Other support activities for air transport.","County, NAICS 5-digit -- by ownership sector","All establishment sizes",1,0,0,0,0,0,0,"N",1.84,0,0,0,0,0,0,"N",0,0.0,0,0,0,0,0,0,0,0,0,0,0,0
"42047","5","488190","78","0","2010","A","N","Elk County, Pennsylvania","Private","Other support activities for air transport.","County, NAICS 6-digit -- by ownership sector","All establishment sizes",1,0,0,0,0,0,0,"N",1.84,0,0,0,0,0,0,"N",0,0.0,0,0,0,0,0,0,0,0,0,0,0,0
"42047","5","493","75","0","2010","A","N","Elk County, Pennsylvania","Private","Warehousing and storage","County, NAICS 3-digit -- by ownership sector","All establishment sizes",2,0,0,0,0,0,0,"N",1.18,0,0,0,0,0,0,"N",0,0.0,0,0,0,0,0,0,0,0,0,0,0,0
"42047","5","4931","76","0","2010","A","N","Elk County, Pennsylvania","Private","Warehousing and storage","County, NAICS 4-digit -- by ownership sector","All establishment sizes",2,0,0,0,0,0,0,"N",1.18,0,0,0,0,0,0,"N",0,0.0,0,0,0,0,0,0,0,0,0,0,0,0
"42047","5","49311","77","0","2010","A","N","Elk County, Pennsylvania","Private","General warehousing and storage","County, NAICS 5-digit -- by ownership sector","All establishment sizes",2,0,0,0,0,0,0,"N",1.63,0,0,0,0,0,0,"N",0,0.0,0,0,0,0,0,0,0,0,0,0,0,0
"42047","5","493110","78","0","2010","A","N","Elk County, Pennsylvania","Private","General warehousing and storage","County, NAICS 6-digit -- by ownership sector","All establishment sizes",2,0,0,0,0,0,0,"N",1.63,0,0,0,0,0,0,"N",0,0.0,0,0,0,0,0,0,0,0,0,0,0,0
"42047","5","51","74","0","2010","A","","Elk County, Pennsylvania","Private","Information","County, NAICS Sector -- by ownership sector","All establishment sizes",14,127,3273851,832868,39789,497,25846,"",0.87,0.41,0.19,0.28,0.17,0.47,0.47,"",0,0.0,-6,-4.5,-10132,-0.3,-32723,-3.8,2101,5.6,21,4.4,1092,4.4
"42047","5","511","75","0","2010","A","","Elk County, Pennsylvania","Private","Publishing industries, except internet","County, NAICS 3-digit -- by ownership sector","All establishment sizes",4,51,1498415,483142,20989,571,29672,"",1.03,0.59,0.30,0.53,0.31,0.51,0.50,"N",0,0.0,0,0,0,0,0,0,0,0,0,0,0,0
"42047","5","5111","76","0","2010","A","N","Elk County, Pennsylvania","Private","Newspaper, book, and directory publishers","County, NAICS 4-digit -- by ownership sector","All establishment sizes",3,0,0,0,0,0,0,"N",1.12,0,0,0,0,0,0,"N",0,0.0,0,0,0,0,0,0,0,0,0,0,0,0
"42047","5","51111","77","0","2010","A","N","Elk County, Pennsylvania","Private","Newspaper publishers","County, NAICS 5-digit -- by ownership sector","All establishment sizes",3,0,0,0,0,0,0,"N",3.14,0,0,0,0,0,0,"N",0,0.0,0,0,0,0,0,0,0,0,0,0,0,0
"42047","5","511110","78","0","2010","A","N","Elk County, Pennsylvania","Private","Newspaper publishers","County, NAICS 6-digit -- by ownership sector","All establishment sizes",3,0,0,0,0,0,0,"N",3.14,0,0,0,0,0,0,"N",0,0.0,0,0,0,0,0,0,0,0,0,0,0,0
"42047","5","5112","76","0","2010","A","N","Elk County, Pennsylvania","Private","Software publishers","County, NAICS 4-digit -- by ownership sector","All establishment sizes",1,0,0,0,0,0,0,"N",0.84,0,0,0,0,0,0,"N",0,0.0,0,0,0,0,0,0,0,0,0,0,0,0
"42047","5","51121","77","0","2010","A","N","Elk County, Pennsylvania","Private","Software publishers","County, NAICS 5-digit -- by ownership sector","All establishment sizes",1,0,0,0,0,0,0,"N",0.84,0,0,0,0,0,0,"N",0,0.0,0,0,0,0,0,0,0,0,0,0,0,0
"42047","5","511210","78","0","2010","A","N","Elk County, Pennsylvania","Private","Software publishers","County, NAICS 6-digit -- by ownership sector","All establishment sizes",1,0,0,0,0,0,0,"N",0.84,0,0,0,0,0,0,"N",0,0.0,0,0,0,0,0,0,0,0,0,0,0,0
"42047","5","515","75","0","2010","A","N","Elk County, Pennsylvania","Private","Broadcasting, except internet","County, NAICS 3-digit -- by ownership sector","All establishment sizes",3,0,0,0,0,0,0,"N",2.71,0,0,0,0,0,0,"N",0,0.0,0,0,0,0,0,0,0,0,0,0,0,0
"42047","5","5151","76","0","2010","A","N","Elk County, Pennsylvania","Private","Radio and television broadcasting","County, NAICS 4-digit -- by ownership sector","All establishment sizes",3,0,0,0,0,0,0,"N",3.26,0,0,0,0,0,0,"N",0,0.0,0,0,0,0,0,0,0,0,0,0,0,0
"42047","5","51511","77","0","2010","A","N","Elk County, Pennsylvania","Private","Radio broadcasting","County, NAICS 5-digit -- by ownership sector","All establishment sizes",3,0,0,0,0,0,0,"N",4.74,0,0,0,0,0,0,"N",0,0.0,0,0,0,0,0,0,0,0,0,0,0,0
"42047","5","515112","78","0","2010","A","N","Elk County, Pennsylvania","Private","Radio stations","County, NAICS 6-digit -- by ownership sector","All establishment sizes",3,0,0,0,0,0,0,"N",6.27,0,0,0,0,0,0,"N",0,0.0,0,0,0,0,0,0,0,0,0,0,0,0
"42047","5","517","75","0","2010","A","N","Elk County, Pennsylvania","Private","Telecommunications","County, NAICS 3-digit -- by ownership sector","All establishment sizes",3,0,0,0,0,0,0,"N",0.59,0,0,0,0,0,0,"N",0,0.0,0,0,0,0,0,0,0,0,0,0,0,0
"42047","5","5171","76","0","2010","A","N","Elk County, Pennsylvania","Private","Wired telecommunications carriers","County, NAICS 4-digit -- by ownership sector","All establishment sizes",3,0,0,0,0,0,0,"N",0.99,0,0,0,0,0,0,"N",0,0.0,0,0,0,0,0,0,0,0,0,0,0,0
"42047","5","51711","77","0","2010","A","N","Elk County, Pennsylvania","Private","Wired telecommunications carriers","County, NAICS 5-digit -- by ownership sector","All establishment sizes",3,0,0,0,0,0,0,"N",0.99,0,0,0,0,0,0,"N",0,0.0,0,0,0,0,0,0,0,0,0,0,0,0
"42047","5","517110","78","0","2010","A","N","Elk County, Pennsylvania","Private","Wired telecommunications carriers","County, NAICS 6-digit -- by ownership sector","All establishment sizes",3,0,0,0,0,0,0,"N",0.99,0,0,0,0,0,0,"N",0,0.0,0,0,0,0,0,0,0,0,0,0,0,0
"42047","5","519","75","0","2010","A","","Elk County, Pennsylvania","Private","Other information services","County, NAICS 3-digit -- by ownership sector","All establishment sizes",4,30,220780,41430,963,142,7359,"",2.73,1.86,0.19,0.29,0.08,0.10,0.10,"",0,0.0,-2,-6.2,-23227,-9.5,-3855,-8.5,84,9.6,-4,-2.7,-246,-3.2
"42047","5","5191","76","0","2010","A","","Elk County, Pennsylvania","Private","Other information services","County, NAICS 4-digit -- by ownership sector","All establishment sizes",4,30,220780,41430,963,142,7359,"",2.73,1.86,0.19,0.29,0.08,0.10,0.10,"",0,0.0,-2,-6.2,-23227,-9.5,-3855,-8.5,84,9.6,-4,-2.7,-246,-3.2
"42047","5","51912","77","0","2010","A","","Elk County, Pennsylvania","Private","Libraries and archives","County, NAICS 5-digit -- by ownership sector","All establishment sizes",4,30,220780,41430,963,142,7359,"",16.69,9.44,2.96,3.51,1.20,0.32,0.31,"",0,0.0,-2,-6.2,-23227,-9.5,-3855,-8.5,84,9.6,-4,-2.7,-246,-3.2
"42047","5","519120","78","0","2010","A","","Elk County, Pennsylvania","Private","Libraries and archives","County, NAICS 6-digit -- by ownership sector","All establishment sizes",4,30,220780,41430,963,142,7359,"",16.69,9.44,2.96,3.51,1.20,0.32,0.31,"",0,0.0,-2,-6.2,-23227,-9.5,-3855,-8.5,84,9.6,-4,-2.7,-246,-3.2
"42047","5","52","74","0","2010","A","","Elk County, Pennsylvania","Private","Finance and insurance","County, NAICS Sector -- by ownership sector","All establishment sizes",45,259,10527905,1992251,70421,783,40714,"",0.86,0.41,0.27,0.34,0.18,0.65,0.65,"",0,0.0,0,0.0,168437,1.6,54403,2.8,4436,6.7,15,2.0,755,1.9
"42047","5","522","75","0","2010","A","","Elk County, Pennsylvania","Private","Credit intermediation and related activities","County, NAICS 3-digit -- by ownership sector","All establishment sizes",25,159,4966758,1119603,39241,601,31237,"",1.21,0.55,0.38,0.42,0.22,0.70,0.70,"",0,0.0,1,0.6,1721,0.0,-29152,-2.5,-2544,-6.1,-2,-0.3,-105,-0.3
"42047","5","5221","76","0","2010","A","","Elk County, Pennsylvania","Private","Depository credit intermediation","County, NAICS 4-digit -- by ownership sector","All establishment sizes",21,151,4684610,1059712,36690,598,31093,"",1.72,0.77,0.59,0.60,0.33,0.76,0.76,"",0,0.0,1,0.7,773,0.0,-26007,-2.4,-2336,-6.0,-2,-0.3,-98,-0.3
"42047","5","52211","77","0","2010","A","","Elk County, Pennsylvania","Private","Commercial banking","County, NAICS 5-digit -- by ownership sector","All establishment sizes",12,72,2434128,466156,19918,649,33768,"",1.35,0.49,0.38,0.35,0.23,0.78,0.78,"",0,0.0,0,0.0,-63639,-2.5,-40683,-8.0,-3292,-14.2,-16,-2.4,-803,-2.3
"42047","5","522110","78","0","2010","A","","Elk County, Pennsylvania","Private","Commercial banking","County, NAICS 6-digit -- by ownership sector","All establishment sizes",12,72,2434128,466156,19918,649,33768,"",1.35,0.49,0.38,0.35,0.23,0.78,0.78,"",0,0.0,0,0.0,-63639,-2.5,-40683,-8.0,-3292,-14.2,-16,-2.4,-803,-2.3
"42047","5","52212","77","0","2010","A","N","Elk County, Pennsylvania","Private","Savings institutions","County, NAICS 5-digit -- by ownership sector","All establishment sizes",7,0,0,0,0,0,0,"N",4.74,0,0,0,0,0,0,"N",0,0.0,0,0,0,0,0,0,0,0,0,0,0,0
"42047","5","522120","78","0","2010","A","N","Elk County, Pennsylvania","Private","Savings institutions","County, NAICS 6-digit -- by ownership sector","All establishment sizes",7,0,0,0,0,0,0,"N",4.74,0,0,0,0,0,0,"N",0,0.0,0,0,0,0,0,0,0,0,0,0,0,0
"42047","5","52213","77","0","2010","A","N","Elk County, Pennsylvania","Private","Credit unions","County, NAICS 5-digit -- by ownership sector","All establishment sizes",2,0,0,0,0,0,0,"N",1.16,0,0,0,0,0,0,"N",0,0.0,0,0,0,0,0,0,0,0,0,0,0,0
"42047","5","522130","78","0","2010","A","N","Elk County, Pennsylvania","Private","Credit unions","County, NAICS 6-digit -- by ownership sector","All establishment sizes",2,0,0,0,0,0,0,"N",1.16,0,0,0,0,0,0,"N",0,0.0,0,0,0,0,0,0,0,0,0,0,0,0
"42047","5","5222","76","0","2010","A","","Elk County, Pennsylvania","Private","Nondepository credit intermediation","County, NAICS 4-digit -- by ownership sector","All establishment sizes",4,8,282148,59891,2551,651,33858,"",0.75,0.13,0.08,0.10,0.05,0.61,0.61,"",0,0.0,0,0.0,948,0.3,-3145,-5.0,-208,-7.5,-4,-0.6,-227,-0.7
"42047","5","52229","77","0","2010","A","","Elk County, Pennsylvania","Private","Other nondepository credit intermediation","County, NAICS 5-digit -- by ownership sector","All establishment sizes",4,8,282148,59891,2551,651,33858,"",0.89,0.19,0.13,0.14,0.08,0.67,0.67,"",0,0.0,0,0.0,948,0.3,-3145,-5.0,-208,-7.5,-4,-0.6,-227,-0.7
"42047","5","522291","78","0","2010","A","","Elk County, Pennsylvania","Private","Consumer lending","County, NAICS 6-digit -- by ownership sector","All establishment sizes",4,8,282148,59891,2551,651,33858,"",2.39,0.78,0.74,0.62,0.34,0.91,0.91,"",0,0.0,0,0.0,948,0.3,-3145,-5.0,-208,-7.5,-4,-0.6,-227,-0.7
"42047","5","523","75","0","2010","A","","Elk County, Pennsylvania","Private","Securities, commodity contracts, investments","County, NAICS 3-digit -- by ownership sector","All establishment sizes",3,8,994152,83449,3843,2494,129672,"",0.29,0.09,0.08,0.09,0.05,0.89,0.89,"",0,0.0,0,0.0,152153,18.1,27061,48.0,1746,83.3,405,19.4,21027,19.4
"42047","5","5231","76","0","2010","A","N","Elk County, Pennsylvania","Private","Securities and commodity contracts brokerage","County, NAICS 4-digit -- by ownership sector","All establishment sizes",2,0,0,0,0,0,0,"N",0.49,0,0,0,0,0,0,"N",0,0.0,0,0,0,0,0,0,0,0,0,0,0,0
"42047","5","52311","77","0","2010","A","N","Elk County, Pennsylvania","Private","Investment banking and securities dealing","County, NAICS 5-digit -- by ownership sector","All establishment sizes",1,0,0,0,0,0,0,"N",1.05,0,0,0,0,0,0,"N",0,0.0,0,0,0,0,0,0,0,0,0,0,0,0
"42047","5","523110","78","0","2010","A","N","Elk County, Pennsylvania","Private","Investment banking and securities dealing","County, NAICS 6-digit -- by ownership sector","All establishment sizes",1,0,0,0,0,0,0,"N",1.05,0,0,0,0,0,0,"N",0,0.0,0,0,0,0,0,0,0,0,0,0,0,0
"42047","5","52312","77","0","2010","A","N","Elk County, Pennsylvania","Private","Securities brokerage","County, NAICS 5-digit -- by ownership sector","All establishment sizes",1,0,0,0,0,0,0,"N",0.36,0,0,0,0,0,0,"N",0,0.0,0,0,0,0,0,0,0,0,0,0,0,0
"42047","5","523120","78","0","2010","A","N","Elk County, Pennsylvania","Private","Securities brokerage","County, NAICS 6-digit -- by ownership sector","All establishment sizes",1,0,0,0,0,0,0,"N",0.36,0,0,0,0,0,0,"N",0,0.0,0,0,0,0,0,0,0,0,0,0,0,0
"42047","5","5239","76","0","2010","A","N","Elk County, Pennsylvania","Private","Other financial investment activities","County, NAICS 4-digit -- by ownership sector","All establishment sizes",1,0,0,0,0,0,0,"N",0.16,0,0,0,0,0,0,"N",0,0.0,0,0,0,0,0,0,0,0,0,0,0,0
"42047","5","52393","77","0","2010","A","N","Elk County, Pennsylvania","Private","Investment advice","County, NAICS 5-digit -- by ownership sector","All establishment sizes",1,0,0,0,0,0,0,"N",0.29,0,0,0,0,0,0,"N",0,0.0,0,0,0,0,0,0,0,0,0,0,0,0
"42047","5","523930","78","0","2010","A","N","Elk County, Pennsylvania","Private","Investment advice","County, NAICS 6-digit -- by ownership sector","All establishment sizes",1,0,0,0,0,0,0,"N",0.29,0,0,0,0,0,0,"N",0,0.0,0,0,0,0,0,0,0,0,0,0,0,0
"42047","5","524","75","0","2010","A","","Elk County, Pennsylvania","Private","Insurance carriers and related activities","County, NAICS 3-digit -- by ownership sector","All establishment sizes",17,92,4566995,789199,27337,956,49686,"",0.84,0.40,0.38,0.36,0.20,0.96,0.96,"",0,0.0,-1,-1.1,14563,0.3,56494,7.7,5234,23.7,15,1.6,779,1.6
"42047","5","5241","76","0","2010","A","N","Elk County, Pennsylvania","Private","Insurance carriers","County, NAICS 4-digit -- by ownership sector","All establishment sizes",2,0,0,0,0,0,0,"N",0.52,0,0,0,0,0,0,"N",0,0.0,0,0,0,0,0,0,0,0,0,0,0,0
"42047","5","52411","77","0","2010","A","N","Elk County, Pennsylvania","Private","Direct life and health insurance carriers","County, NAICS 5-digit -- by ownership sector","All establishment sizes",1,0,0,0,0,0,0,"N",0.85,0,0,0,0,0,0,"N",0,0.0,0,0,0,0,0,0,0,0,0,0,0,0
"42047","5","524113","78","0","2010","A","N","Elk County, Pennsylvania","Private","Direct life insurance carriers","County, NAICS 6-digit -- by ownership sector","All establishment sizes",1,0,0,0,0,0,0,"N",1.32,0,0,0,0,0,0,"N",0,0.0,0,0,0,0,0,0,0,0,0,0,0,0
"42047","5","52412","77","0","2010","A","N","Elk County, Pennsylvania","Private","Direct insurers, except life and health","County, NAICS 5-digit -- by ownership sector","All establishment sizes",1,0,0,0,0,0,0,"N",0.38,0,0,0,0,0,0,"N",0,0.0,0,0,0,0,0,0,0,0,0,0,0,0
"42047","5","524126","78","0","2010","A","N","Elk County, Pennsylvania","Private","Direct property and casualty insurers","County, NAICS 6-digit -- by ownership sector","All establishment sizes",1,0,0,0,0,0,0,"N",0.54,0,0,0,0,0,0,"N",0,0.0,0,0,0,0,0,0,0,0,0,0,0,0
"42047","5","5242","76","0","2010","A","N","Elk County, Pennsylvania","Private","Insurance agencies and brokerages","County, NAICS 4-digit -- by ownership sector","All establishment sizes",15,0,0,0,0,0,0,"N",0.91,0,0,0,0,0,0,"N",0,0.0,0,0,0,0,0,0,0,0,0,0,0,0
"42047","5","52421","77","0","2010","A","N","Elk County, Pennsylvania","Private","Insurance agencies and brokerages","County, NAICS 5-digit -- by ownership sector","All establishment sizes",15,0,0,0,0,0,0,"N",1.04,0,0,0,0,0,0,"N",0,0.0,0,0,0,0,0,0,0,0,0,0,0,0
"42047","5","524210","78","0","2010","A","N","Elk County, Pennsylvania","Private","Insurance agencies and brokerages","County, NAICS 6-digit -- by ownership sector","All establishment sizes",15,0,0,0,0,0,0,"N",1.04,0,0,0,0,0,0,"N",0,0.0,0,0,0,0,0,0,0,0,0,0,0,0
"42047","5","53","74","0","2010","A","","Elk County, Pennsylvania","Private","Real estate and rental and leasing","County, NAICS Sector -- by ownership sector","All establishment sizes",13,47,975145,320381,13113,395,20565,"",0.33,0.22,0.14,0.17,0.09,0.64,0.64,"",-2,-13.3,-4,-7.8,18882,2.0,-34375,-9.7,-152,-1.1,36,10.0,1906,10.2
"42047","5","531","75","0","2010","A","","Elk County, Pennsylvania","Private","Real estate","County, NAICS 3-digit -- by ownership sector","All establishment sizes",6,14,258824,89923,2142,353,18378,"",0.18,0.09,0.05,0.07,0.02,0.56,0.56,"",-1,-14.3,-2,-12.5,-13885,-5.1,-9237,-9.3,-307,-12.5,29,9.0,1509,8.9
"42047","5","5311","76","0","2010","A","N","Elk County, Pennsylvania","Private","Lessors of real estate","County, NAICS 4-digit -- by ownership sector","All establishment sizes",0,0,0,0,0,0,0,"N",0.00,0,0,0,0,0,0,"N",-1,-100.0,0,0,0,0,0,0,0,0,0,0,0,0
"42047","5","53111","77","0","2010","A","N","Elk County, Pennsylvania","Private","Lessors of residential buildings","County, NAICS 5-digit -- by ownership sector","All establishment sizes",0,0,0,0,0,0,0,"N",0.00,0,0,0,0,0,0,"N",-1,-100.0,0,0,0,0,0,0,0,0,0,0,0,0
"42047","5","531110","78","0","2010","A","N","Elk County, Pennsylvania","Private","Lessors of residential buildings","County, NAICS 6-digit -- by ownership sector","All establishment sizes",0,0,0,0,0,0,0,"N",0.00,0,0,0,0,0,0,"N",-1,-100.0,0,0,0,0,0,0,0,0,0,0,0,0
"42047","5","5312","76","0","2010","A","N","Elk County, Pennsylvania","Private","Offices of real estate agents and brokers","County, NAICS 4-digit -- by ownership sector","All establishment sizes",1,0,0,0,0,0,0,"N",0.09,0,0,0,0,0,0,"N",-1,-50.0,0,0,0,0,0,0,0,0,0,0,0,0
"42047","5","53121","77","0","2010","A","N","Elk County, Pennsylvania","Private","Offices of real estate agents and brokers","County, NAICS 5-digit -- by ownership sector","All establishment sizes",1,0,0,0,0,0,0,"N",0.09,0,0,0,0,0,0,"N",-1,-50.0,0,0,0,0,0,0,0,0,0,0,0,0
"42047","5","531210","78","0","2010","A","N","Elk County, Pennsylvania","Private","Offices of real estate agents and brokers","County, NAICS 6-digit -- by ownership sector","All establishment sizes",1,0,0,0,0,0,0,"N",0.09,0,0,0,0,0,0,"N",-1,-50.0,0,0,0,0,0,0,0,0,0,0,0,0
"42047","5","5313","76","0","2010","A","","Elk County, Pennsylvania","Private","Activities related to real estate","County, NAICS 4-digit -- by ownership sector","All establishment sizes",4,12,215047,73923,1699,342,17797,"",0.42,0.19,0.10,0.14,0.04,0.52,0.53,"",0,0.0,-1,-7.7,-3946,-1.8,510,0.7,79,4.9,12,3.6,621,3.6
"42047","5","53131","77","0","2010","A","N","Elk County, Pennsylvania","Private","Real estate property managers","County, NAICS 5-digit -- by ownership sector","All establishment sizes",3,0,0,0,0,0,0,"N",0.44,0,0,0,0,0,0,"N",0,0.0,0,0,0,0,0,0,0,0,0,0,0,0
"42047","5","531311","78","0","2010","A","N","Elk County, Pennsylvania","Private","Residential property managers","County, NAICS 6-digit -- by ownership sector","All establishment sizes",2,0,0,0,0,0,0,"N",0.41,0,0,0,0,0,0,"N",0,0.0,0,0,0,0,0,0,0,0,0,0,0,0
"42047","5","531312","78","0","2010","A","N","Elk County, Pennsylvania","Private","nonresidential property managers","County, NAICS 6-digit -- by ownership sector","All establishment sizes",1,0,0,0,0,0,0,"N",0.50,0,0,0,0,0,0,"N",0,0.0,0,0,0,0,0,0,0,0,0,0,0,0
"42047","5","53132","77","0","2010","A","N","Elk County, Pennsylvania","Private","Offices of real estate appraisers","County, NAICS 5-digit -- by ownership sector","All establishment sizes",1,0,0,0,0,0,0,"N",0.62,0,0,0,0,0,0,"N",0,0.0,0,0,0,0,0,0,0,0,0,0,0,0
"42047","5","531320","78","0","2010","A","N","Elk County, Pennsylvania","Private","Offices of real estate appraisers","County, NAICS 6-digit -- by ownership sector","All establishment sizes",1,0,0,0,0,0,0,"N",0.62,0,0,0,0,0,0,"N",0,0.0,0,0,0,0,0,0,0,0,0,0,0,0
"42047","5","532","75","0","2010","A","","Elk County, Pennsylvania","Private","Rental and leasing services","County, NAICS 3-digit -- by ownership sector","All establishment sizes",7,33,716321,230458,10971,413,21490,"",1.08,0.57,0.41,0.47,0.28,0.71,0.71,"",-1,-12.5,-2,-5.7,32767,4.8,-25138,-9.8,155,1.4,38,10.1,2006,10.3
"42047","5","5321","76","0","2010","A","N","Elk County, Pennsylvania","Private","Automotive equipment rental and leasing","County, NAICS 4-digit -- by ownership sector","All establishment sizes",1,0,0,0,0,0,0,"N",0.64,0,0,0,0,0,0,"N",0,0.0,0,0,0,0,0,0,0,0,0,0,0,0
"42047","5","53211","77","0","2010","A","N","Elk County, Pennsylvania","Private","Passenger car rental and leasing","County, NAICS 5-digit -- by ownership sector","All establishment sizes",1,0,0,0,0,0,0,"N",1.06,0,0,0,0,0,0,"N",0,0.0,0,0,0,0,0,0,0,0,0,0,0,0
"42047","5","532111","78","0","2010","A","N","Elk County, Pennsylvania","Private","Passenger car rental","County, NAICS 6-digit -- by ownership sector","All establishment sizes",1,0,0,0,0,0,0,"N",1.18,0,0,0,0,0,0,"N",0,0.0,0,0,0,0,0,0,0,0,0,0,0,0
"42047","5","5322","76","0","2010","A","","Elk County, Pennsylvania","Private","Consumer goods rental","County, NAICS 4-digit -- by ownership sector","All establishment sizes",5,22,366959,150458,8783,323,16807,"",1.67,1.00,0.77,0.87,0.64,0.77,0.77,"",-1,-16.7,-4,-15.4,-42055,-10.3,-23659,-13.6,-252,-2.8,23,7.7,1226,7.9
"42047","5","53221","77","0","2010","A","N","Elk County, Pennsylvania","Private","Consumer electronics and appliances rental","County, NAICS 5-digit -- by ownership sector","All establishment sizes",2,0,0,0,0,0,0,"N",4.74,0,0,0,0,0,0,"N",0,0.0,0,0,0,0,0,0,0,0,0,0,0,0
"42047","5","532210","78","0","2010","A","N","Elk County, Pennsylvania","Private","Consumer electronics and appliances rental","County, NAICS 6-digit -- by ownership sector","All establishment sizes",2,0,0,0,0,0,0,"N",4.74,0,0,0,0,0,0,"N",0,0.0,0,0,0,0,0,0,0,0,0,0,0,0
"42047","5","53223","77","0","2010","A","N","Elk County, Pennsylvania","Private","Video tape and disc rental","County, NAICS 5-digit -- by ownership sector","All establishment sizes",2,0,0,0,0,0,0,"N",1.74,0,0,0,0,0,0,"N",-1,-33.3,0,0,0,0,0,0,0,0,0,0,0,0
"42047","5","532230","78","0","2010","A","N","Elk County, Pennsylvania","Private","Video tape and disc rental","County, NAICS 6-digit -- by ownership sector","All establishment sizes",2,0,0,0,0,0,0,"N",1.74,0,0,0,0,0,0,"N",-1,-33.3,0,0,0,0,0,0,0,0,0,0,0,0
"42047","5","53229","77","0","2010","A","N","Elk County, Pennsylvania","Private","Other consumer goods rental","County, NAICS 5-digit -- by ownership sector","All establishment sizes",1,0,0,0,0,0,0,"N",0.81,0,0,0,0,0,0,"N",0,0.0,0,0,0,0,0,0,0,0,0,0,0,0
"42047","5","532291","78","0","2010","A","N","Elk County, Pennsylvania","Private","Home health equipment rental","County, NAICS 6-digit -- by ownership sector","All establishment sizes",1,0,0,0,0,0,0,"N",2.70,0,0,0,0,0,0,"N",0,0.0,0,0,0,0,0,0,0,0,0,0,0,0
"42047","5","5324","76","0","2010","A","N","Elk County, Pennsylvania","Private","Machinery and equipment rental and leasing","County, NAICS 4-digit -- by ownership sector","All establishment sizes",1,0,0,0,0,0,0,"N",0.71,0,0,0,0,0,0,"N",0,0.0,0,0,0,0,0,0,0,0,0,0,0,0
"42047","5","53241","77","0","2010","A","N","Elk County, Pennsylvania","Private","Heavy machinery rental and leasing","County, NAICS 5-digit -- by ownership sector","All establishment sizes",1,0,0,0,0,0,0,"N",1.52,0,0,0,0,0,0,"N",0,0.0,0,0,0,0,0,0,0,0,0,0,0,0
"42047","5","532412","78","0","2010","A","N","Elk County, Pennsylvania","Private","Other heavy machinery rental and leasing","County, NAICS 6-digit -- by ownership sector","All establishment sizes",1,0,0,0,0,0,0,"N",1.78,0,0,0,0,0,0,"N",0,0.0,0,0,0,0,0,0,0,0,0,0,0,0
"42047","5","54","74","0","2010","A","","Elk County, Pennsylvania","Private","Professional and technical services","County, NAICS Sector -- by ownership sector","All establishment sizes",44,249,6021970,2336591,134663,466,24225,"",0.38,0.29,0.12,0.29,0.22,0.42,0.42,"",1,2.3,44,21.5,1375994,29.6,499237,27.2,52309,63.5,30,6.9,1543,6.8
"42047","5","541","75","0","2010","A","","Elk County, Pennsylvania","Private","Professional and technical services","County, NAICS 3-digit -- by ownership sector","All establishment sizes",44,249,6021970,2336591,134663,466,24225,"",0.38,0.29,0.12,0.29,0.22,0.42,0.42,"",1,2.3,44,21.5,1375994,29.6,499237,27.2,52309,63.5,30,6.9,1543,6.8
"42047","5","5411","76","0","2010","A","","Elk County, Pennsylvania","Private","Legal services","County, NAICS 4-digit -- by ownership sector","All establishment sizes",11,21,482990,190298,4982,451,23465,"",0.52,0.17,0.06,0.16,0.07,0.39,0.39,"",0,0.0,1,5.0,40823,9.2,14642,8.3,-67,-1.3,28,6.6,1448,6.6
"42047","5","54111","77","0","2010","A","","Elk County, Pennsylvania","Private","Offices of lawyers","County, NAICS 5-digit -- by ownership sector","All establishment sizes",11,21,482990,190298,4982,451,23465,"",0.56,0.18,0.07,0.18,0.07,0.38,0.38,"",0,0.0,1,5.0,40823,9.2,14642,8.3,-67,-1.3,28,6.6,1448,6.6
"42047","5","541110","78","0","2010","A","","Elk County, Pennsylvania","Private","Offices of lawyers","County, NAICS 6-digit -- by ownership sector","All establishment sizes",11,21,482990,190298,4982,451,23465,"",0.56,0.18,0.07,0.18,0.07,0.38,0.38,"",0,0.0,1,5.0,40823,9.2,14642,8.3,-67,-1.3,28,6.6,1448,6.6
"42047","5","5412","76","0","2010","A","","Elk County, Pennsylvania","Private","Accounting and bookkeeping services","County, NAICS 4-digit -- by ownership sector","All establishment sizes",9,26,631585,231623,10441,460,23909,"",0.62,0.26,0.15,0.25,0.15,0.56,0.55,"",-1,-10.0,-3,-10.3,-8413,-1.3,-8159,-3.4,376,3.7,37,8.7,1903,8.6
"42047","5","54121","77","0","2010","A","","Elk County, Pennsylvania","Private","Accounting and bookkeeping services","County, NAICS 5-digit -- by ownership sector","All establishment sizes",9,26,631585,231623,10441,460,23909,"",0.62,0.26,0.15,0.25,0.15,0.56,0.55,"",-1,-10.0,-3,-10.3,-8413,-1.3,-8159,-3.4,376,3.7,37,8.7,1903,8.6
"42047","5","541211","78","0","2010","A","","Elk County, Pennsylvania","Private","Offices of certified public accountants","County, NAICS 6-digit -- by ownership sector","All establishment sizes",5,18,503533,138930,3213,553,28773,"",0.82,0.40,0.21,0.32,0.13,0.53,0.53,"",0,0.0,1,5.9,1441,0.3,3618,2.7,521,19.4,-4,-0.7,-194,-0.7
"42047","5","541213","78","0","2010","A","N","Elk County, Pennsylvania","Private","Tax preparation services","County, NAICS 6-digit -- by ownership sector","All establishment sizes",2,0,0,0,0,0,0,"N",0.71,0,0,0,0,0,0,"N",-1,-33.3,0,0,0,0,0,0,0,0,0,0,0,0
"42047","5","541219","78","0","2010","A","N","Elk County, Pennsylvania","Private","Other accounting services","County, NAICS 6-digit -- by ownership sector","All establishment sizes",2,0,0,0,0,0,0,"N",0.42,0,0,0,0,0,0,"N",0,0.0,0,0,0,0,0,0,0,0,0,0,0,0
"42047","5","5413","76","0","2010","A","N","Elk County, Pennsylvania","Private","Architectural and engineering services","County, NAICS 4-digit -- by ownership sector","All establishment sizes",3,0,0,0,0,0,0,"N",0.21,0,0,0,0,0,0,"N",0,0.0,0,0,0,0,0,0,0,0,0,0,0,0
"42047","5","54133","77","0","2010","A","N","Elk County, Pennsylvania","Private","Engineering services","County, NAICS 5-digit -- by ownership sector","All establishment sizes",1,0,0,0,0,0,0,"N",0.13,0,0,0,0,0,0,"N",0,0.0,0,0,0,0,0,0,0,0,0,0,0,0
"42047","5","541330","78","0","2010","A","N","Elk County, Pennsylvania","Private","Engineering services","County, NAICS 6-digit -- by ownership sector","All establishment sizes",1,0,0,0,0,0,0,"N",0.13,0,0,0,0,0,0,"N",0,0.0,0,0,0,0,0,0,0,0,0,0,0,0
"42047","5","54138","77","0","2010","A","N","Elk County, Pennsylvania","Private","Testing laboratories","County, NAICS 5-digit -- by ownership sector","All establishment sizes",2,0,0,0,0,0,0,"N",2.02,0,0,0,0,0,0,"N",0,0.0,0,0,0,0,0,0,0,0,0,0,0,0
"42047","5","541380","78","0","2010","A","N","Elk County, Pennsylvania","Private","Testing laboratories","County, NAICS 6-digit -- by ownership sector","All establishment sizes",2,0,0,0,0,0,0,"N",2.02,0,0,0,0,0,0,"N",0,0.0,0,0,0,0,0,0,0,0,0,0,0,0
"42047","5","5414","76","0","2010","A","N","Elk County, Pennsylvania","Private","Specialized design services","County, NAICS 4-digit -- by ownership sector","All establishment sizes",1,0,0,0,0,0,0,"N",0.26,0,0,0,0,0,0,"N",0,0.0,0,0,0,0,0,0,0,0,0,0,0,0
"42047","5","54142","77","0","2010","A","N","Elk County, Pennsylvania","Private","Industrial design services","County, NAICS 5-digit -- by ownership sector","All establishment sizes",1,0,0,0,0,0,0,"N",4.00,0,0,0,0,0,0,"N",0,0.0,0,0,0,0,0,0,0,0,0,0,0,0
"42047","5","541420","78","0","2010","A","N","Elk County, Pennsylvania","Private","Industrial design services","County, NAICS 6-digit -- by ownership sector","All establishment sizes",1,0,0,0,0,0,0,"N",4.00,0,0,0,0,0,0,"N",0,0.0,0,0,0,0,0,0,0,0,0,0,0,0
"42047","5","5415","76","0","2010","A","","Elk County, Pennsylvania","Private","Computer systems design and related services","County, NAICS 4-digit -- by ownership sector","All establishment sizes",3,6,134399,27342,760,470,24436,"",0.14,0.04,0.01,0.02,0.01,0.36,0.36,"N",1,50.0,0,0,0,0,0,0,0,0,0,0,0,0
"42047","5","54151","77","0","2010","A","","Elk County, Pennsylvania","Private","Computer systems design and related services","County, NAICS 5-digit -- by ownership sector","All establishment sizes",3,6,134399,27342,760,470,24436,"",0.14,0.04,0.01,0.02,0.01,0.36,0.36,"N",1,50.0,0,0,0,0,0,0,0,0,0,0,0,0
"42047","5","541512","78","0","2010","A","N","Elk County, Pennsylvania","Private","Computer systems design services","County, NAICS 6-digit -- by ownership sector","All establishment sizes",1,0,0,0,0,0,0,"N",0.10,0,0,0,0,0,0,"N",1,100.0,0,0,0,0,0,0,0,0,0,0,0,0
"42047","5","541519","78","0","2010","A","N","Elk County, Pennsylvania","Private","Other computer related services","County, NAICS 6-digit -- by ownership sector","All establishment sizes",2,0,0,0,0,0,0,"N",1.22,0,0,0,0,0,0,"N",0,0.0,0,0,0,0,0,0,0,0,0,0,0,0
"42047","5","5416","76","0","2010","A","","Elk County, Pennsylvania","Private","Management and technical consulting services","County, NAICS 4-digit -- by ownership sector","All establishment sizes",9,50,1877253,481467,20354,722,37545,"",0.40,0.43,0.27,0.43,0.23,0.62,0.62,"",0,0.0,6,13.6,322325,20.7,67529,16.3,-865,-4.1,45,6.6,2339,6.6
"42047","5","54161","77","0","2010","A","","Elk County, Pennsylvania","Private","Management consulting services","County, NAICS 5-digit -- by ownership sector","All establishment sizes",4,9,284325,98005,3607,596,31017,"",0.23,0.10,0.05,0.11,0.05,0.49,0.49,"N",0,0.0,0,0,0,0,0,0,0,0,0,0,0,0
"42047","5","541611","78","0","2010","A","","Elk County, Pennsylvania","Private","Administrative management consulting services","County, NAICS 6-digit -- by ownership sector","All establishment sizes",4,9,284325,98005,3607,596,31017,"",0.45,0.21,0.09,0.23,0.12,0.44,0.44,"N",0,0.0,0,0,0,0,0,0,0,0,0,0,0,0
"42047","5","54169","77","0","2010","A","","Elk County, Pennsylvania","Private","Other technical consulting services","County, NAICS 5-digit -- by ownership sector","All establishment sizes",5,41,1592928,383462,16747,750,39010,"",1.12,2.28,1.59,2.37,1.23,0.70,0.70,"",1,25.0,1,2.5,126756,8.6,196,0.1,-3441,-17.0,41,5.8,2125,5.8
"42047","5","541690","78","0","2010","A","","Elk County, Pennsylvania","Private","Other technical consulting services","County, NAICS 6-digit -- by ownership sector","All establishment sizes",5,41,1592928,383462,16747,750,39010,"",1.12,2.28,1.59,2.37,1.23,0.70,0.70,"",1,25.0,1,2.5,126756,8.6,196,0.1,-3441,-17.0,41,5.8,2125,5.8
"42047","5","5417","76","0","2010","A","N","Elk County, Pennsylvania","Private","Scientific research and development services","County, NAICS 4-digit -- by ownership sector","All establishment sizes",1,0,0,0,0,0,0,"N",0.38,0,0,0,0,0,0,"N",0,0.0,0,0,0,0,0,0,0,0,0,0,0,0
"42047","5","54172","77","0","2010","A","N","Elk County, Pennsylvania","Private","Social science and humanities research","County, NAICS 5-digit -- by ownership sector","All establishment sizes",1,0,0,0,0,0,0,"N",2.18,0,0,0,0,0,0,"N",0,0.0,0,0,0,0,0,0,0,0,0,0,0,0
"42047","5","541720","78","0","2010","A","N","Elk County, Pennsylvania","Private","Social science and humanities research","County, NAICS 6-digit -- by ownership sector","All establishment sizes",1,0,0,0,0,0,0,"N",2.18,0,0,0,0,0,0,"N",0,0.0,0,0,0,0,0,0,0,0,0,0,0,0
"42047","5","5419","76","0","2010","A","","Elk County, Pennsylvania","Private","Other professional and technical services","County, NAICS 4-digit -- by ownership sector","All establishment sizes",8,40,773312,411864,27595,370,19253,"",0.95,0.61,0.39,0.75,0.79,0.64,0.64,"",1,14.3,10,33.3,240591,45.2,183920,80.7,17412,171.0,29,8.5,1496,8.4
"42047","5","54192","77","0","2010","A","N","Elk County, Pennsylvania","Private","Photographic services","County, NAICS 5-digit -- by ownership sector","All establishment sizes",2,0,0,0,0,0,0,"N",1.03,0,0,0,0,0,0,"N",0,0.0,0,0,0,0,0,0,0,0,0,0,0,0
"42047","5","541921","78","0","2010","A","N","Elk County, Pennsylvania","Private","Photography studios, portrait","County, NAICS 6-digit -- by ownership sector","All establishment sizes",2,0,0,0,0,0,0,"N",1.30,0,0,0,0,0,0,"N",0,0.0,0,0,0,0,0,0,0,0,0,0,0,0
"42047","5","54194","77","0","2010","A","N","Elk County, Pennsylvania","Private","Veterinary services","County, NAICS 5-digit -- by ownership sector","All establishment sizes",2,0,0,0,0,0,0,"N",0.63,0,0,0,0,0,0,"N",1,100.0,0,0,0,0,0,0,0,0,0,0,0,0
"42047","5","541940","78","0","2010","A","N","Elk County, Pennsylvania","Private","Veterinary services","County, NAICS 6-digit -- by ownership sector","All establishment sizes",2,0,0,0,0,0,0,"N",0.63,0,0,0,0,0,0,"N",1,100.0,0,0,0,0,0,0,0,0,0,0,0,0
"42047","5","54199","77","0","2010","A","","Elk County, Pennsylvania","Private","All other professional and technical services","County, NAICS 5-digit -- by ownership sector","All establishment sizes",4,25,438759,237412,21517,338,17550,"",1.95,2.41,0.94,2.26,2.72,0.39,0.39,"",0,0.0,9,56.2,192449,78.1,100133,72.9,13578,171.0,47,16.2,2392,15.8
"42047","5","541990","78","0","2010","A","","Elk County, Pennsylvania","Private","All other professional and technical services","County, NAICS 6-digit -- by ownership sector","All establishment sizes",4,25,438759,237412,21517,338,17550,"",1.95,2.41,0.94,2.26,2.72,0.39,0.39,"",0,0.0,9,56.2,192449,78.1,100133,72.9,13578,171.0,47,16.2,2392,15.8
"42047","5","55","74","0","2010","A","","Elk County, Pennsylvania","Private","Management of companies and enterprises","County, NAICS Sector -- by ownership sector","All establishment sizes",5,52,4316950,529715,41497,1602,83285,"",0.86,0.25,0.28,0.21,0.24,1.15,1.15,"",1,25.0,0,0.0,338856,8.5,-3378,-0.6,20884,101.3,128,8.7,6660,8.7
"42047","5","551","75","0","2010","A","","Elk County, Pennsylvania","Private","Management of companies and enterprises","County, NAICS 3-digit -- by ownership sector","All establishment sizes",5,52,4316950,529715,41497,1602,83285,"",0.86,0.25,0.28,0.21,0.24,1.15,1.15,"",1,25.0,0,0.0,338856,8.5,-3378,-0.6,20884,101.3,128,8.7,6660,8.7
"42047","5","5511","76","0","2010","A","","Elk County, Pennsylvania","Private","Management of companies and enterprises","County, NAICS 4-digit -- by ownership sector","All establishment sizes",5,52,4316950,529715,41497,1602,83285,"",0.86,0.25,0.28,0.21,0.24,1.15,1.15,"",1,25.0,0,0.0,338856,8.5,-3378,-0.6,20884,101.3,128,8.7,6660,8.7
"42047","5","55111","77","0","2010","A","","Elk County, Pennsylvania","Private","Management of companies and enterprises","County, NAICS 5-digit -- by ownership sector","All establishment sizes",5,52,4316950,529715,41497,1602,83285,"",0.86,0.25,0.28,0.21,0.24,1.15,1.15,"",1,25.0,0,0.0,338856,8.5,-3378,-0.6,20884,101.3,128,8.7,6660,8.7
"42047","5","551112","78","0","2010","A","N","Elk County, Pennsylvania","Private","Offices of other holding companies","County, NAICS 6-digit -- by ownership sector","All establishment sizes",2,0,0,0,0,0,0,"N",2.08,0,0,0,0,0,0,"N",1,100.0,0,0,0,0,0,0,0,0,0,0,0,0
"42047","5","551114","78","0","2010","A","N","Elk County, Pennsylvania","Private","Managing offices","County, NAICS 6-digit -- by ownership sector","All establishment sizes",3,0,0,0,0,0,0,"N",0.63,0,0,0,0,0,0,"N",0,0.0,0,0,0,0,0,0,0,0,0,0,0,0
"42047","5","56","74","0","2010","A","","Elk County, Pennsylvania","Private","Administrative and waste services","County, NAICS Sector -- by ownership sector","All establishment sizes",32,312,6968506,3664086,267144,430,22353,"",0.61,0.37,0.34,0.48,0.39,0.91,0.91,"",3,10.3,68,27.9,1504697,27.5,1099711,42.9,101896,61.7,-1,-0.2,-47,-0.2
"42047","5","561","75","0","2010","A","","Elk County, Pennsylvania","Private","Administrative and support services","County, NAICS 3-digit -- by ownership sector","All establishment sizes",23,247,4779656,3092880,232946,373,19370,"",0.46,0.31,0.25,0.43,0.36,0.81,0.81,"",2,9.5,65,35.7,1203896,33.7,1059638,52.1,88321,61.1,-4,-1.1,-241,-1.2
"42047","5","5611","76","0","2010","A","","Elk County, Pennsylvania","Private","Office administrative services","County, NAICS 4-digit -- by ownership sector","All establishment sizes",3,11,442075,109678,2950,785,40807,"",0.62,0.24,0.17,0.27,0.10,0.74,0.74,"",0,0.0,2,22.2,110664,33.4,5362,5.1,422,16.7,77,10.9,3984,10.8
"42047","5","56111","77","0","2010","A","","Elk County, Pennsylvania","Private","Office administrative services","County, NAICS 5-digit -- by ownership sector","All establishment sizes",3,11,442075,109678,2950,785,40807,"",0.62,0.24,0.17,0.27,0.10,0.74,0.74,"",0,0.0,2,22.2,110664,33.4,5362,5.1,422,16.7,77,10.9,3984,10.8
"42047","5","561110","78","0","2010","A","","Elk County, Pennsylvania","Private","Office administrative services","County, NAICS 6-digit -- by ownership sector","All establishment sizes",3,11,442075,109678,2950,785,40807,"",0.62,0.24,0.17,0.27,0.10,0.74,0.74,"",0,0.0,2,22.2,110664,33.4,5362,5.1,422,16.7,77,10.9,3984,10.8
"42047","5","5612","76","0","2010","A","N","Elk County, Pennsylvania","Private","Facilities support services","County, NAICS 4-digit -- by ownership sector","All establishment sizes",1,0,0,0,0,0,0,"N",2.74,0,0,0,0,0,0,"N",0,0.0,0,0,0,0,0,0,0,0,0,0,0,0
"42047","5","56121","77","0","2010","A","N","Elk County, Pennsylvania","Private","Facilities support services","County, NAICS 5-digit -- by ownership sector","All establishment sizes",1,0,0,0,0,0,0,"N",2.74,0,0,0,0,0,0,"N",0,0.0,0,0,0,0,0,0,0,0,0,0,0,0
"42047","5","561210","78","0","2010","A","N","Elk County, Pennsylvania","Private","Facilities support services","County, NAICS 6-digit -- by ownership sector","All establishment sizes",1,0,0,0,0,0,0,"N",2.74,0,0,0,0,0,0,"N",0,0.0,0,0,0,0,0,0,0,0,0,0,0,0
"42047","5","5613","76","0","2010","A","N","Elk County, Pennsylvania","Private","Employment services","County, NAICS 4-digit -- by ownership sector","All establishment sizes",2,0,0,0,0,0,0,"N",0.23,0,0,0,0,0,0,"N",0,0.0,0,0,0,0,0,0,0,0,0,0,0,0
"42047","5","56132","77","0","2010","A","N","Elk County, Pennsylvania","Private","Temporary help services","County, NAICS 5-digit -- by ownership sector","All establishment sizes",2,0,0,0,0,0,0,"N",0.39,0,0,0,0,0,0,"N",0,0.0,0,0,0,0,0,0,0,0,0,0,0,0
"42047","5","561320","78","0","2010","A","N","Elk County, Pennsylvania","Private","Temporary help services","County, NAICS 6-digit -- by ownership sector","All establishment sizes",2,0,0,0,0,0,0,"N",0.39,0,0,0,0,0,0,"N",0,0.0,0,0,0,0,0,0,0,0,0,0,0,0
"42047","5","5614","76","0","2010","A","","Elk County, Pennsylvania","Private","Business support services","County, NAICS 4-digit -- by ownership sector","All establishment sizes",3,5,69669,47597,2221,264,13705,"",0.56,0.05,0.03,0.06,0.04,0.53,0.53,"N",1,50.0,0,0,0,0,0,0,0,0,0,0,0,0
"42047","5","56143","77","0","2010","A","N","Elk County, Pennsylvania","Private","Business service centers","County, NAICS 5-digit -- by ownership sector","All establishment sizes",1,0,0,0,0,0,0,"N",0.80,0,0,0,0,0,0,"N",1,100.0,0,0,0,0,0,0,0,0,0,0,0,0
"42047","5","561439","78","0","2010","A","N","Elk County, Pennsylvania","Private","Other business service centers","County, NAICS 6-digit -- by ownership sector","All establishment sizes",1,0,0,0,0,0,0,"N",1.51,0,0,0,0,0,0,"N",1,100.0,0,0,0,0,0,0,0,0,0,0,0,0
"42047","5","56144","77","0","2010","A","N","Elk County, Pennsylvania","Private","Collection agencies","County, NAICS 5-digit -- by ownership sector","All establishment sizes",1,0,0,0,0,0,0,"N",1.43,0,0,0,0,0,0,"N",0,0.0,0,0,0,0,0,0,0,0,0,0,0,0
"42047","5","561440","78","0","2010","A","N","Elk County, Pennsylvania","Private","Collection agencies","County, NAICS 6-digit -- by ownership sector","All establishment sizes",1,0,0,0,0,0,0,"N",1.43,0,0,0,0,0,0,"N",0,0.0,0,0,0,0,0,0,0,0,0,0,0,0
"42047","5","56149","77","0","2010","A","N","Elk County, Pennsylvania","Private","Other business support services","County, NAICS 5-digit -- by ownership sector","All establishment sizes",1,0,0,0,0,0,0,"N",0.69,0,0,0,0,0,0,"N",0,0.0,0,0,0,0,0,0,0,0,0,0,0,0
"42047","5","561492","78","0","2010","A","N","Elk County, Pennsylvania","Private","Court reporting and stenotype services","County, NAICS 6-digit -- by ownership sector","All establishment sizes",1,0,0,0,0,0,0,"N",2.71,0,0,0,0,0,0,"N",0,0.0,0,0,0,0,0,0,0,0,0,0,0,0
"42047","5","5615","76","0","2010","A","N","Elk County, Pennsylvania","Private","Travel arrangement and reservation services","County, NAICS 4-digit -- by ownership sector","All establishment sizes",1,0,0,0,0,0,0,"N",0.39,0,0,0,0,0,0,"N",0,0.0,0,0,0,0,0,0,0,0,0,0,0,0
"42047","5","56159","77","0","2010","A","N","Elk County, Pennsylvania","Private","Other travel arrangement services","County, NAICS 5-digit -- by ownership sector","All establishment sizes",1,0,0,0,0,0,0,"N",1.76,0,0,0,0,0,0,"N",0,0.0,0,0,0,0,0,0,0,0,0,0,0,0
"42047","5","561599","78","0","2010","A","N","Elk County, Pennsylvania","Private","All other travel arrangement services","County, NAICS 6-digit -- by ownership sector","All establishment sizes",1,0,0,0,0,0,0,"N",2.18,0,0,0,0,0,0,"N",0,0.0,0,0,0,0,0,0,0,0,0,0,0,0
"42047","5","5617","76","0","2010","A","","Elk County, Pennsylvania","Private","Services to buildings and dwellings","County, NAICS 4-digit -- by ownership sector","All establishment sizes",13,73,1151271,594395,34693,302,15681,"",0.61,0.37,0.33,0.37,0.27,0.88,0.88,"",1,8.3,6,9.0,-84373,-6.8,39222,7.1,8857,34.3,-51,-14.4,-2670,-14.5
"42047","5","56172","77","0","2010","A","","Elk County, Pennsylvania","Private","Janitorial services","County, NAICS 5-digit -- by ownership sector","All establishment sizes",5,51,801141,375580,17908,304,15812,"",0.75,0.49,0.54,0.49,0.36,1.12,1.12,"",0,0.0,0,0.0,-166477,-17.2,-24470,-6.1,5156,40.4,-60,-16.5,-3130,-16.5
"42047","5","561720","78","0","2010","A","","Elk County, Pennsylvania","Private","Janitorial services","County, NAICS 6-digit -- by ownership sector","All establishment sizes",5,51,801141,375580,17908,304,15812,"",0.75,0.49,0.54,0.49,0.36,1.12,1.12,"",0,0.0,0,0.0,-166477,-17.2,-24470,-6.1,5156,40.4,-60,-16.5,-3130,-16.5
"42047","5","56173","77","0","2010","A","N","Elk County, Pennsylvania","Private","Landscaping services","County, NAICS 5-digit -- by ownership sector","All establishment sizes",7,0,0,0,0,0,0,"N",0.64,0,0,0,0,0,0,"N",1,16.7,0,0,0,0,0,0,0,0,0,0,0,0
"42047","5","561730","78","0","2010","A","N","Elk County, Pennsylvania","Private","Landscaping services","County, NAICS 6-digit -- by ownership sector","All establishment sizes",7,0,0,0,0,0,0,"N",0.64,0,0,0,0,0,0,"N",1,16.7,0,0,0,0,0,0,0,0,0,0,0,0
"42047","5","56174","77","0","2010","A","N","Elk County, Pennsylvania","Private","Carpet and upholstery cleaning services","County, NAICS 5-digit -- by ownership sector","All establishment sizes",1,0,0,0,0,0,0,"N",1.05,0,0,0,0,0,0,"N",0,0.0,0,0,0,0,0,0,0,0,0,0,0,0
"42047","5","561740","78","0","2010","A","N","Elk County, Pennsylvania","Private","Carpet and upholstery cleaning services","County, NAICS 6-digit -- by ownership sector","All establishment sizes",1,0,0,0,0,0,0,"N",1.05,0,0,0,0,0,0,"N",0,0.0,0,0,0,0,0,0,0,0,0,0,0,0
"42047","5","562","75","0","2010","A","","Elk County, Pennsylvania","Private","Waste management and remediation services","County, NAICS 3-digit -- by ownership sector","All establishment sizes",9,65,2188850,571206,34198,648,33675,"",3.28,1.60,1.40,1.36,0.93,0.87,0.87,"",1,12.5,3,4.8,300801,15.9,40073,7.5,13575,65.8,58,9.8,3017,9.8
"42047","5","5621","76","0","2010","A","","Elk County, Pennsylvania","Private","Waste collection","County, NAICS 4-digit -- by ownership sector","All establishment sizes",6,37,1081641,342194,14868,557,28973,"",5.39,2.34,2.01,2.20,1.20,0.85,0.85,"",1,20.0,2,5.7,207316,23.7,32553,10.5,6987,88.7,81,17.0,4228,17.1
"42047","5","56211","77","0","2010","A","","Elk County, Pennsylvania","Private","Waste collection","County, NAICS 5-digit -- by ownership sector","All establishment sizes",6,37,1081641,342194,14868,557,28973,"",5.39,2.34,2.01,2.20,1.20,0.85,0.85,"",1,20.0,2,5.7,207316,23.7,32553,10.5,6987,88.7,81,17.0,4228,17.1
"42047","5","562111","78","0","2010","A","","Elk County, Pennsylvania","Private","Solid waste collection","County, NAICS 6-digit -- by ownership sector","All establishment sizes",6,37,1081641,342194,14868,557,28973,"",6.69,2.72,2.37,2.59,1.45,0.86,0.86,"",1,20.0,2,5.7,207316,23.7,32553,10.5,6987,88.7,81,17.0,4228,17.1
"42047","5","5622","76","0","2010","A","N","Elk County, Pennsylvania","Private","Waste treatment and disposal","County, NAICS 4-digit -- by ownership sector","All establishment sizes",1,0,0,0,0,0,0,"N",2.46,0,0,0,0,0,0,"N",0,0.0,0,0,0,0,0,0,0,0,0,0,0,0
"42047","5","56221","77","0","2010","A","N","Elk County, Pennsylvania","Private","Waste treatment and disposal","County, NAICS 5-digit -- by ownership sector","All establishment sizes",1,0,0,0,0,0,0,"N",2.46,0,0,0,0,0,0,"N",0,0.0,0,0,0,0,0,0,0,0,0,0,0,0
"42047","5","562212","78","0","2010","A","N","Elk County, Pennsylvania","Private","Solid waste landfill","County, NAICS 6-digit -- by ownership sector","All establishment sizes",1,0,0,0,0,0,0,"N",5.50,0,0,0,0,0,0,"N",0,0.0,0,0,0,0,0,0,0,0,0,0,0,0
"42047","5","5629","76","0","2010","A","N","Elk County, Pennsylvania","Private","Remediation and other waste services","County, NAICS 4-digit -- by ownership sector","All establishment sizes",2,0,0,0,0,0,0,"N",1.63,0,0,0,0,0,0,"N",0,0.0,0,0,0,0,0,0,0,0,0,0,0,0
"42047","5","56291","77","0","2010","A","N","Elk County, Pennsylvania","Private","Remediation services","County, NAICS 5-digit -- by ownership sector","All establishment sizes",1,0,0,0,0,0,0,"N",1.73,0,0,0,0,0,0,"N",0,0.0,0,0,0,0,0,0,0,0,0,0,0,0
"42047","5","562910","78","0","2010","A","N","Elk County, Pennsylvania","Private","Remediation services","County, NAICS 6-digit -- by ownership sector","All establishment sizes",1,0,0,0,0,0,0,"N",1.73,0,0,0,0,0,0,"N",0,0.0,0,0,0,0,0,0,0,0,0,0,0,0
"42047","5","56299","77","0","2010","A","N","Elk County, Pennsylvania","Private","All other waste management services","County, NAICS 5-digit -- by ownership sector","All establishment sizes",1,0,0,0,0,0,0,"N",1.82,0,0,0,0,0,0,"N",0,0.0,0,0,0,0,0,0,0,0,0,0,0,0
"42047","5","562991","78","0","2010","A","N","Elk County, Pennsylvania","Private","Septic tank and related services","County, NAICS 6-digit -- by ownership sector","All establishment sizes",1,0,0,0,0,0,0,"N",2.63,0,0,0,0,0,0,"N",0,0.0,0,0,0,0,0,0,0,0,0,0,0,0
"42047","5","61","74","0","2010","A","","Elk County, Pennsylvania","Private","Educational services","County, NAICS Sector -- by ownership sector","All establishment sizes",7,167,4100207,30941,692,473,24577,"",0.67,0.60,0.46,0.03,0.01,0.78,0.78,"",-2,-22.2,-21,-11.2,-262535,-6.0,-1335,-4.1,99,16.7,26,5.8,1340,5.8
"42047","5","611","75","0","2010","A","","Elk County, Pennsylvania","Private","Educational services","County, NAICS 3-digit -- by ownership sector","All establishment sizes",7,167,4100207,30941,692,473,24577,"",0.67,0.60,0.46,0.03,0.01,0.78,0.78,"",-2,-22.2,-21,-11.2,-262535,-6.0,-1335,-4.1,99,16.7,26,5.8,1340,5.8
"42047","5","6111","76","0","2010","A","N","Elk County, Pennsylvania","Private","Elementary and secondary schools","County, NAICS 4-digit -- by ownership sector","All establishment sizes",6,0,0,0,0,0,0,"N",3.31,0,0,0,0,0,0,"N",-2,-25.0,0,0,0,0,0,0,0,0,0,0,0,0
"42047","5","61111","77","0","2010","A","N","Elk County, Pennsylvania","Private","Elementary and secondary schools","County, NAICS 5-digit -- by ownership sector","All establishment sizes",6,0,0,0,0,0,0,"N",3.31,0,0,0,0,0,0,"N",-2,-25.0,0,0,0,0,0,0,0,0,0,0,0,0
"42047","5","611110","78","0","2010","A","N","Elk County, Pennsylvania","Private","Elementary and secondary schools","County, NAICS 6-digit -- by ownership sector","All establishment sizes",6,0,0,0,0,0,0,"N",3.31,0,0,0,0,0,0,"N",-2,-25.0,0,0,0,0,0,0,0,0,0,0,0,0
"42047","5","6117","76","0","2010","A","N","Elk County, Pennsylvania","Private","Educational support services","County, NAICS 4-digit -- by ownership sector","All establishment sizes",1,0,0,0,0,0,0,"N",0.76,0,0,0,0,0,0,"N",0,0.0,0,0,0,0,0,0,0,0,0,0,0,0
"42047","5","61171","77","0","2010","A","N","Elk County, Pennsylvania","Private","Educational support services","County, NAICS 5-digit -- by ownership sector","All establishment sizes",1,0,0,0,0,0,0,"N",0.76,0,0,0,0,0,0,"N",0,0.0,0,0,0,0,0,0,0,0,0,0,0,0
"42047","5","611710","78","0","2010","A","N","Elk County, Pennsylvania","Private","Educational support services","County, NAICS 6-digit -- by ownership sector","All establishment sizes",1,0,0,0,0,0,0,"N",0.76,0,0,0,0,0,0,"N",0,0.0,0,0,0,0,0,0,0,0,0,0,0,0
"42047","5","62","74","0","2010","A","","Elk County, Pennsylvania","Private","Health care and social assistance","County, NAICS Sector -- by ownership sector","All establishment sizes",172,2274,71856234,6770152,327206,608,31593,"",1.93,1.23,1.21,0.71,0.62,0.98,0.98,"",11,6.8,-30,-1.3,2097899,3.0,176372,2.7,58496,21.8,26,4.5,1321,4.4
"42047","5","621","75","0","2010","A","","Elk County, Pennsylvania","Private","Ambulatory health care services","County, NAICS 3-digit -- by ownership sector","All establishment sizes",64,626,27781116,2446421,84632,853,44349,"",1.06,0.92,1.02,0.48,0.31,1.11,1.11,"",3,4.9,-17,-2.6,1289656,4.9,-139510,-5.4,10223,13.7,61,7.7,3149,7.6
"42047","5","6211","76","0","2010","A","","Elk County, Pennsylvania","Private","Offices of physicians","County, NAICS 4-digit -- by ownership sector","All establishment sizes",18,131,14326414,512498,15661,2110,109711,"",0.74,0.50,0.96,0.25,0.15,1.95,1.95,"",1,5.9,5,4.0,1240321,9.5,-88906,-14.8,-300,-1.9,106,5.3,5509,5.3
"42047","5","62111","77","0","2010","A","","Elk County, Pennsylvania","Private","Offices of physicians","County, NAICS 5-digit -- by ownership sector","All establishment sizes",18,131,14326414,512498,15661,2110,109711,"",0.74,0.50,0.96,0.25,0.15,1.95,1.95,"",1,5.9,5,4.0,1240321,9.5,-88906,-14.8,-300,-1.9,106,5.3,5509,5.3
"42047","5","621111","78","0","2010","A","N","Elk County, Pennsylvania","Private","Offices of physicians, except mental health","County, NAICS 6-digit -- by ownership sector","All establishment sizes",17,0,0,0,0,0,0,"N",0.73,0,0,0,0,0,0,"N",1,6.2,0,0,0,0,0,0,0,0,0,0,0,0
"42047","5","621112","78","0","2010","A","N","Elk County, Pennsylvania","Private","Offices of mental health physicians","County, NAICS 6-digit -- by ownership sector","All establishment sizes",1,0,0,0,0,0,0,"N",0.90,0,0,0,0,0,0,"N",0,0.0,0,0,0,0,0,0,0,0,0,0,0,0
"42047","5","6212","76","0","2010","A","","Elk County, Pennsylvania","Private","Offices of dentists","County, NAICS 4-digit -- by ownership sector","All establishment sizes",10,52,1928467,389247,9570,712,37027,"",0.72,0.55,0.61,0.47,0.23,1.10,1.10,"",1,11.1,1,2.0,162450,9.2,-6644,-1.7,546,6.1,41,6.1,2114,6.1
"42047","5","62121","77","0","2010","A","","Elk County, Pennsylvania","Private","Offices of dentists","County, NAICS 5-digit -- by ownership sector","All establishment sizes",10,52,1928467,389247,9570,712,37027,"",0.72,0.55,0.61,0.47,0.23,1.10,1.10,"",1,11.1,1,2.0,162450,9.2,-6644,-1.7,546,6.1,41,6.1,2114,6.1
"42047","5","621210","78","0","2010","A","","Elk County, Pennsylvania","Private","Offices of dentists","County, NAICS 6-digit -- by ownership sector","All establishment sizes",10,52,1928467,389247,9570,712,37027,"",0.72,0.55,0.61,0.47,0.23,1.10,1.10,"",1,11.1,1,2.0,162450,9.2,-6644,-1.7,546,6.1,41,6.1,2114,6.1
"42047","5","6213","76","0","2010","A","","Elk County, Pennsylvania","Private","Offices of other health practitioners","County, NAICS 4-digit -- by ownership sector","All establishment sizes",19,62,2048274,463426,16371,637,33126,"",1.39,0.81,0.97,0.73,0.49,1.20,1.20,"",2,11.8,1,1.6,52642,2.6,-60151,-11.5,749,4.8,10,1.6,544,1.7
"42047","5","62131","77","0","2010","A","","Elk County, Pennsylvania","Private","Offices of chiropractors","County, NAICS 5-digit -- by ownership sector","All establishment sizes",7,17,566097,128196,5916,644,33464,"",1.68,1.26,1.97,1.14,1.00,1.57,1.57,"",1,16.7,0,0.0,-8149,-1.4,5729,4.7,682,13.0,-12,-1.8,-650,-1.9
"42047","5","621310","78","0","2010","A","","Elk County, Pennsylvania","Private","Offices of chiropractors","County, NAICS 6-digit -- by ownership sector","All establishment sizes",7,17,566097,128196,5916,644,33464,"",1.68,1.26,1.97,1.14,1.00,1.57,1.57,"",1,16.7,0,0.0,-8149,-1.4,5729,4.7,682,13.0,-12,-1.8,-650,-1.9
"42047","5","62132","77","0","2010","A","N","Elk County, Pennsylvania","Private","Offices of optometrists","County, NAICS 5-digit -- by ownership sector","All establishment sizes",4,0,0,0,0,0,0,"N",1.82,0,0,0,0,0,0,"N",0,0.0,0,0,0,0,0,0,0,0,0,0,0,0
"42047","5","621320","78","0","2010","A","N","Elk County, Pennsylvania","Private","Offices of optometrists","County, NAICS 6-digit -- by ownership sector","All establishment sizes",4,0,0,0,0,0,0,"N",1.82,0,0,0,0,0,0,"N",0,0.0,0,0,0,0,0,0,0,0,0,0,0,0
"42047","5","62134","77","0","2010","A","","Elk County, Pennsylvania","Private","Offices of specialty therapists","County, NAICS 5-digit -- by ownership sector","All establishment sizes",7,24,943963,171156,4226,759,39469,"",2.15,0.76,0.99,0.64,0.31,1.30,1.30,"",1,16.7,-1,-4.0,63599,7.2,-70006,-29.0,-853,-16.8,70,10.2,3658,10.2
"42047","5","621340","78","0","2010","A","","Elk County, Pennsylvania","Private","Offices of specialty therapists","County, NAICS 6-digit -- by ownership sector","All establishment sizes",7,24,943963,171156,4226,759,39469,"",2.15,0.76,0.99,0.64,0.31,1.30,1.30,"",1,16.7,-1,-4.0,63599,7.2,-70006,-29.0,-853,-16.8,70,10.2,3658,10.2
"42047","5","62139","77","0","2010","A","N","Elk County, Pennsylvania","Private","Offices of all other health practitioners","County, NAICS 5-digit -- by ownership sector","All establishment sizes",1,0,0,0,0,0,0,"N",0.40,0,0,0,0,0,0,"N",0,0.0,0,0,0,0,0,0,0,0,0,0,0,0
"42047","5","621391","78","0","2010","A","N","Elk County, Pennsylvania","Private","Offices of podiatrists","County, NAICS 6-digit -- by ownership sector","All establishment sizes",1,0,0,0,0,0,0,"N",1.11,0,0,0,0,0,0,"N",0,0.0,0,0,0,0,0,0,0,0,0,0,0,0
"42047","5","6214","76","0","2010","A","","Elk County, Pennsylvania","Private","Outpatient care centers","County, NAICS 4-digit -- by ownership sector","All establishment sizes",9,169,4820940,342803,10827,550,28611,"",3.19,2.49,1.80,0.85,0.46,0.73,0.73,"",0,0.0,-6,-3.4,-81527,-1.7,6398,1.9,3139,40.8,13,2.4,663,2.4
"42047","5","62141","77","0","2010","A","N","Elk County, Pennsylvania","Private","Family planning centers","County, NAICS 5-digit -- by ownership sector","All establishment sizes",1,0,0,0,0,0,0,"N",5.16,0,0,0,0,0,0,"N",0,0.0,0,0,0,0,0,0,0,0,0,0,0,0
"42047","5","621410","78","0","2010","A","N","Elk County, Pennsylvania","Private","Family planning centers","County, NAICS 6-digit -- by ownership sector","All establishment sizes",1,0,0,0,0,0,0,"N",5.16,0,0,0,0,0,0,"N",0,0.0,0,0,0,0,0,0,0,0,0,0,0,0
"42047","5","62142","77","0","2010","A","N","Elk County, Pennsylvania","Private","Outpatient mental health centers","County, NAICS 5-digit -- by ownership sector","All establishment sizes",4,0,0,0,0,0,0,"N",4.86,0,0,0,0,0,0,"N",0,0.0,0,0,0,0,0,0,0,0,0,0,0,0
"42047","5","621420","78","0","2010","A","N","Elk County, Pennsylvania","Private","Outpatient mental health centers","County, NAICS 6-digit -- by ownership sector","All establishment sizes",4,0,0,0,0,0,0,"N",4.86,0,0,0,0,0,0,"N",0,0.0,0,0,0,0,0,0,0,0,0,0,0,0
"42047","5","62149","77","0","2010","A","","Elk County, Pennsylvania","Private","Other outpatient care centers","County, NAICS 5-digit -- by ownership sector","All establishment sizes",4,95,3003340,197700,7428,606,31504,"",2.22,2.08,1.45,0.66,0.45,0.69,0.69,"",0,0.0,-8,-7.8,-167562,-5.3,31507,19.0,3320,80.8,13,2.2,644,2.1
"42047","5","621492","78","0","2010","A","N","Elk County, Pennsylvania","Private","Kidney dialysis centers","County, NAICS 6-digit -- by ownership sector","All establishment sizes",0,0,0,0,0,0,0,"N",0.00,0,0,0,0,0,0,"N",0,0,0,0,0,0,0,0,0,0,0,0,0,0
"42047","5","621493","78","0","2010","A","N","Elk County, Pennsylvania","Private","Freestanding emergency medical centers","County, NAICS 6-digit -- by ownership sector","All establishment sizes",1,0,0,0,0,0,0,"N",2.01,0,0,0,0,0,0,"N",0,0.0,0,0,0,0,0,0,0,0,0,0,0,0
"42047","5","621498","78","0","2010","A","N","Elk County, Pennsylvania","Private","All other outpatient care centers","County, NAICS 6-digit -- by ownership sector","All establishment sizes",3,0,0,0,0,0,0,"N",5.60,0,0,0,0,0,0,"N",0,0.0,0,0,0,0,0,0,0,0,0,0,0,0
"42047","5","6216","76","0","2010","A","","Elk County, Pennsylvania","Private","Home health care services","County, NAICS 4-digit -- by ownership sector","All establishment sizes",5,151,3882345,376178,18764,494,25711,"",1.71,1.22,1.56,0.47,0.41,1.27,1.27,"",0,0.0,-19,-11.2,-55204,-1.4,8577,2.3,3453,22.6,48,10.8,2515,10.8
"42047","5","62161","77","0","2010","A","","Elk County, Pennsylvania","Private","Home health care services","County, NAICS 5-digit -- by ownership sector","All establishment sizes",5,151,3882345,376178,18764,494,25711,"",1.71,1.22,1.56,0.47,0.41,1.27,1.27,"",0,0.0,-19,-11.2,-55204,-1.4,8577,2.3,3453,22.6,48,10.8,2515,10.8
"42047","5","621610","78","0","2010","A","","Elk County, Pennsylvania","Private","Home health care services","County, NAICS 6-digit -- by ownership sector","All establishment sizes",5,151,3882345,376178,18764,494,25711,"",1.71,1.22,1.56,0.47,0.41,1.27,1.27,"",0,0.0,-19,-11.2,-55204,-1.4,8577,2.3,3453,22.6,48,10.8,2515,10.8
"42047","5","6219","76","0","2010","A","","Elk County, Pennsylvania","Private","Other ambulatory health care services","County, NAICS 4-digit -- by ownership sector","All establishment sizes",3,62,774676,362269,13439,239,12411,"",2.92,2.17,0.96,1.87,1.17,0.44,0.44,"",0,0.0,2,3.3,-29026,-3.6,1216,0.3,2636,24.4,-17,-6.6,-892,-6.7
"42047","5","62191","77","0","2010","A","","Elk County, Pennsylvania","Private","Ambulance services","County, NAICS 5-digit -- by ownership sector","All establishment sizes",3,62,774676,362269,13439,239,12411,"",6.05,3.59,1.81,2.77,1.79,0.50,0.50,"",0,0.0,2,3.3,-29026,-3.6,1216,0.3,2636,24.4,-17,-6.6,-892,-6.7
"42047","5","621910","78","0","2010","A","","Elk County, Pennsylvania","Private","Ambulance services","County, NAICS 6-digit -- by ownership sector","All establishment sizes",3,62,774676,362269,13439,239,12411,"",6.05,3.59,1.81,2.77,1.79,0.50,0.50,"",0,0.0,2,3.3,-29026,-3.6,1216,0.3,2636,24.4,-17,-6.6,-892,-6.7
"42047","5","622","75","0","2010","A","N","Elk County, Pennsylvania","Private","Hospitals","County, NAICS 3-digit -- by ownership sector","All establishment sizes",1,0,0,0,0,0,0,"N",1.11,0,0,0,0,0,0,"N",0,0.0,0,0,0,0,0,0,0,0,0,0,0,0
"42047","5","6221","76","0","2010","A","N","Elk County, Pennsylvania","Private","General medical and surgical hospitals","County, NAICS 4-digit -- by ownership sector","All establishment sizes",1,0,0,0,0,0,0,"N",1.54,0,0,0,0,0,0,"N",0,0.0,0,0,0,0,0,0,0,0,0,0,0,0
"42047","5","62211","77","0","2010","A","N","Elk County, Pennsylvania","Private","General medical and surgical hospitals","County, NAICS 5-digit -- by ownership sector","All establishment sizes",1,0,0,0,0,0,0,"N",1.54,0,0,0,0,0,0,"N",0,0.0,0,0,0,0,0,0,0,0,0,0,0,0
"42047","5","622110","78","0","2010","A","N","Elk County, Pennsylvania","Private","General medical and surgical hospitals","County, NAICS 6-digit -- by ownership sector","All establishment sizes",1,0,0,0,0,0,0,"N",1.54,0,0,0,0,0,0,"N",0,0.0,0,0,0,0,0,0,0,0,0,0,0,0
"42047","5","623","75","0","2010","A","N","Elk County, Pennsylvania","Private","Nursing and residential care facilities","County, NAICS 3-digit -- by ownership sector","All establishment sizes",16,0,0,0,0,0,0,"N",2.04,0,0,0,0,0,0,"N",0,0.0,0,0,0,0,0,0,0,0,0,0,0,0
"42047","5","6231","76","0","2010","A","N","Elk County, Pennsylvania","Private","Nursing care facilities","County, NAICS 4-digit -- by ownership sector","All establishment sizes",1,0,0,0,0,0,0,"N",0.53,0,0,0,0,0,0,"N",0,0.0,0,0,0,0,0,0,0,0,0,0,0,0
"42047","5","62311","77","0","2010","A","N","Elk County, Pennsylvania","Private","Nursing care facilities","County, NAICS 5-digit -- by ownership sector","All establishment sizes",1,0,0,0,0,0,0,"N",0.53,0,0,0,0,0,0,"N",0,0.0,0,0,0,0,0,0,0,0,0,0,0,0
"42047","5","623110","78","0","2010","A","N","Elk County, Pennsylvania","Private","Nursing care facilities","County, NAICS 6-digit -- by ownership sector","All establishment sizes",1,0,0,0,0,0,0,"N",0.53,0,0,0,0,0,0,"N",0,0.0,0,0,0,0,0,0,0,0,0,0,0,0
"42047","5","6232","76","0","2010","A","","Elk County, Pennsylvania","Private","Residential mental health facilities","County, NAICS 4-digit -- by ownership sector","All establishment sizes",13,123,2472549,277105,7662,386,20061,"",4.65,1.92,2.06,0.96,0.46,1.07,1.07,"",0,0.0,-3,-2.4,-2519,-0.1,19128,7.4,1282,20.1,9,2.4,469,2.4
"42047","5","62321","77","0","2010","A","N","Elk County, Pennsylvania","Private","Residential disability facilities","County, NAICS 5-digit -- by ownership sector","All establishment sizes",12,0,0,0,0,0,0,"N",5.86,0,0,0,0,0,0,"N",0,0.0,0,0,0,0,0,0,0,0,0,0,0,0
"42047","5","623210","78","0","2010","A","N","Elk County, Pennsylvania","Private","Residential disability facilities","County, NAICS 6-digit -- by ownership sector","All establishment sizes",12,0,0,0,0,0,0,"N",5.86,0,0,0,0,0,0,"N",0,0.0,0,0,0,0,0,0,0,0,0,0,0,0
"42047","5","62322","77","0","2010","A","N","Elk County, Pennsylvania","Private","Residential mental and substance abuse care","County, NAICS 5-digit -- by ownership sector","All establishment sizes",1,0,0,0,0,0,0,"N",1.34,0,0,0,0,0,0,"N",0,0.0,0,0,0,0,0,0,0,0,0,0,0,0
"42047","5","623220","78","0","2010","A","N","Elk County, Pennsylvania","Private","Residential mental and substance abuse care","County, NAICS 6-digit -- by ownership sector","All establishment sizes",1,0,0,0,0,0,0,"N",1.34,0,0,0,0,0,0,"N",0,0.0,0,0,0,0,0,0,0,0,0,0,0,0
"42047","5","6233","76","0","2010","A","N","Elk County, Pennsylvania","Private","Community care facilities for the elderly","County, NAICS 4-digit -- by ownership sector","All establishment sizes",2,0,0,0,0,0,0,"N",0.82,0,0,0,0,0,0,"N",0,0.0,0,0,0,0,0,0,0,0,0,0,0,0
"42047","5","62331","77","0","2010","A","N","Elk County, Pennsylvania","Private","Community care facilities for the elderly","County, NAICS 5-digit -- by ownership sector","All establishment sizes",2,0,0,0,0,0,0,"N",0.82,0,0,0,0,0,0,"N",0,0.0,0,0,0,0,0,0,0,0,0,0,0,0
"42047","5","623311","78","0","2010","A","N","Elk County, Pennsylvania","Private","Continuing care retirement communities","County, NAICS 6-digit -- by ownership sector","All establishment sizes",2,0,0,0,0,0,0,"N",3.23,0,0,0,0,0,0,"N",0,0.0,0,0,0,0,0,0,0,0,0,0,0,0
"42047","5","624","75","0","2010","A","","Elk County, Pennsylvania","Private","Social assistance","County, NAICS 3-digit -- by ownership sector","All establishment sizes",90,532,10126549,4046626,234912,366,19023,"",4.48,1.89,2.15,2.59,2.25,1.13,1.13,"",7,8.4,19,3.7,644128,6.8,296754,7.9,46991,25.0,10,2.8,521,2.8
"42047","5","6241","76","0","2010","A","","Elk County, Pennsylvania","Private","Individual and family services","County, NAICS 4-digit -- by ownership sector","All establishment sizes",75,378,7042945,2818810,149384,359,18653,"",7.42,2.73,2.90,3.92,3.03,1.07,1.07,"",7,10.3,-5,-1.3,91602,1.3,43542,1.6,20629,16.0,10,2.9,484,2.7
"42047","5","62411","77","0","2010","A","N","Elk County, Pennsylvania","Private","Child and youth services","County, NAICS 5-digit -- by ownership sector","All establishment sizes",4,0,0,0,0,0,0,"N",3.58,0,0,0,0,0,0,"N",0,0.0,0,0,0,0,0,0,0,0,0,0,0,0
"42047","5","624110","78","0","2010","A","N","Elk County, Pennsylvania","Private","Child and youth services","County, NAICS 6-digit -- by ownership sector","All establishment sizes",4,0,0,0,0,0,0,"N",3.58,0,0,0,0,0,0,"N",0,0.0,0,0,0,0,0,0,0,0,0,0,0,0
"42047","5","62412","77","0","2010","A","","Elk County, Pennsylvania","Private","Services for the elderly and disabled","County, NAICS 5-digit -- by ownership sector","All establishment sizes",68,324,5649864,2651798,141983,336,17451,"",11.02,4.21,5.27,6.60,5.85,1.25,1.25,"",7,11.5,-3,-0.9,78586,1.4,42676,1.6,20042,16.4,8,2.4,400,2.3
"42047","5","624120","78","0","2010","A","","Elk County, Pennsylvania","Private","Services for the elderly and disabled","County, NAICS 6-digit -- by ownership sector","All establishment sizes",68,324,5649864,2651798,141983,336,17451,"",11.02,4.21,5.27,6.60,5.85,1.25,1.25,"",7,11.5,-3,-0.9,78586,1.4,42676,1.6,20042,16.4,8,2.4,400,2.3
"42047","5","62419","77","0","2010","A","N","Elk County, Pennsylvania","Private","Other individual and family services","County, NAICS 5-digit -- by ownership sector","All establishment sizes",3,0,0,0,0,0,0,"N",1.06,0,0,0,0,0,0,"N",0,0.0,0,0,0,0,0,0,0,0,0,0,0,0
"42047","5","624190","78","0","2010","A","N","Elk County, Pennsylvania","Private","Other individual and family services","County, NAICS 6-digit -- by ownership sector","All establishment sizes",3,0,0,0,0,0,0,"N",1.06,0,0,0,0,0,0,"N",0,0.0,0,0,0,0,0,0,0,0,0,0,0,0
"42047","5","6242","76","0","2010","A","N","Elk County, Pennsylvania","Private","Emergency and other relief services","County, NAICS 4-digit -- by ownership sector","All establishment sizes",2,0,0,0,0,0,0,"N",1.81,0,0,0,0,0,0,"N",0,0.0,0,0,0,0,0,0,0,0,0,0,0,0
"42047","5","62422","77","0","2010","A","N","Elk County, Pennsylvania","Private","Community housing services","County, NAICS 5-digit -- by ownership sector","All establishment sizes",1,0,0,0,0,0,0,"N",1.64,0,0,0,0,0,0,"N",0,0.0,0,0,0,0,0,0,0,0,0,0,0,0
"42047","5","624221","78","0","2010","A","N","Elk County, Pennsylvania","Private","Temporary shelters","County, NAICS 6-digit -- by ownership sector","All establishment sizes",1,0,0,0,0,0,0,"N",2.85,0,0,0,0,0,0,"N",0,0.0,0,0,0,0,0,0,0,0,0,0,0,0
"42047","5","624229","78","0","2010","A","N","Elk County, Pennsylvania","Private","Other community housing services","County, NAICS 6-digit -- by ownership sector","All establishment sizes",0,0,0,0,0,0,0,"N",0.00,0,0,0,0,0,0,"N",0,0,0,0,0,0,0,0,0,0,0,0,0,0
"42047","5","62423","77","0","2010","A","N","Elk County, Pennsylvania","Private","Emergency and other relief services","County, NAICS 5-digit -- by ownership sector","All establishment sizes",1,0,0,0,0,0,0,"N",5.39,0,0,0,0,0,0,"N",0,0.0,0,0,0,0,0,0,0,0,0,0,0,0
"42047","5","624230","78","0","2010","A","N","Elk County, Pennsylvania","Private","Emergency and other relief services","County, NAICS 6-digit -- by ownership sector","All establishment sizes",1,0,0,0,0,0,0,"N",5.39,0,0,0,0,0,0,"N",0,0.0,0,0,0,0,0,0,0,0,0,0,0,0
"42047","5","6243","76","0","2010","A","","Elk County, Pennsylvania","Private","Vocational rehabilitation services","County, NAICS 4-digit -- by ownership sector","All establishment sizes",4,90,2039962,821148,61627,437,22729,"",3.73,2.41,3.10,5.73,6.00,1.29,1.29,"N",0,0.0,0,0,0,0,0,0,0,0,0,0,0,0
"42047","5","62431","77","0","2010","A","","Elk County, Pennsylvania","Private","Vocational rehabilitation services","County, NAICS 5-digit -- by ownership sector","All establishment sizes",4,90,2039962,821148,61627,437,22729,"",3.73,2.41,3.10,5.73,6.00,1.29,1.29,"N",0,0.0,0,0,0,0,0,0,0,0,0,0,0,0
"42047","5","624310","78","0","2010","A","","Elk County, Pennsylvania","Private","Vocational rehabilitation services","County, NAICS 6-digit -- by ownership sector","All establishment sizes",4,90,2039962,821148,61627,437,22729,"",3.73,2.41,3.10,5.73,6.00,1.29,1.29,"N",0,0.0,0,0,0,0,0,0,0,0,0,0,0,0
"42047","5","6244","76","0","2010","A","N","Elk County, Pennsylvania","Private","Child day care services","County, NAICS 4-digit -- by ownership sector","All establishment sizes",9,0,0,0,0,0,0,"N",1.15,0,0,0,0,0,0,"N",-1,-10.0,0,0,0,0,0,0,0,0,0,0,0,0
"42047","5","62441","77","0","2010","A","N","Elk County, Pennsylvania","Private","Child day care services","County, NAICS 5-digit -- by ownership sector","All establishment sizes",9,0,0,0,0,0,0,"N",1.15,0,0,0,0,0,0,"N",-1,-10.0,0,0,0,0,0,0,0,0,0,0,0,0
"42047","5","624410","78","0","2010","A","N","Elk County, Pennsylvania","Private","Child day care services","County, NAICS 6-digit -- by ownership sector","All establishment sizes",9,0,0,0,0,0,0,"N",1.15,0,0,0,0,0,0,"N",-1,-10.0,0,0,0,0,0,0,0,0,0,0,0,0
"42047","5","71","74","0","2010","A","","Elk County, Pennsylvania","Private","Arts, entertainment, and recreation","County, NAICS Sector -- by ownership sector","All establishment sizes",11,95,985828,646691,53541,200,10405,"",0.79,0.44,0.19,0.46,0.48,0.44,0.44,"",0,0.0,-3,-3.1,61345,6.6,45877,7.6,7629,16.6,19,10.5,971,10.3
"42047","5","711","75","0","2010","A","N","Elk County, Pennsylvania","Private","Performing arts and spectator sports","County, NAICS 3-digit -- by ownership sector","All establishment sizes",1,0,0,0,0,0,0,"N",0.19,0,0,0,0,0,0,"N",0,0.0,0,0,0,0,0,0,0,0,0,0,0,0
"42047","5","7115","76","0","2010","A","N","Elk County, Pennsylvania","Private","Independent artists, writers, and performers","County, NAICS 4-digit -- by ownership sector","All establishment sizes",1,0,0,0,0,0,0,"N",0.42,0,0,0,0,0,0,"N",0,0.0,0,0,0,0,0,0,0,0,0,0,0,0
"42047","5","71151","77","0","2010","A","N","Elk County, Pennsylvania","Private","Independent artists, writers, and performers","County, NAICS 5-digit -- by ownership sector","All establishment sizes",1,0,0,0,0,0,0,"N",0.42,0,0,0,0,0,0,"N",0,0.0,0,0,0,0,0,0,0,0,0,0,0,0
"42047","5","711510","78","0","2010","A","N","Elk County, Pennsylvania","Private","Independent artists, writers, and performers","County, NAICS 6-digit -- by ownership sector","All establishment sizes",1,0,0,0,0,0,0,"N",0.42,0,0,0,0,0,0,"N",0,0.0,0,0,0,0,0,0,0,0,0,0,0,0
"42047","5","712","75","0","2010","A","N","Elk County, Pennsylvania","Private","Museums, historical sites, zoos, and parks","County, NAICS 3-digit -- by ownership sector","All establishment sizes",1,0,0,0,0,0,0,"N",1.57,0,0,0,0,0,0,"N",0,0.0,0,0,0,0,0,0,0,0,0,0,0,0
"42047","5","7121","76","0","2010","A","N","Elk County, Pennsylvania","Private","Museums, historical sites, zoos, and parks","County, NAICS 4-digit -- by ownership sector","All establishment sizes",1,0,0,0,0,0,0,"N",1.57,0,0,0,0,0,0,"N",0,0.0,0,0,0,0,0,0,0,0,0,0,0,0
"42047","5","71211","77","0","2010","A","N","Elk County, Pennsylvania","Private","Museums","County, NAICS 5-digit -- by ownership sector","All establishment sizes",1,0,0,0,0,0,0,"N",2.36,0,0,0,0,0,0,"N",0,0.0,0,0,0,0,0,0,0,0,0,0,0,0
"42047","5","712110","78","0","2010","A","N","Elk County, Pennsylvania","Private","Museums","County, NAICS 6-digit -- by ownership sector","All establishment sizes",1,0,0,0,0,0,0,"N",2.36,0,0,0,0,0,0,"N",0,0.0,0,0,0,0,0,0,0,0,0,0,0,0
"42047","5","713","75","0","2010","A","","Elk County, Pennsylvania","Private","Amusements, gambling, and recreation","County, NAICS 3-digit -- by ownership sector","All establishment sizes",9,93,970853,631716,53168,201,10467,"",1.13,0.59,0.42,0.63,0.69,0.72,0.72,"",0,0.0,-3,-3.1,58022,6.4,42554,7.2,7628,16.8,19,10.4,983,10.4
"42047","5","7139","76","0","2010","A","","Elk County, Pennsylvania","Private","Other amusement and recreation industries","County, NAICS 4-digit -- by ownership sector","All establishment sizes",9,93,970853,631716,53168,201,10467,"",1.23,0.75,0.58,0.82,0.87,0.78,0.78,"",0,0.0,-3,-3.1,58022,6.4,42554,7.2,7628,16.8,19,10.4,983,10.4
"42047","5","71391","77","0","2010","A","","Elk County, Pennsylvania","Private","Golf courses and country clubs","County, NAICS 5-digit -- by ownership sector","All establishment sizes",3,58,602888,416659,42805,200,10395,"",2.33,1.51,0.96,1.50,1.57,0.64,0.64,"",0,0.0,-2,-3.3,36572,6.5,38493,10.2,5050,13.4,19,10.5,983,10.4
"42047","5","713910","78","0","2010","A","","Elk County, Pennsylvania","Private","Golf courses and country clubs","County, NAICS 6-digit -- by ownership sector","All establishment sizes",3,58,602888,416659,42805,200,10395,"",2.33,1.51,0.96,1.50,1.57,0.64,0.64,"",0,0.0,-2,-3.3,36572,6.5,38493,10.2,5050,13.4,19,10.5,983,10.4
"42047","5","71394","77","0","2010","A","N","Elk County, Pennsylvania","Private","Fitness and recreational sports centers","County, NAICS 5-digit -- by ownership sector","All establishment sizes",2,0,0,0,0,0,0,"N",0.61,0,0,0,0,0,0,"N",0,0.0,0,0,0,0,0,0,0,0,0,0,0,0
"42047","5","713940","78","0","2010","A","N","Elk County, Pennsylvania","Private","Fitness and recreational sports centers","County, NAICS 6-digit -- by ownership sector","All establishment sizes",2,0,0,0,0,0,0,"N",0.61,0,0,0,0,0,0,"N",0,0.0,0,0,0,0,0,0,0,0,0,0,0,0
"42047","5","71395","77","0","2010","A","N","Elk County, Pennsylvania","Private","Bowling centers","County, NAICS 5-digit -- by ownership sector","All establishment sizes",2,0,0,0,0,0,0,"N",4.17,0,0,0,0,0,0,"N",0,0.0,0,0,0,0,0,0,0,0,0,0,0,0
"42047","5","713950","78","0","2010","A","N","Elk County, Pennsylvania","Private","Bowling centers","County, NAICS 6-digit -- by ownership sector","All establishment sizes",2,0,0,0,0,0,0,"N",4.17,0,0,0,0,0,0,"N",0,0.0,0,0,0,0,0,0,0,0,0,0,0,0
"42047","5","71399","77","0","2010","A","N","Elk County, Pennsylvania","Private","All other amusement and recreation industries","County, NAICS 5-digit -- by ownership sector","All establishment sizes",2,0,0,0,0,0,0,"N",1.10,0,0,0,0,0,0,"N",0,0.0,0,0,0,0,0,0,0,0,0,0,0,0
"42047","5","713990","78","0","2010","A","N","Elk County, Pennsylvania","Private","All other amusement and recreation industries","County, NAICS 6-digit -- by ownership sector","All establishment sizes",2,0,0,0,0,0,0,"N",1.10,0,0,0,0,0,0,"N",0,0.0,0,0,0,0,0,0,0,0,0,0,0,0
"42047","5","72","74","0","2010","A","","Elk County, Pennsylvania","Private","Accommodation and food services","County, NAICS Sector -- by ownership sector","All establishment sizes",69,706,6534349,4404653,181984,178,9259,"",0.99,0.56,0.41,0.50,0.37,0.73,0.73,"",2,3.0,32,4.7,547573,9.1,290245,7.1,47365,35.2,7,4.1,380,4.3
"42047","5","721","75","0","2010","A","","Elk County, Pennsylvania","Private","Accommodation","County, NAICS 3-digit -- by ownership sector","All establishment sizes",6,103,1030395,716857,29342,193,10053,"",0.83,0.52,0.27,0.40,0.26,0.52,0.52,"N",-2,-25.0,0,0,0,0,0,0,0,0,0,0,0,0
"42047","5","7211","76","0","2010","A","","Elk County, Pennsylvania","Private","Traveler accommodation","County, NAICS 4-digit -- by ownership sector","All establishment sizes",6,103,1030395,716857,29342,193,10053,"",0.95,0.54,0.28,0.41,0.27,0.52,0.52,"N",-2,-25.0,0,0,0,0,0,0,0,0,0,0,0,0
"42047","5","72111","77","0","2010","A","N","Elk County, Pennsylvania","Private","Hotels and motels, except casino hotels","County, NAICS 5-digit -- by ownership sector","All establishment sizes",5,0,0,0,0,0,0,"N",0.87,0,0,0,0,0,0,"N",-1,-16.7,0,0,0,0,0,0,0,0,0,0,0,0
"42047","5","721110","78","0","2010","A","N","Elk County, Pennsylvania","Private","Hotels and motels, except casino hotels","County, NAICS 6-digit -- by ownership sector","All establishment sizes",5,0,0,0,0,0,0,"N",0.87,0,0,0,0,0,0,"N",-1,-16.7,0,0,0,0,0,0,0,0,0,0,0,0
"42047","5","72119","77","0","2010","A","N","Elk County, Pennsylvania","Private","Other traveler accommodation","County, NAICS 5-digit -- by ownership sector","All establishment sizes",1,0,0,0,0,0,0,"N",1.93,0,0,0,0,0,0,"N",-1,-50.0,0,0,0,0,0,0,0,0,0,0,0,0
"42047","5","721191","78","0","2010","A","N","Elk County, Pennsylvania","Private","Bed-and-breakfast inns","County, NAICS 6-digit -- by ownership sector","All establishment sizes",1,0,0,0,0,0,0,"N",3.13,0,0,0,0,0,0,"N",-1,-50.0,0,0,0,0,0,0,0,0,0,0,0,0
"42047","5","722","75","0","2010","A","","Elk County, Pennsylvania","Private","Food services and drinking places","County, NAICS 3-digit -- by ownership sector","All establishment sizes",63,603,5503954,3687796,152642,175,9124,"",1.01,0.57,0.45,0.52,0.40,0.79,0.79,"N",4,6.8,0,0,0,0,0,0,0,0,0,0,0,0
"42047","5","7221","76","0","2010","A","","Elk County, Pennsylvania","Private","Full-service restaurants","County, NAICS 4-digit -- by ownership sector","All establishment sizes",18,168,1603972,1025003,45756,184,9547,"",0.73,0.33,0.25,0.29,0.25,0.77,0.77,"",2,12.5,9,5.7,172324,12.0,77035,8.1,11849,34.9,10,5.7,524,5.8
"42047","5","72211","77","0","2010","A","","Elk County, Pennsylvania","Private","Full-service restaurants","County, NAICS 5-digit -- by ownership sector","All establishment sizes",18,168,1603972,1025003,45756,184,9547,"",0.73,0.33,0.25,0.29,0.25,0.77,0.77,"",2,12.5,9,5.7,172324,12.0,77035,8.1,11849,34.9,10,5.7,524,5.8
"42047","5","722110","78","0","2010","A","","Elk County, Pennsylvania","Private","Full-service restaurants","County, NAICS 6-digit -- by ownership sector","All establishment sizes",18,168,1603972,1025003,45756,184,9547,"",0.73,0.33,0.25,0.29,0.25,0.77,0.77,"",2,12.5,9,5.7,172324,12.0,77035,8.1,11849,34.9,10,5.7,524,5.8
"42047","5","7222","76","0","2010","A","","Elk County, Pennsylvania","Private","Limited-service eating places","County, NAICS 4-digit -- by ownership sector","All establishment sizes",25,337,2839109,2040887,82323,162,8433,"",0.85,0.74,0.62,0.74,0.63,0.84,0.84,"",3,13.6,18,5.6,303972,12.0,148782,7.9,21409,35.1,9,5.9,475,6.0
"42047","5","72221","77","0","2010","A","","Elk County, Pennsylvania","Private","Limited-service eating places","County, NAICS 5-digit -- by ownership sector","All establishment sizes",25,337,2839109,2040887,82323,162,8433,"",0.85,0.74,0.62,0.74,0.63,0.84,0.84,"",3,13.6,18,5.6,303972,12.0,148782,7.9,21409,35.1,9,5.9,475,6.0
"42047","5","722211","78","0","2010","A","N","Elk County, Pennsylvania","Private","Limited-service restaurants","County, NAICS 6-digit -- by ownership sector","All establishment sizes",24,0,0,0,0,0,0,"N",1.04,0,0,0,0,0,0,"N",2,9.1,0,0,0,0,0,0,0,0,0,0,0,0
"42047","5","722213","78","0","2010","A","N","Elk County, Pennsylvania","Private","Snack and nonalcoholic beverage bars","County, NAICS 6-digit -- by ownership sector","All establishment sizes",1,0,0,0,0,0,0,"N",0.19,0,0,0,0,0,0,"N",1,100.0,0,0,0,0,0,0,0,0,0,0,0,0
"42047","5","7223","76","0","2010","A","N","Elk County, Pennsylvania","Private","Special food services","County, NAICS 4-digit -- by ownership sector","All establishment sizes",4,0,0,0,0,0,0,"N",1.21,0,0,0,0,0,0,"N",0,0.0,0,0,0,0,0,0,0,0,0,0,0,0
"42047","5","72231","77","0","2010","A","N","Elk County, Pennsylvania","Private","Food service contractors","County, NAICS 5-digit -- by ownership sector","All establishment sizes",2,0,0,0,0,0,0,"N",1.10,0,0,0,0,0,0,"N",0,0.0,0,0,0,0,0,0,0,0,0,0,0,0
"42047","5","722310","78","0","2010","A","N","Elk County, Pennsylvania","Private","Food service contractors","County, NAICS 6-digit -- by ownership sector","All establishment sizes",2,0,0,0,0,0,0,"N",1.10,0,0,0,0,0,0,"N",0,0.0,0,0,0,0,0,0,0,0,0,0,0,0
"42047","5","72232","77","0","2010","A","N","Elk County, Pennsylvania","Private","Caterers","County, NAICS 5-digit -- by ownership sector","All establishment sizes",2,0,0,0,0,0,0,"N",1.56,0,0,0,0,0,0,"N",0,0.0,0,0,0,0,0,0,0,0,0,0,0,0
"42047","5","722320","78","0","2010","A","N","Elk County, Pennsylvania","Private","Caterers","County, NAICS 6-digit -- by ownership sector","All establishment sizes",2,0,0,0,0,0,0,"N",1.56,0,0,0,0,0,0,"N",0,0.0,0,0,0,0,0,0,0,0,0,0,0,0
"42047","5","7224","76","0","2010","A","N","Elk County, Pennsylvania","Private","Drinking places, alcoholic beverages","County, NAICS 4-digit -- by ownership sector","All establishment sizes",17,0,0,0,0,0,0,"N",3.29,0,0,0,0,0,0,"N",0,0.0,0,0,0,0,0,0,0,0,0,0,0,0
"42047","5","72241","77","0","2010","A","N","Elk County, Pennsylvania","Private","Drinking places, alcoholic beverages","County, NAICS 5-digit -- by ownership sector","All establishment sizes",17,0,0,0,0,0,0,"N",3.29,0,0,0,0,0,0,"N",0,0.0,0,0,0,0,0,0,0,0,0,0,0,0
"42047","5","722410","78","0","2010","A","N","Elk County, Pennsylvania","Private","Drinking places, alcoholic beverages","County, NAICS 6-digit -- by ownership sector","All establishment sizes",17,0,0,0,0,0,0,"N",3.29,0,0,0,0,0,0,"N",0,0.0,0,0,0,0,0,0,0,0,0,0,0,0
"42047","5","81","74","0","2010","A","","Elk County, Pennsylvania","Private","Other services, except public administration","County, NAICS Sector -- by ownership sector","All establishment sizes",87,446,5792475,2543585,115439,250,12995,"",0.62,0.90,0.54,0.72,0.50,0.60,0.60,"",1,1.2,0,0.0,-67923,-1.2,-146542,-5.4,11362,10.9,-3,-1.2,-155,-1.2
"42047","5","811","75","0","2010","A","","Elk County, Pennsylvania","Private","Repair and maintenance","County, NAICS 3-digit -- by ownership sector","All establishment sizes",27,104,2212059,852372,41855,410,21304,"",1.09,0.80,0.64,0.73,0.54,0.79,0.79,"",3,12.5,-2,-1.9,-45638,-2.0,-101075,-10.6,3688,9.7,0,0.0,5,0.0
"42047","5","8111","76","0","2010","A","","Elk County, Pennsylvania","Private","Automotive repair and maintenance","County, NAICS 4-digit -- by ownership sector","All establishment sizes",24,95,1898052,772409,39056,383,19927,"",1.36,1.05,0.88,0.98,0.79,0.84,0.84,"",2,9.1,-7,-6.9,-231025,-10.9,-149038,-16.2,1958,5.3,-18,-4.5,-946,-4.5
"42047","5","81111","77","0","2010","A","","Elk County, Pennsylvania","Private","Automotive mechanical and electrical repair","County, NAICS 5-digit -- by ownership sector","All establishment sizes",15,49,987319,402933,19956,390,20287,"",1.46,1.19,0.94,1.07,0.87,0.80,0.80,"",0,0.0,-5,-9.3,-61043,-5.8,-98940,-19.7,1472,8.0,18,4.8,962,5.0
"42047","5","811111","78","0","2010","A","N","Elk County, Pennsylvania","Private","General automotive repair","County, NAICS 6-digit -- by ownership sector","All establishment sizes",14,0,0,0,0,0,0,"N",1.64,0,0,0,0,0,0,"N",0,0.0,0,0,0,0,0,0,0,0,0,0,0,0
"42047","5","811118","78","0","2010","A","N","Elk County, Pennsylvania","Private","Other automotive mechanical and elec. repair","County, NAICS 6-digit -- by ownership sector","All establishment sizes",1,0,0,0,0,0,0,"N",1.31,0,0,0,0,0,0,"N",0,0.0,0,0,0,0,0,0,0,0,0,0,0,0
"42047","5","81112","77","0","2010","A","","Elk County, Pennsylvania","Private","Automotive body, interior, and glass repair","County, NAICS 5-digit -- by ownership sector","All establishment sizes",4,24,645200,200722,13795,512,26606,"",0.88,0.92,0.85,0.82,0.81,0.91,0.91,"",0,0.0,-3,-11.1,-141872,-18.0,-28595,-12.5,1798,15.0,-56,-9.9,-2909,-9.9
"42047","5","811121","78","0","2010","A","N","Elk County, Pennsylvania","Private","Automotive body and interior repair","County, NAICS 6-digit -- by ownership sector","All establishment sizes",3,0,0,0,0,0,0,"N",0.77,0,0,0,0,0,0,"N",0,0.0,0,0,0,0,0,0,0,0,0,0,0,0
"42047","5","811122","78","0","2010","A","N","Elk County, Pennsylvania","Private","Automotive glass replacement shops","County, NAICS 6-digit -- by ownership sector","All establishment sizes",1,0,0,0,0,0,0,"N",1.58,0,0,0,0,0,0,"N",0,0.0,0,0,0,0,0,0,0,0,0,0,0,0
"42047","5","81119","77","0","2010","A","","Elk County, Pennsylvania","Private","Other automotive repair and maintenance","County, NAICS 5-digit -- by ownership sector","All establishment sizes",5,22,265533,168754,5305,229,11890,"",1.75,0.94,0.78,0.99,0.57,0.82,0.82,"",2,66.7,1,4.8,-28110,-9.6,-21503,-11.3,-1312,-19.8,-39,-14.6,-2038,-14.6
"42047","5","811191","78","0","2010","A","N","Elk County, Pennsylvania","Private","Automotive oil change and lubrication shops","County, NAICS 6-digit -- by ownership sector","All establishment sizes",2,0,0,0,0,0,0,"N",2.37,0,0,0,0,0,0,"N",1,100.0,0,0,0,0,0,0,0,0,0,0,0,0
"42047","5","811192","78","0","2010","A","N","Elk County, Pennsylvania","Private","Car washes","County, NAICS 6-digit -- by ownership sector","All establishment sizes",4,0,0,0,0,0,0,"N",2.54,0,0,0,0,0,0,"N",2,100.0,0,0,0,0,0,0,0,0,0,0,0,0
"42047","5","8112","76","0","2010","A","N","Elk County, Pennsylvania","Private","Electronic equipment repair and maintenance","County, NAICS 4-digit -- by ownership sector","All establishment sizes",2,0,0,0,0,0,0,"N",1.10,0,0,0,0,0,0,"N",1,100.0,0,0,0,0,0,0,0,0,0,0,0,0
"42047","5","81121","77","0","2010","A","N","Elk County, Pennsylvania","Private","Electronic equipment repair and maintenance","County, NAICS 5-digit -- by ownership sector","All establishment sizes",2,0,0,0,0,0,0,"N",1.10,0,0,0,0,0,0,"N",1,100.0,0,0,0,0,0,0,0,0,0,0,0,0
"42047","5","811212","78","0","2010","A","N","Elk County, Pennsylvania","Private","Computer and office machine repair","County, NAICS 6-digit -- by ownership sector","All establishment sizes",1,0,0,0,0,0,0,"N",1.25,0,0,0,0,0,0,"N",0,0.0,0,0,0,0,0,0,0,0,0,0,0,0
"42047","5","811213","78","0","2010","A","N","Elk County, Pennsylvania","Private","Communication equipment repair","County, NAICS 6-digit -- by ownership sector","All establishment sizes",1,0,0,0,0,0,0,"N",5.31,0,0,0,0,0,0,"N",1,100.0,0,0,0,0,0,0,0,0,0,0,0,0
"42047","5","8113","76","0","2010","A","N","Elk County, Pennsylvania","Private","Commercial machinery repair and maintenance","County, NAICS 4-digit -- by ownership sector","All establishment sizes",1,0,0,0,0,0,0,"N",0.33,0,0,0,0,0,0,"N",0,0.0,0,0,0,0,0,0,0,0,0,0,0,0
"42047","5","81131","77","0","2010","A","N","Elk County, Pennsylvania","Private","Commercial machinery repair and maintenance","County, NAICS 5-digit -- by ownership sector","All establishment sizes",1,0,0,0,0,0,0,"N",0.33,0,0,0,0,0,0,"N",0,0.0,0,0,0,0,0,0,0,0,0,0,0,0
"42047","5","811310","78","0","2010","A","N","Elk County, Pennsylvania","Private","Commercial machinery repair and maintenance","County, NAICS 6-digit -- by ownership sector","All establishment sizes",1,0,0,0,0,0,0,"N",0.33,0,0,0,0,0,0,"N",0,0.0,0,0,0,0,0,0,0,0,0,0,0,0
"42047","5","812","75","0","2010","A","","Elk County, Pennsylvania","Private","Personal and laundry services","County, NAICS 3-digit -- by ownership sector","All establishment sizes",22,72,1249556,530836,18704,335,17395,"",1.02,0.50,0.52,0.50,0.32,1.04,1.04,"N",-2,-8.3,0,0,0,0,0,0,0,0,0,0,0,0
"42047","5","8121","76","0","2010","A","","Elk County, Pennsylvania","Private","Personal care services","County, NAICS 4-digit -- by ownership sector","All establishment sizes",14,47,641930,356253,12833,263,13658,"",1.16,0.69,0.66,0.73,0.53,0.96,0.96,"",0,0.0,-5,-9.6,-99107,-13.4,-16383,-4.4,2121,19.8,-12,-4.4,-639,-4.5
"42047","5","81211","77","0","2010","A","","Elk County, Pennsylvania","Private","Hair, nail, and skin care services","County, NAICS 5-digit -- by ownership sector","All establishment sizes",14,47,641930,356253,12833,263,13658,"",1.39,0.85,0.80,0.87,0.67,0.93,0.93,"",0,0.0,-5,-9.6,-99107,-13.4,-16383,-4.4,2121,19.8,-12,-4.4,-639,-4.5
"42047","5","812112","78","0","2010","A","N","Elk County, Pennsylvania","Private","Beauty salons","County, NAICS 6-digit -- by ownership sector","All establishment sizes",13,0,0,0,0,0,0,"N",1.59,0,0,0,0,0,0,"N",0,0.0,0,0,0,0,0,0,0,0,0,0,0,0
"42047","5","812113","78","0","2010","A","N","Elk County, Pennsylvania","Private","Nail salons","County, NAICS 6-digit -- by ownership sector","All establishment sizes",1,0,0,0,0,0,0,"N",0.65,0,0,0,0,0,0,"N",0,0.0,0,0,0,0,0,0,0,0,0,0,0,0
"42047","5","8122","76","0","2010","A","N","Elk County, Pennsylvania","Private","Death care services","County, NAICS 4-digit -- by ownership sector","All establishment sizes",6,0,0,0,0,0,0,"N",2.92,0,0,0,0,0,0,"N",0,0.0,0,0,0,0,0,0,0,0,0,0,0,0
"42047","5","81221","77","0","2010","A","","Elk County, Pennsylvania","Private","Funeral homes and funeral services","County, NAICS 5-digit -- by ownership sector","All establishment sizes",4,16,488349,117549,2629,593,30843,"",2.57,1.39,1.72,1.42,0.65,1.25,1.25,"N",0,0.0,0,0,0,0,0,0,0,0,0,0,0,0
"42047","5","812210","78","0","2010","A","","Elk County, Pennsylvania","Private","Funeral homes and funeral services","County, NAICS 6-digit -- by ownership sector","All establishment sizes",4,16,488349,117549,2629,593,30843,"",2.57,1.39,1.72,1.42,0.65,1.25,1.25,"N",0,0.0,0,0,0,0,0,0,0,0,0,0,0,0
"42047","5","81222","77","0","2010","A","N","Elk County, Pennsylvania","Private","Cemeteries and crematories","County, NAICS 5-digit -- by ownership sector","All establishment sizes",2,0,0,0,0,0,0,"N",3.98,0,0,0,0,0,0,"N",0,0.0,0,0,0,0,0,0,0,0,0,0,0,0
"42047","5","812220","78","0","2010","A","N","Elk County, Pennsylvania","Private","Cemeteries and crematories","County, NAICS 6-digit -- by ownership sector","All establishment sizes",2,0,0,0,0,0,0,"N",3.98,0,0,0,0,0,0,"N",0,0.0,0,0,0,0,0,0,0,0,0,0,0,0
"42047","5","8123","76","0","2010","A","N","Elk County, Pennsylvania","Private","Drycleaning and laundry services","County, NAICS 4-digit -- by ownership sector","All establishment sizes",2,0,0,0,0,0,0,"N",0.49,0,0,0,0,0,0,"N",-1,-33.3,0,0,0,0,0,0,0,0,0,0,0,0
"42047","5","81232","77","0","2010","A","N","Elk County, Pennsylvania","Private","Drycleaning and laundry services","County, NAICS 5-digit -- by ownership sector","All establishment sizes",2,0,0,0,0,0,0,"N",0.74,0,0,0,0,0,0,"N",-1,-33.3,0,0,0,0,0,0,0,0,0,0,0,0
"42047","5","812320","78","0","2010","A","N","Elk County, Pennsylvania","Private","Drycleaning and laundry services","County, NAICS 6-digit -- by ownership sector","All establishment sizes",2,0,0,0,0,0,0,"N",0.74,0,0,0,0,0,0,"N",-1,-33.3,0,0,0,0,0,0,0,0,0,0,0,0
"42047","5","813","75","0","2010","A","","Elk County, Pennsylvania","Private","Membership associations and organizations","County, NAICS 3-digit -- by ownership sector","All establishment sizes",39,270,2330860,1160377,54880,166,8630,"",2.50,1.80,0.60,1.49,1.06,0.33,0.33,"",2,5.4,10,3.8,150164,6.9,-2874,-0.2,5466,11.1,4,2.5,227,2.7
"42047","5","8131","76","0","2010","A","","Elk County, Pennsylvania","Private","Religious organizations","County, NAICS 4-digit -- by ownership sector","All establishment sizes",4,24,293366,0,0,238,12396,"",1.68,1.16,0.72,0.00,0.00,0.63,0.63,"N",2,100.0,0,0,0,0,0,0,0,0,0,0,0,0
"42047","5","81311","77","0","2010","A","","Elk County, Pennsylvania","Private","Religious organizations","County, NAICS 5-digit -- by ownership sector","All establishment sizes",4,24,293366,0,0,238,12396,"",1.68,1.16,0.72,0.00,0.00,0.63,0.63,"N",2,100.0,0,0,0,0,0,0,0,0,0,0,0,0
"42047","5","813110","78","0","2010","A","","Elk County, Pennsylvania","Private","Religious organizations","County, NAICS 6-digit -- by ownership sector","All establishment sizes",4,24,293366,0,0,238,12396,"",1.68,1.16,0.72,0.00,0.00,0.63,0.63,"N",2,100.0,0,0,0,0,0,0,0,0,0,0,0,0
"42047","5","8132","76","0","2010","A","N","Elk County, Pennsylvania","Private","Grantmaking and giving services","County, NAICS 4-digit -- by ownership sector","All establishment sizes",2,0,0,0,0,0,0,"N",1.35,0,0,0,0,0,0,"N",0,0.0,0,0,0,0,0,0,0,0,0,0,0,0
"42047","5","81321","77","0","2010","A","N","Elk County, Pennsylvania","Private","Grantmaking and giving services","County, NAICS 5-digit -- by ownership sector","All establishment sizes",2,0,0,0,0,0,0,"N",1.35,0,0,0,0,0,0,"N",0,0.0,0,0,0,0,0,0,0,0,0,0,0,0
"42047","5","813211","78","0","2010","A","N","Elk County, Pennsylvania","Private","Grantmaking foundations","County, NAICS 6-digit -- by ownership sector","All establishment sizes",1,0,0,0,0,0,0,"N",1.34,0,0,0,0,0,0,"N",0,0.0,0,0,0,0,0,0,0,0,0,0,0,0
"42047","5","813219","78","0","2010","A","N","Elk County, Pennsylvania","Private","Other grantmaking and giving services","County, NAICS 6-digit -- by ownership sector","All establishment sizes",1,0,0,0,0,0,0,"N",2.73,0,0,0,0,0,0,"N",0,0.0,0,0,0,0,0,0,0,0,0,0,0,0
"42047","5","8133","76","0","2010","A","N","Elk County, Pennsylvania","Private","Social advocacy organizations","County, NAICS 4-digit -- by ownership sector","All establishment sizes",2,0,0,0,0,0,0,"N",0.97,0,0,0,0,0,0,"N",0,0.0,0,0,0,0,0,0,0,0,0,0,0,0
"42047","5","81331","77","0","2010","A","N","Elk County, Pennsylvania","Private","Social advocacy organizations","County, NAICS 5-digit -- by ownership sector","All establishment sizes",2,0,0,0,0,0,0,"N",0.97,0,0,0,0,0,0,"N",0,0.0,0,0,0,0,0,0,0,0,0,0,0,0
"42047","5","813312","78","0","2010","A","N","Elk County, Pennsylvania","Private","Environment and conservation organizations","County, NAICS 6-digit -- by ownership sector","All establishment sizes",2,0,0,0,0,0,0,"N",3.50,0,0,0,0,0,0,"N",0,0.0,0,0,0,0,0,0,0,0,0,0,0,0
"42047","5","8134","76","0","2010","A","","Elk County, Pennsylvania","Private","Civic and social organizations","County, NAICS 4-digit -- by ownership sector","All establishment sizes",24,186,1283837,905853,43029,133,6905,"",7.88,4.17,2.28,6.93,5.06,0.55,0.55,"",0,0.0,-14,-7.0,-81143,-5.9,-41002,-4.3,3223,8.1,2,1.5,80,1.2
"42047","5","81341","77","0","2010","A","","Elk County, Pennsylvania","Private","Civic and social organizations","County, NAICS 5-digit -- by ownership sector","All establishment sizes",24,186,1283837,905853,43029,133,6905,"",7.88,4.17,2.28,6.93,5.06,0.55,0.55,"",0,0.0,-14,-7.0,-81143,-5.9,-41002,-4.3,3223,8.1,2,1.5,80,1.2
"42047","5","813410","78","0","2010","A","","Elk County, Pennsylvania","Private","Civic and social organizations","County, NAICS 6-digit -- by ownership sector","All establishment sizes",24,186,1283837,905853,43029,133,6905,"",7.88,4.17,2.28,6.93,5.06,0.55,0.55,"",0,0.0,-14,-7.0,-81143,-5.9,-41002,-4.3,3223,8.1,2,1.5,80,1.2
"42047","5","8139","76","0","2010","A","","Elk County, Pennsylvania","Private","Professional and similar organizations","County, NAICS 4-digit -- by ownership sector","All establishment sizes",7,44,306243,149186,7308,135,7013,"",1.06,0.91,0.17,0.41,0.32,0.19,0.19,"",0,0.0,6,15.8,20819,7.3,13146,9.7,1382,23.3,-8,-5.6,-433,-5.8
"42047","5","81391","77","0","2010","A","N","Elk County, Pennsylvania","Private","Business associations","County, NAICS 5-digit -- by ownership sector","All establishment sizes",2,0,0,0,0,0,0,"N",0.91,0,0,0,0,0,0,"N",0,0.0,0,0,0,0,0,0,0,0,0,0,0,0
"42047","5","813910","78","0","2010","A","N","Elk County, Pennsylvania","Private","Business associations","County, NAICS 6-digit -- by ownership sector","All establishment sizes",2,0,0,0,0,0,0,"N",0.91,0,0,0,0,0,0,"N",0,0.0,0,0,0,0,0,0,0,0,0,0,0,0
"42047","5","81393","77","0","2010","A","","Elk County, Pennsylvania","Private","Labor unions and similar labor organizations","County, NAICS 5-digit -- by ownership sector","All establishment sizes",4,39,202556,112293,5420,99,5150,"",2.45,2.80,0.54,1.28,1.02,0.19,0.19,"",0,0.0,6,18.2,16008,8.6,16712,17.5,613,12.8,-10,-9.2,-503,-8.9
"42047","5","813930","78","0","2010","A","","Elk County, Pennsylvania","Private","Labor unions and similar labor organizations","County, NAICS 6-digit -- by ownership sector","All establishment sizes",4,39,202556,112293,5420,99,5150,"",2.45,2.80,0.54,1.28,1.02,0.19,0.19,"",0,0.0,6,18.2,16008,8.6,16712,17.5,613,12.8,-10,-9.2,-503,-8.9
"42047","5","81399","77","0","2010","A","N","Elk County, Pennsylvania","Private","Other similar organizations","County, NAICS 5-digit -- by ownership sector","All establishment sizes",1,0,0,0,0,0,0,"N",0.58,0,0,0,0,0,0,"N",0,0.0,0,0,0,0,0,0,0,0,0,0,0,0
"42047","5","813990","78","0","2010","A","N","Elk County, Pennsylvania","Private","Other similar organizations","County, NAICS 6-digit -- by ownership sector","All establishment sizes",1,0,0,0,0,0,0,"N",0.58,0,0,0,0,0,0,"N",0,0.0,0,0,0,0,0,0,0,0,0,0,0,0
