"area_fips","own_code","industry_code","agglvl_code","size_code","year","qtr","disclosure_code","area_title","own_title","industry_title","agglvl_title","size_title","annual_avg_estabs_count","annual_avg_emplvl","total_annual_wages","taxable_annual_wages","annual_contributions","annual_avg_wkly_wage","avg_annual_pay","lq_disclosure_code","lq_annual_avg_estabs_count","lq_annual_avg_emplvl","lq_total_annual_wages","lq_taxable_annual_wages","lq_annual_contributions","lq_annual_avg_wkly_wage","lq_avg_annual_pay","oty_disclosure_code","oty_annual_avg_estabs_count_chg","oty_annual_avg_estabs_count_pct_chg","oty_annual_avg_emplvl_chg","oty_annual_avg_emplvl_pct_chg","oty_total_annual_wages_chg","oty_total_annual_wages_pct_chg","oty_taxable_annual_wages_chg","oty_taxable_annual_wages_pct_chg","oty_annual_contributions_chg","oty_annual_contributions_pct_chg","oty_annual_avg_wkly_wage_chg","oty_annual_avg_wkly_wage_pct_chg","oty_avg_annual_pay_chg","oty_avg_annual_pay_pct_chg"
"72091","0","10","70","0","2010","A","","Manati Municipio, Puerto Rico","Total Covered","Total, all industries","County, Total Covered","All establishment sizes",672,12669,326620622,81310896,2450364,496,25782,"",1.00,1.00,1.00,1.00,1.00,1.00,1.00,"",-19,-2.7,88,0.7,-1699248,-0.5,3552039,4.6,261520,11.9,-6,-1.2,-315,-1.2
"72091","1","10","71","0","2010","A","","Manati Municipio, Puerto Rico","Federal Government","Total, all industries","County, Total -- by ownership sector","All establishment sizes",3,40,2437942,0,0,1177,61204,"",0.60,0.14,0.22,0.00,0.00,1.60,1.60,"",-1,-25.0,-2,-4.8,-82061,-3.3,0,0.0,0,0.0,14,1.2,724,1.2
"72091","1","102","72","0","2010","A","","Manati Municipio, Puerto Rico","Federal Government","Service-providing","County, by Domain -- by ownership sector","All establishment sizes",3,40,2437942,0,0,1177,61204,"",0.60,0.14,0.22,0.00,0.00,1.61,1.61,"",-1,-25.0,-2,-4.8,-82061,-3.3,0,0.0,0,0.0,14,1.2,724,1.2
"72091","1","1021","73","0","2010","A","","Manati Municipio, Puerto Rico","Federal Government","Trade, transportation, and utilities","County, by Supersector -- by ownership sector","All establishment sizes",1,25,1562481,0,0,1182,61475,"",0.43,0.34,0.70,0.00,0.00,2.01,2.01,"",0,0.0,-2,-7.4,-36270,-2.3,0,0.0,0,0.0,25,2.2,1334,2.2
"72091","1","1028","73","0","2010","A","","Manati Municipio, Puerto Rico","Federal Government","Public administration","County, by Supersector -- by ownership sector","All establishment sizes",2,14,875461,0,0,1168,60726,"",0.90,0.08,0.13,0.00,0.00,1.46,1.46,"",-1,-33.3,-1,-6.7,-45791,-5.0,0,0.0,0,0.0,-7,-0.6,-351,-0.6
"72091","1","48-49","74","0","2010","A","","Manati Municipio, Puerto Rico","Federal Government","Transportation and warehousing","County, NAICS Sector -- by ownership sector","All establishment sizes",1,25,1562481,0,0,1182,61475,"",0.44,0.38,0.75,0.00,0.00,1.96,1.96,"",0,0.0,-2,-7.4,-36270,-2.3,0,0.0,0,0.0,25,2.2,1334,2.2
"72091","1","491","75","0","2010","A","","Manati Municipio, Puerto Rico","Federal Government","Postal service","County, NAICS 3-digit -- by ownership sector","All establishment sizes",1,25,1562481,0,0,1182,61475,"",0.44,0.38,0.78,0.00,0.00,1.99,2.00,"",0,0.0,-2,-7.4,-36270,-2.3,0,0.0,0,0.0,25,2.2,1334,2.2
"72091","1","4911","76","0","2010","A","","Manati Municipio, Puerto Rico","Federal Government","Postal service","County, NAICS 4-digit -- by ownership sector","All establishment sizes",1,25,1562481,0,0,1182,61475,"",0.44,0.38,0.78,0.00,0.00,1.99,2.00,"",0,0.0,-2,-7.4,-36270,-2.3,0,0.0,0,0.0,25,2.2,1334,2.2
"72091","1","49111","77","0","2010","A","","Manati Municipio, Puerto Rico","Federal Government","Postal service","County, NAICS 5-digit -- by ownership sector","All establishment sizes",1,25,1562481,0,0,1182,61475,"",0.44,0.38,0.78,0.00,0.00,1.99,2.00,"",0,0.0,-2,-7.4,-36270,-2.3,0,0.0,0,0.0,25,2.2,1334,2.2
"72091","1","491110","78","0","2010","A","","Manati Municipio, Puerto Rico","Federal Government","Postal service","County, NAICS 6-digit -- by ownership sector","All establishment sizes",1,25,1562481,0,0,1182,61475,"",0.44,0.38,0.78,0.00,0.00,1.99,2.00,"",0,0.0,-2,-7.4,-36270,-2.3,0,0.0,0,0.0,25,2.2,1334,2.2
"72091","1","92","74","0","2010","A","","Manati Municipio, Puerto Rico","Federal Government","Public administration","County, NAICS Sector -- by ownership sector","All establishment sizes",2,14,875461,0,0,1168,60726,"",0.90,0.08,0.13,0.00,0.00,1.46,1.46,"",-1,-33.3,-1,-6.7,-45791,-5.0,0,0.0,0,0.0,-7,-0.6,-351,-0.6
"72091","1","923","75","0","2010","A","","Manati Municipio, Puerto Rico","Federal Government","Administration of human resource programs","County, NAICS 3-digit -- by ownership sector","All establishment sizes",1,14,875461,0,0,1168,60726,"",4.92,0.85,1.18,0.00,0.00,1.35,1.35,"",0,0.0,-1,-6.7,-34012,-3.7,0,0.0,0,0.0,-18,-1.5,-933,-1.5
"72091","1","9231","76","0","2010","A","","Manati Municipio, Puerto Rico","Federal Government","Administration of human resource programs","County, NAICS 4-digit -- by ownership sector","All establishment sizes",1,14,875461,0,0,1168,60726,"",4.92,0.85,1.18,0.00,0.00,1.35,1.35,"",0,0.0,-1,-6.7,-34012,-3.7,0,0.0,0,0.0,-18,-1.5,-933,-1.5
"72091","1","92313","77","0","2010","A","","Manati Municipio, Puerto Rico","Federal Government","Other human resource programs administration","County, NAICS 5-digit -- by ownership sector","All establishment sizes",1,14,875461,0,0,1168,60726,"",7.96,1.83,2.82,0.00,0.00,1.50,1.50,"",0,0.0,-1,-6.7,-34012,-3.7,0,0.0,0,0.0,-18,-1.5,-933,-1.5
"72091","1","923130","78","0","2010","A","","Manati Municipio, Puerto Rico","Federal Government","Other human resource programs administration","County, NAICS 6-digit -- by ownership sector","All establishment sizes",1,14,875461,0,0,1168,60726,"",7.96,1.83,2.82,0.00,0.00,1.50,1.50,"",0,0.0,-1,-6.7,-34012,-3.7,0,0.0,0,0.0,-18,-1.5,-933,-1.5
"72091","1","926","75","0","2010","A","","Manati Municipio, Puerto Rico","Federal Government","Administration of economic programs","County, NAICS 3-digit -- by ownership sector","All establishment sizes",1,0,0,0,0,0,0,"",1.17,0.00,0.00,0.00,0.00,0.00,0.00,"",0,0.0,0,0.0,-11779,-100.0,0,0.0,0,0.0,-680,-100.0,-35337,-100.0
"72091","1","9261","76","0","2010","A","","Manati Municipio, Puerto Rico","Federal Government","Administration of economic programs","County, NAICS 4-digit -- by ownership sector","All establishment sizes",1,0,0,0,0,0,0,"",1.17,0.00,0.00,0.00,0.00,0.00,0.00,"",0,0.0,0,0.0,-11779,-100.0,0,0.0,0,0.0,-680,-100.0,-35337,-100.0
"72091","1","92614","77","0","2010","A","","Manati Municipio, Puerto Rico","Federal Government","Agricultural market and commodity regulation","County, NAICS 5-digit -- by ownership sector","All establishment sizes",1,0,0,0,0,0,0,"",3.78,0.00,0.00,0.00,0.00,0.00,0.00,"",0,0.0,0,0.0,-11779,-100.0,0,0.0,0,0.0,-680,-100.0,-35337,-100.0
"72091","1","926140","78","0","2010","A","","Manati Municipio, Puerto Rico","Federal Government","Agricultural market and commodity regulation","County, NAICS 6-digit -- by ownership sector","All establishment sizes",1,0,0,0,0,0,0,"",3.78,0.00,0.00,0.00,0.00,0.00,0.00,"",0,0.0,0,0.0,-11779,-100.0,0,0.0,0,0.0,-680,-100.0,-35337,-100.0
"72091","2","10","71","0","2010","A","N","Manati Municipio, Puerto Rico","State Government","Total, all industries","County, Total -- by ownership sector","All establishment sizes",21,0,0,0,0,0,0,"N",4.20,0,0,0,0,0,0,"N",1,5.0,0,0,0,0,0,0,0,0,0,0,0,0
"72091","2","102","72","0","2010","A","N","Manati Municipio, Puerto Rico","State Government","Service-providing","County, by Domain -- by ownership sector","All establishment sizes",21,0,0,0,0,0,0,"N",4.32,0,0,0,0,0,0,"N",1,5.0,0,0,0,0,0,0,0,0,0,0,0,0
"72091","2","1021","73","0","2010","A","N","Manati Municipio, Puerto Rico","State Government","Trade, transportation, and utilities","County, by Supersector -- by ownership sector","All establishment sizes",2,0,0,0,0,0,0,"N",27.59,0,0,0,0,0,0,"N",0,0.0,0,0,0,0,0,0,0,0,0,0,0,0
"72091","2","1025","73","0","2010","A","N","Manati Municipio, Puerto Rico","State Government","Education and health services","County, by Supersector -- by ownership sector","All establishment sizes",3,0,0,0,0,0,0,"N",2.98,0,0,0,0,0,0,"N",1,50.0,0,0,0,0,0,0,0,0,0,0,0,0
"72091","2","1028","73","0","2010","A","","Manati Municipio, Puerto Rico","State Government","Public administration","County, by Supersector -- by ownership sector","All establishment sizes",16,548,16220880,0,0,569,29578,"",4.44,2.96,3.18,0.00,0.00,1.07,1.07,"",0,0.0,-367,-40.1,-7452141,-31.5,0,0.0,0,0.0,71,14.3,3706,14.3
"72091","2","22","74","0","2010","A","N","Manati Municipio, Puerto Rico","State Government","Utilities","County, NAICS Sector -- by ownership sector","All establishment sizes",2,0,0,0,0,0,0,"N",652.81,0,0,0,0,0,0,"N",0,0.0,0,0,0,0,0,0,0,0,0,0,0,0
"72091","2","221","75","0","2010","A","N","Manati Municipio, Puerto Rico","State Government","Utilities","County, NAICS 3-digit -- by ownership sector","All establishment sizes",2,0,0,0,0,0,0,"N",652.81,0,0,0,0,0,0,"N",0,0.0,0,0,0,0,0,0,0,0,0,0,0,0
"72091","2","2211","76","0","2010","A","N","Manati Municipio, Puerto Rico","State Government","Power generation and supply","County, NAICS 4-digit -- by ownership sector","All establishment sizes",1,0,0,0,0,0,0,"N",514.72,0,0,0,0,0,0,"N",0,0.0,0,0,0,0,0,0,0,0,0,0,0,0
"72091","2","22112","77","0","2010","A","N","Manati Municipio, Puerto Rico","State Government","Electric power transmission and distribution","County, NAICS 5-digit -- by ownership sector","All establishment sizes",1,0,0,0,0,0,0,"N",1216.60,0,0,0,0,0,0,"N",1,100.0,0,0,0,0,0,0,0,0,0,0,0,0
"72091","2","221122","78","0","2010","A","N","Manati Municipio, Puerto Rico","State Government","Electric power distribution","County, NAICS 6-digit -- by ownership sector","All establishment sizes",1,0,0,0,0,0,0,"N",1486.96,0,0,0,0,0,0,"N",1,100.0,0,0,0,0,0,0,0,0,0,0,0,0
"72091","2","2213","76","0","2010","A","N","Manati Municipio, Puerto Rico","State Government","Water, sewage and other systems","County, NAICS 4-digit -- by ownership sector","All establishment sizes",1,0,0,0,0,0,0,"N",892.17,0,0,0,0,0,0,"N",0,0.0,0,0,0,0,0,0,0,0,0,0,0,0
"72091","2","22131","77","0","2010","A","N","Manati Municipio, Puerto Rico","State Government","Water supply and irrigation systems","County, NAICS 5-digit -- by ownership sector","All establishment sizes",1,0,0,0,0,0,0,"N",1115.22,0,0,0,0,0,0,"N",0,0.0,0,0,0,0,0,0,0,0,0,0,0,0
"72091","2","221310","78","0","2010","A","N","Manati Municipio, Puerto Rico","State Government","Water supply and irrigation systems","County, NAICS 6-digit -- by ownership sector","All establishment sizes",1,0,0,0,0,0,0,"N",1115.22,0,0,0,0,0,0,"N",0,0.0,0,0,0,0,0,0,0,0,0,0,0,0
"72091","2","61","74","0","2010","A","N","Manati Municipio, Puerto Rico","State Government","Educational services","County, NAICS Sector -- by ownership sector","All establishment sizes",2,0,0,0,0,0,0,"N",3.55,0,0,0,0,0,0,"N",1,100.0,0,0,0,0,0,0,0,0,0,0,0,0
"72091","2","611","75","0","2010","A","N","Manati Municipio, Puerto Rico","State Government","Educational services","County, NAICS 3-digit -- by ownership sector","All establishment sizes",2,0,0,0,0,0,0,"N",3.55,0,0,0,0,0,0,"N",1,100.0,0,0,0,0,0,0,0,0,0,0,0,0
"72091","2","6111","76","0","2010","A","N","Manati Municipio, Puerto Rico","State Government","Elementary and secondary schools","County, NAICS 4-digit -- by ownership sector","All establishment sizes",2,0,0,0,0,0,0,"N",33.04,0,0,0,0,0,0,"N",1,100.0,0,0,0,0,0,0,0,0,0,0,0,0
"72091","2","61111","77","0","2010","A","N","Manati Municipio, Puerto Rico","State Government","Elementary and secondary schools","County, NAICS 5-digit -- by ownership sector","All establishment sizes",2,0,0,0,0,0,0,"N",33.04,0,0,0,0,0,0,"N",1,100.0,0,0,0,0,0,0,0,0,0,0,0,0
"72091","2","611110","78","0","2010","A","N","Manati Municipio, Puerto Rico","State Government","Elementary and secondary schools","County, NAICS 6-digit -- by ownership sector","All establishment sizes",2,0,0,0,0,0,0,"N",33.04,0,0,0,0,0,0,"N",1,100.0,0,0,0,0,0,0,0,0,0,0,0,0
"72091","2","62","74","0","2010","A","N","Manati Municipio, Puerto Rico","State Government","Health care and social assistance","County, NAICS Sector -- by ownership sector","All establishment sizes",1,0,0,0,0,0,0,"N",2.26,0,0,0,0,0,0,"N",0,0.0,0,0,0,0,0,0,0,0,0,0,0,0
"72091","2","621","75","0","2010","A","N","Manati Municipio, Puerto Rico","State Government","Ambulatory health care services","County, NAICS 3-digit -- by ownership sector","All establishment sizes",1,0,0,0,0,0,0,"N",13.03,0,0,0,0,0,0,"N",0,0.0,0,0,0,0,0,0,0,0,0,0,0,0
"72091","2","6219","76","0","2010","A","N","Manati Municipio, Puerto Rico","State Government","Other ambulatory health care services","County, NAICS 4-digit -- by ownership sector","All establishment sizes",1,0,0,0,0,0,0,"N",0.00,0,0,0,0,0,0,"N",0,0.0,0,0,0,0,0,0,0,0,0,0,0,0
"72091","2","62191","77","0","2010","A","N","Manati Municipio, Puerto Rico","State Government","Ambulance services","County, NAICS 5-digit -- by ownership sector","All establishment sizes",1,0,0,0,0,0,0,"N",0.00,0,0,0,0,0,0,"N",0,0.0,0,0,0,0,0,0,0,0,0,0,0,0
"72091","2","621910","78","0","2010","A","N","Manati Municipio, Puerto Rico","State Government","Ambulance services","County, NAICS 6-digit -- by ownership sector","All establishment sizes",1,0,0,0,0,0,0,"N",0.00,0,0,0,0,0,0,"N",0,0.0,0,0,0,0,0,0,0,0,0,0,0,0
"72091","2","92","74","0","2010","A","","Manati Municipio, Puerto Rico","State Government","Public administration","County, NAICS Sector -- by ownership sector","All establishment sizes",16,548,16220880,0,0,569,29578,"",4.44,2.96,3.18,0.00,0.00,1.07,1.07,"",0,0.0,-367,-40.1,-7452141,-31.5,0,0.0,0,0.0,71,14.3,3706,14.3
"72091","2","921","75","0","2010","A","N","Manati Municipio, Puerto Rico","State Government","Executive, legislative and general government","County, NAICS 3-digit -- by ownership sector","All establishment sizes",4,0,0,0,0,0,0,"N",10.13,0,0,0,0,0,0,"N",0,0.0,0,0,0,0,0,0,0,0,0,0,0,0
"72091","2","9211","76","0","2010","A","N","Manati Municipio, Puerto Rico","State Government","Executive, legislative and general government","County, NAICS 4-digit -- by ownership sector","All establishment sizes",4,0,0,0,0,0,0,"N",10.13,0,0,0,0,0,0,"N",0,0.0,0,0,0,0,0,0,0,0,0,0,0,0
"72091","2","92111","77","0","2010","A","N","Manati Municipio, Puerto Rico","State Government","Executive offices","County, NAICS 5-digit -- by ownership sector","All establishment sizes",1,0,0,0,0,0,0,"N",31.12,0,0,0,0,0,0,"N",0,0.0,0,0,0,0,0,0,0,0,0,0,0,0
"72091","2","921110","78","0","2010","A","N","Manati Municipio, Puerto Rico","State Government","Executive offices","County, NAICS 6-digit -- by ownership sector","All establishment sizes",1,0,0,0,0,0,0,"N",31.12,0,0,0,0,0,0,"N",0,0.0,0,0,0,0,0,0,0,0,0,0,0,0
"72091","2","92113","77","0","2010","A","N","Manati Municipio, Puerto Rico","State Government","Public finance activities","County, NAICS 5-digit -- by ownership sector","All establishment sizes",1,0,0,0,0,0,0,"N",5.64,0,0,0,0,0,0,"N",0,0.0,0,0,0,0,0,0,0,0,0,0,0,0
"72091","2","921130","78","0","2010","A","N","Manati Municipio, Puerto Rico","State Government","Public finance activities","County, NAICS 6-digit -- by ownership sector","All establishment sizes",1,0,0,0,0,0,0,"N",5.64,0,0,0,0,0,0,"N",0,0.0,0,0,0,0,0,0,0,0,0,0,0,0
"72091","2","92119","77","0","2010","A","N","Manati Municipio, Puerto Rico","State Government","Other general government support","County, NAICS 5-digit -- by ownership sector","All establishment sizes",2,0,0,0,0,0,0,"N",13.44,0,0,0,0,0,0,"N",0,0.0,0,0,0,0,0,0,0,0,0,0,0,0
"72091","2","921190","78","0","2010","A","N","Manati Municipio, Puerto Rico","State Government","Other general government support","County, NAICS 6-digit -- by ownership sector","All establishment sizes",2,0,0,0,0,0,0,"N",13.44,0,0,0,0,0,0,"N",0,0.0,0,0,0,0,0,0,0,0,0,0,0,0
"72091","2","922","75","0","2010","A","","Manati Municipio, Puerto Rico","State Government","Justice, public order, and safety activities","County, NAICS 3-digit -- by ownership sector","All establishment sizes",4,111,2177005,0,0,377,19627,"",3.91,1.50,1.06,0.00,0.00,0.71,0.71,"",0,0.0,-5,-4.3,-65987,-2.9,0,0.0,0,0.0,6,1.6,332,1.7
"72091","2","9221","76","0","2010","A","","Manati Municipio, Puerto Rico","State Government","Justice, public order, and safety activities","County, NAICS 4-digit -- by ownership sector","All establishment sizes",4,111,2177005,0,0,377,19627,"",3.91,1.50,1.06,0.00,0.00,0.71,0.71,"",0,0.0,-5,-4.3,-65987,-2.9,0,0.0,0,0.0,6,1.6,332,1.7
"72091","2","92211","77","0","2010","A","N","Manati Municipio, Puerto Rico","State Government","Courts","County, NAICS 5-digit -- by ownership sector","All establishment sizes",1,0,0,0,0,0,0,"N",4.40,0,0,0,0,0,0,"N",0,0.0,0,0,0,0,0,0,0,0,0,0,0,0
"72091","2","922110","78","0","2010","A","N","Manati Municipio, Puerto Rico","State Government","Courts","County, NAICS 6-digit -- by ownership sector","All establishment sizes",1,0,0,0,0,0,0,"N",4.40,0,0,0,0,0,0,"N",0,0.0,0,0,0,0,0,0,0,0,0,0,0,0
"72091","2","92212","77","0","2010","A","N","Manati Municipio, Puerto Rico","State Government","Police protection","County, NAICS 5-digit -- by ownership sector","All establishment sizes",1,0,0,0,0,0,0,"N",5.30,0,0,0,0,0,0,"N",0,0.0,0,0,0,0,0,0,0,0,0,0,0,0
"72091","2","922120","78","0","2010","A","N","Manati Municipio, Puerto Rico","State Government","Police protection","County, NAICS 6-digit -- by ownership sector","All establishment sizes",1,0,0,0,0,0,0,"N",5.30,0,0,0,0,0,0,"N",0,0.0,0,0,0,0,0,0,0,0,0,0,0,0
"72091","2","92213","77","0","2010","A","N","Manati Municipio, Puerto Rico","State Government","Legal counsel and prosecution","County, NAICS 5-digit -- by ownership sector","All establishment sizes",1,0,0,0,0,0,0,"N",6.08,0,0,0,0,0,0,"N",0,0.0,0,0,0,0,0,0,0,0,0,0,0,0
"72091","2","922130","78","0","2010","A","N","Manati Municipio, Puerto Rico","State Government","Legal counsel and prosecution","County, NAICS 6-digit -- by ownership sector","All establishment sizes",1,0,0,0,0,0,0,"N",6.08,0,0,0,0,0,0,"N",0,0.0,0,0,0,0,0,0,0,0,0,0,0,0
"72091","2","92216","77","0","2010","A","N","Manati Municipio, Puerto Rico","State Government","Fire protection","County, NAICS 5-digit -- by ownership sector","All establishment sizes",1,0,0,0,0,0,0,"N",61.67,0,0,0,0,0,0,"N",0,0.0,0,0,0,0,0,0,0,0,0,0,0,0
"72091","2","922160","78","0","2010","A","N","Manati Municipio, Puerto Rico","State Government","Fire protection","County, NAICS 6-digit -- by ownership sector","All establishment sizes",1,0,0,0,0,0,0,"N",61.67,0,0,0,0,0,0,"N",0,0.0,0,0,0,0,0,0,0,0,0,0,0,0
"72091","2","923","75","0","2010","A","","Manati Municipio, Puerto Rico","State Government","Administration of human resource programs","County, NAICS 3-digit -- by ownership sector","All establishment sizes",6,134,5341825,0,0,768,39939,"",7.88,3.16,4.75,0.00,0.00,1.50,1.51,"",0,0.0,-365,-73.1,-7264851,-57.6,0,0.0,0,0.0,282,58.0,14688,58.2
"72091","2","9231","76","0","2010","A","","Manati Municipio, Puerto Rico","State Government","Administration of human resource programs","County, NAICS 4-digit -- by ownership sector","All establishment sizes",6,134,5341825,0,0,768,39939,"",7.88,3.16,4.75,0.00,0.00,1.50,1.51,"",0,0.0,-365,-73.1,-7264851,-57.6,0,0.0,0,0.0,282,58.0,14688,58.2
"72091","2","92313","77","0","2010","A","","Manati Municipio, Puerto Rico","State Government","Other human resource programs administration","County, NAICS 5-digit -- by ownership sector","All establishment sizes",6,134,5341825,0,0,768,39939,"",15.29,5.52,8.46,0.00,0.00,1.53,1.53,"N",1,20.0,0,0,0,0,0,0,0,0,0,0,0,0
"72091","2","923130","78","0","2010","A","","Manati Municipio, Puerto Rico","State Government","Other human resource programs administration","County, NAICS 6-digit -- by ownership sector","All establishment sizes",6,134,5341825,0,0,768,39939,"",15.29,5.52,8.46,0.00,0.00,1.53,1.53,"N",1,20.0,0,0,0,0,0,0,0,0,0,0,0,0
"72091","2","926","75","0","2010","A","N","Manati Municipio, Puerto Rico","State Government","Administration of economic programs","County, NAICS 3-digit -- by ownership sector","All establishment sizes",2,0,0,0,0,0,0,"N",2.39,0,0,0,0,0,0,"N",0,0.0,0,0,0,0,0,0,0,0,0,0,0,0
"72091","2","9261","76","0","2010","A","N","Manati Municipio, Puerto Rico","State Government","Administration of economic programs","County, NAICS 4-digit -- by ownership sector","All establishment sizes",2,0,0,0,0,0,0,"N",2.39,0,0,0,0,0,0,"N",0,0.0,0,0,0,0,0,0,0,0,0,0,0,0
"72091","2","92612","77","0","2010","A","N","Manati Municipio, Puerto Rico","State Government","Transportation program administration","County, NAICS 5-digit -- by ownership sector","All establishment sizes",1,0,0,0,0,0,0,"N",3.63,0,0,0,0,0,0,"N",0,0.0,0,0,0,0,0,0,0,0,0,0,0,0
"72091","2","926120","78","0","2010","A","N","Manati Municipio, Puerto Rico","State Government","Transportation program administration","County, NAICS 6-digit -- by ownership sector","All establishment sizes",1,0,0,0,0,0,0,"N",3.63,0,0,0,0,0,0,"N",0,0.0,0,0,0,0,0,0,0,0,0,0,0,0
"72091","2","92615","77","0","2010","A","N","Manati Municipio, Puerto Rico","State Government","Licensing and regulating commercial sectors","County, NAICS 5-digit -- by ownership sector","All establishment sizes",1,0,0,0,0,0,0,"N",4.62,0,0,0,0,0,0,"N",0,0.0,0,0,0,0,0,0,0,0,0,0,0,0
"72091","2","926150","78","0","2010","A","N","Manati Municipio, Puerto Rico","State Government","Licensing and regulating commercial sectors","County, NAICS 6-digit -- by ownership sector","All establishment sizes",1,0,0,0,0,0,0,"N",4.62,0,0,0,0,0,0,"N",0,0.0,0,0,0,0,0,0,0,0,0,0,0,0
"72091","3","10","71","0","2010","A","N","Manati Municipio, Puerto Rico","Local Government","Total, all industries","County, Total -- by ownership sector","All establishment sizes",1,0,0,0,0,0,0,"N",0.08,0,0,0,0,0,0,"N",0,0.0,0,0,0,0,0,0,0,0,0,0,0,0
"72091","3","102","72","0","2010","A","N","Manati Municipio, Puerto Rico","Local Government","Service-providing","County, by Domain -- by ownership sector","All establishment sizes",1,0,0,0,0,0,0,"N",0.08,0,0,0,0,0,0,"N",0,0.0,0,0,0,0,0,0,0,0,0,0,0,0
"72091","3","1028","73","0","2010","A","N","Manati Municipio, Puerto Rico","Local Government","Public administration","County, by Supersector -- by ownership sector","All establishment sizes",1,0,0,0,0,0,0,"N",0.22,0,0,0,0,0,0,"N",0,0.0,0,0,0,0,0,0,0,0,0,0,0,0
"72091","3","92","74","0","2010","A","N","Manati Municipio, Puerto Rico","Local Government","Public administration","County, NAICS Sector -- by ownership sector","All establishment sizes",1,0,0,0,0,0,0,"N",0.22,0,0,0,0,0,0,"N",0,0.0,0,0,0,0,0,0,0,0,0,0,0,0
"72091","3","921","75","0","2010","A","N","Manati Municipio, Puerto Rico","Local Government","Executive, legislative and general government","County, NAICS 3-digit -- by ownership sector","All establishment sizes",1,0,0,0,0,0,0,"N",0.37,0,0,0,0,0,0,"N",0,0.0,0,0,0,0,0,0,0,0,0,0,0,0
"72091","3","9211","76","0","2010","A","N","Manati Municipio, Puerto Rico","Local Government","Executive, legislative and general government","County, NAICS 4-digit -- by ownership sector","All establishment sizes",1,0,0,0,0,0,0,"N",0.37,0,0,0,0,0,0,"N",0,0.0,0,0,0,0,0,0,0,0,0,0,0,0
"72091","3","92111","77","0","2010","A","N","Manati Municipio, Puerto Rico","Local Government","Executive offices","County, NAICS 5-digit -- by ownership sector","All establishment sizes",1,0,0,0,0,0,0,"N",2.98,0,0,0,0,0,0,"N",0,0.0,0,0,0,0,0,0,0,0,0,0,0,0
"72091","3","921110","78","0","2010","A","N","Manati Municipio, Puerto Rico","Local Government","Executive offices","County, NAICS 6-digit -- by ownership sector","All establishment sizes",1,0,0,0,0,0,0,"N",2.98,0,0,0,0,0,0,"N",0,0.0,0,0,0,0,0,0,0,0,0,0,0,0
"72091","5","10","71","0","2010","A","","Manati Municipio, Puerto Rico","Private","Total, all industries","County, Total -- by ownership sector","All establishment sizes",647,10063,257528467,81310896,2450364,492,25592,"",1.00,0.96,0.96,1.02,1.01,1.00,1.00,"",-19,-2.9,357,3.7,8018483,3.2,3552039,4.6,261520,11.9,-2,-0.4,-116,-0.5
"72091","5","101","72","0","2010","A","","Manati Municipio, Puerto Rico","Private","Goods-producing","County, by Domain -- by ownership sector","All establishment sizes",63,1572,88269219,16486417,341176,1080,56148,"",0.67,0.84,1.58,0.97,0.50,1.87,1.87,"",-11,-14.9,-226,-12.6,-6770538,-7.1,-2515764,-13.2,-45657,-11.8,63,6.2,3280,6.2
"72091","5","1011","73","0","2010","A","","Manati Municipio, Puerto Rico","Private","Natural resources and mining","County, by Supersector -- by ownership sector","All establishment sizes",20,81,1393578,760230,21317,330,17134,"",2.11,0.45,0.28,0.46,0.39,0.62,0.62,"",-2,-9.1,-23,-22.1,47545,3.5,-29945,-3.8,-131,-0.6,80,32.0,4139,31.9
"72091","5","1012","73","0","2010","A","","Manati Municipio, Puerto Rico","Private","Construction","County, by Supersector -- by ownership sector","All establishment sizes",21,161,2664205,1365309,57239,317,16505,"",0.35,0.30,0.18,0.25,0.22,0.60,0.60,"",-4,-16.0,-28,-14.8,-656220,-19.8,-303626,-18.2,-16865,-22.8,-21,-6.2,-1056,-6.0
"72091","5","1013","73","0","2010","A","","Manati Municipio, Puerto Rico","Private","Manufacturing","County, by Supersector -- by ownership sector","All establishment sizes",23,1329,84211436,14360878,262620,1218,63349,"",0.90,1.17,2.33,1.45,0.72,2.00,2.00,"",-4,-14.8,-176,-11.7,-6161863,-6.8,-2182193,-13.2,-28661,-9.8,63,5.5,3300,5.5
"72091","5","102","72","0","2010","A","","Manati Municipio, Puerto Rico","Private","Service-providing","County, by Domain -- by ownership sector","All establishment sizes",584,8491,169259248,64824479,2109188,383,19935,"",1.05,0.98,0.79,1.04,1.20,0.81,0.81,"",-8,-1.4,583,7.4,14789021,9.6,6067803,10.3,307177,17.0,7,1.9,401,2.1
"72091","5","1021","73","0","2010","A","","Manati Municipio, Puerto Rico","Private","Trade, transportation, and utilities","County, by Supersector -- by ownership sector","All establishment sizes",171,2536,42735317,18475352,588720,324,16854,"",1.22,1.05,0.82,0.98,1.18,0.78,0.78,"",-7,-3.9,155,6.5,4153669,10.8,1615730,9.6,59097,11.2,12,3.8,650,4.0
"72091","5","1022","73","0","2010","A","","Manati Municipio, Puerto Rico","Private","Information","County, by Supersector -- by ownership sector","All establishment sizes",5,58,2411707,415921,8775,803,41761,"",0.47,0.22,0.22,0.17,0.11,1.02,1.02,"",0,0.0,2,3.6,62160,2.6,33476,8.8,739,9.2,-3,-0.4,-133,-0.3
"72091","5","1023","73","0","2010","A","","Manati Municipio, Puerto Rico","Private","Financial activities","County, by Supersector -- by ownership sector","All establishment sizes",34,290,8570873,2211154,65580,569,29580,"",0.56,0.40,0.29,0.35,0.36,0.72,0.73,"",-1,-2.9,34,13.3,1989736,30.2,475173,27.4,14730,29.0,74,14.9,3839,14.9
"72091","5","1024","73","0","2010","A","","Manati Municipio, Puerto Rico","Private","Professional and business services","County, by Supersector -- by ownership sector","All establishment sizes",71,1050,21711436,10147464,484141,398,20687,"",0.62,0.63,0.40,0.68,0.97,0.62,0.62,"",-4,-5.3,176,20.1,3480390,19.1,2096199,26.0,138043,39.9,-3,-0.7,-168,-0.8
"72091","5","1025","73","0","2010","A","","Manati Municipio, Puerto Rico","Private","Education and health services","County, by Supersector -- by ownership sector","All establishment sizes",208,3722,84104727,27686936,775592,435,22596,"",3.13,2.01,1.89,3.21,3.81,0.94,0.94,"",4,2.0,166,4.7,4179265,5.2,1552261,5.9,80445,11.6,3,0.7,121,0.5
"72091","5","1026","73","0","2010","A","","Manati Municipio, Puerto Rico","Private","Leisure and hospitality","County, by Supersector -- by ownership sector","All establishment sizes",59,748,8677423,5220321,166520,223,11594,"",1.06,0.58,0.63,0.62,0.82,1.08,1.08,"",1,1.7,55,7.9,1006366,13.1,346818,7.1,13966,9.2,10,4.7,518,4.7
"72091","5","1027","73","0","2010","A","","Manati Municipio, Puerto Rico","Private","Other services","County, by Supersector -- by ownership sector","All establishment sizes",37,87,1047765,667331,19860,231,11997,"",0.39,0.20,0.15,0.23,0.26,0.74,0.74,"",0,0.0,-1,-1.1,-42158,-3.9,-11447,-1.7,1038,5.5,-8,-3.3,-447,-3.6
"72091","5","11","74","0","2010","A","N","Manati Municipio, Puerto Rico","Private","Agriculture, forestry, fishing and hunting","County, NAICS Sector -- by ownership sector","All establishment sizes",19,0,0,0,0,0,0,"N",2.67,0,0,0,0,0,0,"N",-2,-9.5,0,0,0,0,0,0,0,0,0,0,0,0
"72091","5","111","75","0","2010","A","N","Manati Municipio, Puerto Rico","Private","Crop production","County, NAICS 3-digit -- by ownership sector","All establishment sizes",9,0,0,0,0,0,0,"N",2.81,0,0,0,0,0,0,"N",-2,-18.2,0,0,0,0,0,0,0,0,0,0,0,0
"72091","5","1113","76","0","2010","A","","Manati Municipio, Puerto Rico","Private","Fruit and tree nut farming","County, NAICS 4-digit -- by ownership sector","All establishment sizes",7,31,739578,399198,11875,453,23541,"",8.10,1.70,3.44,2.66,1.94,2.00,2.00,"N",-1,-12.5,0,0,0,0,0,0,0,0,0,0,0,0
"72091","5","11133","77","0","2010","A","","Manati Municipio, Puerto Rico","Private","Noncitrus fruit and tree nut farming","County, NAICS 5-digit -- by ownership sector","All establishment sizes",7,31,739578,399198,11875,453,23541,"",8.76,1.80,3.70,2.76,2.02,2.02,2.02,"N",-1,-12.5,0,0,0,0,0,0,0,0,0,0,0,0
"72091","5","111339","78","0","2010","A","","Manati Municipio, Puerto Rico","Private","Other noncitrus fruit farming","County, NAICS 6-digit -- by ownership sector","All establishment sizes",7,31,739578,399198,11875,453,23541,"",33.54,9.14,20.86,13.01,9.87,2.26,2.25,"N",-1,-12.5,0,0,0,0,0,0,0,0,0,0,0,0
"72091","5","1119","76","0","2010","A","N","Manati Municipio, Puerto Rico","Private","Other crop farming","County, NAICS 4-digit -- by ownership sector","All establishment sizes",2,0,0,0,0,0,0,"N",2.82,0,0,0,0,0,0,"N",-1,-33.3,0,0,0,0,0,0,0,0,0,0,0,0
"72091","5","11199","77","0","2010","A","N","Manati Municipio, Puerto Rico","Private","All other crop farming","County, NAICS 5-digit -- by ownership sector","All establishment sizes",2,0,0,0,0,0,0,"N",6.77,0,0,0,0,0,0,"N",0,0.0,0,0,0,0,0,0,0,0,0,0,0,0
"72091","5","111998","78","0","2010","A","N","Manati Municipio, Puerto Rico","Private","All other miscellaneous crop farming","County, NAICS 6-digit -- by ownership sector","All establishment sizes",2,0,0,0,0,0,0,"N",7.66,0,0,0,0,0,0,"N",0,0.0,0,0,0,0,0,0,0,0,0,0,0,0
"72091","5","112","75","0","2010","A","","Manati Municipio, Puerto Rico","Private","Animal production and aquaculture","County, NAICS 3-digit -- by ownership sector","All establishment sizes",10,45,615893,329949,7931,264,13712,"",5.92,2.02,1.67,1.63,2.16,0.83,0.83,"N",0,0.0,0,0,0,0,0,0,0,0,0,0,0,0
"72091","5","1121","76","0","2010","A","","Manati Municipio, Puerto Rico","Private","Cattle ranching and farming","County, NAICS 4-digit -- by ownership sector","All establishment sizes",8,41,585830,301366,7105,274,14260,"",7.32,3.11,2.82,2.58,3.20,0.90,0.91,"",0,0.0,-2,-4.7,30817,5.6,5642,1.9,1691,31.2,23,9.2,1201,9.2
"72091","5","11211","77","0","2010","A","N","Manati Municipio, Puerto Rico","Private","Beef cattle ranching, farming, and feedlots","County, NAICS 5-digit -- by ownership sector","All establishment sizes",1,0,0,0,0,0,0,"N",1.69,0,0,0,0,0,0,"N",0,0.0,0,0,0,0,0,0,0,0,0,0,0,0
"72091","5","112111","78","0","2010","A","N","Manati Municipio, Puerto Rico","Private","Beef cattle ranching and farming","County, NAICS 6-digit -- by ownership sector","All establishment sizes",1,0,0,0,0,0,0,"N",1.96,0,0,0,0,0,0,"N",0,0.0,0,0,0,0,0,0,0,0,0,0,0,0
"72091","5","11212","77","0","2010","A","N","Manati Municipio, Puerto Rico","Private","Dairy cattle and milk production","County, NAICS 5-digit -- by ownership sector","All establishment sizes",7,0,0,0,0,0,0,"N",13.98,0,0,0,0,0,0,"N",0,0.0,0,0,0,0,0,0,0,0,0,0,0,0
"72091","5","112120","78","0","2010","A","N","Manati Municipio, Puerto Rico","Private","Dairy cattle and milk production","County, NAICS 6-digit -- by ownership sector","All establishment sizes",7,0,0,0,0,0,0,"N",13.98,0,0,0,0,0,0,"N",0,0.0,0,0,0,0,0,0,0,0,0,0,0,0
"72091","5","1122","76","0","2010","A","N","Manati Municipio, Puerto Rico","Private","Hog and pig farming","County, NAICS 4-digit -- by ownership sector","All establishment sizes",2,0,0,0,0,0,0,"N",12.21,0,0,0,0,0,0,"N",1,100.0,0,0,0,0,0,0,0,0,0,0,0,0
"72091","5","11221","77","0","2010","A","N","Manati Municipio, Puerto Rico","Private","Hog and pig farming","County, NAICS 5-digit -- by ownership sector","All establishment sizes",2,0,0,0,0,0,0,"N",12.21,0,0,0,0,0,0,"N",1,100.0,0,0,0,0,0,0,0,0,0,0,0,0
"72091","5","112210","78","0","2010","A","N","Manati Municipio, Puerto Rico","Private","Hog and pig farming","County, NAICS 6-digit -- by ownership sector","All establishment sizes",2,0,0,0,0,0,0,"N",12.21,0,0,0,0,0,0,"N",1,100.0,0,0,0,0,0,0,0,0,0,0,0,0
"72091","5","1123","76","0","2010","A","N","Manati Municipio, Puerto Rico","Private","Poultry and egg production","County, NAICS 4-digit -- by ownership sector","All establishment sizes",1,0,0,0,0,0,0,"N",7.89,0,0,0,0,0,0,"N",0,0.0,0,0,0,0,0,0,0,0,0,0,0,0
"72091","5","11239","77","0","2010","A","N","Manati Municipio, Puerto Rico","Private","Other poultry production","County, NAICS 5-digit -- by ownership sector","All establishment sizes",1,0,0,0,0,0,0,"N",122.78,0,0,0,0,0,0,"N",0,0.0,0,0,0,0,0,0,0,0,0,0,0,0
"72091","5","112390","78","0","2010","A","N","Manati Municipio, Puerto Rico","Private","Other poultry production","County, NAICS 6-digit -- by ownership sector","All establishment sizes",1,0,0,0,0,0,0,"N",122.78,0,0,0,0,0,0,"N",0,0.0,0,0,0,0,0,0,0,0,0,0,0,0
"72091","5","21","74","0","2010","A","N","Manati Municipio, Puerto Rico","Private","Mining, quarrying, and oil and gas extraction","County, NAICS Sector -- by ownership sector","All establishment sizes",1,0,0,0,0,0,0,"N",0.42,0,0,0,0,0,0,"N",0,0.0,0,0,0,0,0,0,0,0,0,0,0,0
"72091","5","212","75","0","2010","A","N","Manati Municipio, Puerto Rico","Private","Mining, except oil and gas","County, NAICS 3-digit -- by ownership sector","All establishment sizes",1,0,0,0,0,0,0,"N",1.78,0,0,0,0,0,0,"N",0,0.0,0,0,0,0,0,0,0,0,0,0,0,0
"72091","5","2123","76","0","2010","A","N","Manati Municipio, Puerto Rico","Private","Nonmetallic mineral mining and quarrying","County, NAICS 4-digit -- by ownership sector","All establishment sizes",1,0,0,0,0,0,0,"N",2.29,0,0,0,0,0,0,"N",0,0.0,0,0,0,0,0,0,0,0,0,0,0,0
"72091","5","21232","77","0","2010","A","N","Manati Municipio, Puerto Rico","Private","Sand, gravel, clay, and refractory mining","County, NAICS 5-digit -- by ownership sector","All establishment sizes",1,0,0,0,0,0,0,"N",4.71,0,0,0,0,0,0,"N",0,0.0,0,0,0,0,0,0,0,0,0,0,0,0
"72091","5","212321","78","0","2010","A","N","Manati Municipio, Puerto Rico","Private","Construction sand and gravel mining","County, NAICS 6-digit -- by ownership sector","All establishment sizes",1,0,0,0,0,0,0,"N",5.41,0,0,0,0,0,0,"N",0,0.0,0,0,0,0,0,0,0,0,0,0,0,0
"72091","5","23","74","0","2010","A","","Manati Municipio, Puerto Rico","Private","Construction","County, NAICS Sector -- by ownership sector","All establishment sizes",21,161,2664205,1365309,57239,317,16505,"",0.35,0.30,0.18,0.25,0.22,0.60,0.60,"",-4,-16.0,-28,-14.8,-656220,-19.8,-303626,-18.2,-16865,-22.8,-21,-6.2,-1056,-6.0
"72091","5","236","75","0","2010","A","","Manati Municipio, Puerto Rico","Private","Construction of buildings","County, NAICS 3-digit -- by ownership sector","All establishment sizes",11,107,1880506,884221,39513,338,17561,"",0.62,0.88,0.52,0.73,0.69,0.59,0.59,"",-3,-21.4,-26,-19.5,-652279,-25.8,-294131,-25.0,-13755,-25.8,-28,-7.7,-1459,-7.7
"72091","5","2361","76","0","2010","A","","Manati Municipio, Puerto Rico","Private","Residential building construction","County, NAICS 4-digit -- by ownership sector","All establishment sizes",5,15,216163,113643,3246,285,14823,"",0.36,0.26,0.16,0.21,0.15,0.63,0.63,"",-3,-37.5,-12,-44.4,-197153,-47.7,-117319,-50.8,-6434,-66.5,-7,-2.4,-345,-2.3
"72091","5","23611","77","0","2010","A","","Manati Municipio, Puerto Rico","Private","Residential building construction","County, NAICS 5-digit -- by ownership sector","All establishment sizes",5,15,216163,113643,3246,285,14823,"",0.36,0.26,0.16,0.21,0.15,0.63,0.63,"",-3,-37.5,-12,-44.4,-197153,-47.7,-117319,-50.8,-6434,-66.5,-7,-2.4,-345,-2.3
"72091","5","236115","78","0","2010","A","N","Manati Municipio, Puerto Rico","Private","New single-family general contractors","County, NAICS 6-digit -- by ownership sector","All establishment sizes",0,0,0,0,0,0,0,"N",0.00,0,0,0,0,0,0,"N",-4,-100.0,0,0,0,0,0,0,0,0,0,0,0,0
"72091","5","236118","78","0","2010","A","N","Manati Municipio, Puerto Rico","Private","Residential remodelers","County, NAICS 6-digit -- by ownership sector","All establishment sizes",5,0,0,0,0,0,0,"N",0.83,0,0,0,0,0,0,"N",1,25.0,0,0,0,0,0,0,0,0,0,0,0,0
"72091","5","2362","76","0","2010","A","","Manati Municipio, Puerto Rico","Private","Nonresidential building construction","County, NAICS 4-digit -- by ownership sector","All establishment sizes",6,93,1664343,770578,36267,346,17993,"",1.56,1.44,0.74,1.14,1.02,0.51,0.51,"",0,0.0,-13,-12.3,-455126,-21.5,-176812,-18.7,-7321,-16.8,-39,-10.1,-2018,-10.1
"72091","5","23621","77","0","2010","A","N","Manati Municipio, Puerto Rico","Private","Industrial building construction","County, NAICS 5-digit -- by ownership sector","All establishment sizes",3,0,0,0,0,0,0,"N",6.54,0,0,0,0,0,0,"N",1,50.0,0,0,0,0,0,0,0,0,0,0,0,0
"72091","5","236210","78","0","2010","A","N","Manati Municipio, Puerto Rico","Private","Industrial building construction","County, NAICS 6-digit -- by ownership sector","All establishment sizes",3,0,0,0,0,0,0,"N",6.54,0,0,0,0,0,0,"N",1,50.0,0,0,0,0,0,0,0,0,0,0,0,0
"72091","5","23622","77","0","2010","A","N","Manati Municipio, Puerto Rico","Private","Commercial building construction","County, NAICS 5-digit -- by ownership sector","All establishment sizes",3,0,0,0,0,0,0,"N",0.88,0,0,0,0,0,0,"N",-1,-25.0,0,0,0,0,0,0,0,0,0,0,0,0
"72091","5","236220","78","0","2010","A","N","Manati Municipio, Puerto Rico","Private","Commercial building construction","County, NAICS 6-digit -- by ownership sector","All establishment sizes",3,0,0,0,0,0,0,"N",0.88,0,0,0,0,0,0,"N",-1,-25.0,0,0,0,0,0,0,0,0,0,0,0,0
"72091","5","237","75","0","2010","A","","Manati Municipio, Puerto Rico","Private","Heavy and civil engineering construction","County, NAICS 3-digit -- by ownership sector","All establishment sizes",4,9,136959,89988,3052,287,14941,"",1.01,0.11,0.05,0.10,0.06,0.46,0.46,"",0,0.0,0,0.0,-5895,-4.1,1017,1.1,-1056,-25.7,-7,-2.4,-365,-2.4
"72091","5","2371","76","0","2010","A","N","Manati Municipio, Puerto Rico","Private","Utility system construction","County, NAICS 4-digit -- by ownership sector","All establishment sizes",2,0,0,0,0,0,0,"N",1.12,0,0,0,0,0,0,"N",0,0.0,0,0,0,0,0,0,0,0,0,0,0,0
"72091","5","23711","77","0","2010","A","N","Manati Municipio, Puerto Rico","Private","Water and sewer system construction","County, NAICS 5-digit -- by ownership sector","All establishment sizes",2,0,0,0,0,0,0,"N",2.03,0,0,0,0,0,0,"N",0,0.0,0,0,0,0,0,0,0,0,0,0,0,0
"72091","5","237110","78","0","2010","A","N","Manati Municipio, Puerto Rico","Private","Water and sewer system construction","County, NAICS 6-digit -- by ownership sector","All establishment sizes",2,0,0,0,0,0,0,"N",2.03,0,0,0,0,0,0,"N",0,0.0,0,0,0,0,0,0,0,0,0,0,0,0
"72091","5","2372","76","0","2010","A","N","Manati Municipio, Puerto Rico","Private","Land subdivision","County, NAICS 4-digit -- by ownership sector","All establishment sizes",1,0,0,0,0,0,0,"N",1.35,0,0,0,0,0,0,"N",0,0.0,0,0,0,0,0,0,0,0,0,0,0,0
"72091","5","23721","77","0","2010","A","N","Manati Municipio, Puerto Rico","Private","Land subdivision","County, NAICS 5-digit -- by ownership sector","All establishment sizes",1,0,0,0,0,0,0,"N",1.35,0,0,0,0,0,0,"N",0,0.0,0,0,0,0,0,0,0,0,0,0,0,0
"72091","5","237210","78","0","2010","A","N","Manati Municipio, Puerto Rico","Private","Land subdivision","County, NAICS 6-digit -- by ownership sector","All establishment sizes",1,0,0,0,0,0,0,"N",1.35,0,0,0,0,0,0,"N",0,0.0,0,0,0,0,0,0,0,0,0,0,0,0
"72091","5","2373","76","0","2010","A","N","Manati Municipio, Puerto Rico","Private","Highway, street, and bridge construction","County, NAICS 4-digit -- by ownership sector","All establishment sizes",1,0,0,0,0,0,0,"N",1.19,0,0,0,0,0,0,"N",0,0.0,0,0,0,0,0,0,0,0,0,0,0,0
"72091","5","23731","77","0","2010","A","N","Manati Municipio, Puerto Rico","Private","Highway, street, and bridge construction","County, NAICS 5-digit -- by ownership sector","All establishment sizes",1,0,0,0,0,0,0,"N",1.19,0,0,0,0,0,0,"N",0,0.0,0,0,0,0,0,0,0,0,0,0,0,0
"72091","5","237310","78","0","2010","A","N","Manati Municipio, Puerto Rico","Private","Highway, street, and bridge construction","County, NAICS 6-digit -- by ownership sector","All establishment sizes",1,0,0,0,0,0,0,"N",1.19,0,0,0,0,0,0,"N",0,0.0,0,0,0,0,0,0,0,0,0,0,0,0
"72091","5","238","75","0","2010","A","","Manati Municipio, Puerto Rico","Private","Specialty trade contractors","County, NAICS 3-digit -- by ownership sector","All establishment sizes",7,45,646740,391100,14674,275,14319,"",0.19,0.13,0.07,0.12,0.09,0.56,0.57,"",0,0.0,-2,-4.3,1954,0.3,-10512,-2.6,-2054,-12.3,9,3.4,477,3.4
"72091","5","2381","76","0","2010","A","N","Manati Municipio, Puerto Rico","Private","Building foundation and exterior contractors","County, NAICS 4-digit -- by ownership sector","All establishment sizes",1,0,0,0,0,0,0,"N",0.13,0,0,0,0,0,0,"N",0,0.0,0,0,0,0,0,0,0,0,0,0,0,0
"72091","5","23816","77","0","2010","A","N","Manati Municipio, Puerto Rico","Private","Roofing contractors","County, NAICS 5-digit -- by ownership sector","All establishment sizes",1,0,0,0,0,0,0,"N",0.66,0,0,0,0,0,0,"N",0,0.0,0,0,0,0,0,0,0,0,0,0,0,0
"72091","5","238161","78","0","2010","A","N","Manati Municipio, Puerto Rico","Private","Residential roofing contractors","County, NAICS 6-digit -- by ownership sector","All establishment sizes",1,0,0,0,0,0,0,"N",0.91,0,0,0,0,0,0,"N",0,0.0,0,0,0,0,0,0,0,0,0,0,0,0
"72091","5","2382","76","0","2010","A","N","Manati Municipio, Puerto Rico","Private","Building equipment contractors","County, NAICS 4-digit -- by ownership sector","All establishment sizes",6,0,0,0,0,0,0,"N",0.41,0,0,0,0,0,0,"N",-1,-14.3,0,0,0,0,0,0,0,0,0,0,0,0
"72091","5","23821","77","0","2010","A","N","Manati Municipio, Puerto Rico","Private","Electrical and wiring contractors","County, NAICS 5-digit -- by ownership sector","All establishment sizes",6,0,0,0,0,0,0,"N",0.94,0,0,0,0,0,0,"N",-1,-14.3,0,0,0,0,0,0,0,0,0,0,0,0
"72091","5","238211","78","0","2010","A","N","Manati Municipio, Puerto Rico","Private","Residential electrical contractors","County, NAICS 6-digit -- by ownership sector","All establishment sizes",3,0,0,0,0,0,0,"N",0.82,0,0,0,0,0,0,"N",-1,-25.0,0,0,0,0,0,0,0,0,0,0,0,0
"72091","5","238212","78","0","2010","A","","Manati Municipio, Puerto Rico","Private","Nonresidential electrical contractors","County, NAICS 6-digit -- by ownership sector","All establishment sizes",3,26,389654,181834,8124,293,15231,"",1.10,0.54,0.25,0.37,0.33,0.48,0.48,"N",0,0.0,0,0,0,0,0,0,0,0,0,0,0,0
"72091","5","31-33","74","0","2010","A","","Manati Municipio, Puerto Rico","Private","Manufacturing","County, NAICS Sector -- by ownership sector","All establishment sizes",23,1329,84211436,14360878,262620,1218,63349,"",0.90,1.17,2.33,1.45,0.72,2.00,2.00,"",-4,-14.8,-176,-11.7,-6161863,-6.8,-2182193,-13.2,-28661,-9.8,63,5.5,3300,5.5
"72091","5","311","75","0","2010","A","","Manati Municipio, Puerto Rico","Private","Food manufacturing","County, NAICS 3-digit -- by ownership sector","All establishment sizes",4,17,198627,120122,2819,223,11571,"",1.88,0.12,0.06,0.09,0.08,0.52,0.52,"",-1,-20.0,-15,-46.9,-193650,-49.4,-110127,-47.8,-5560,-66.4,-16,-6.7,-849,-6.8
"72091","5","3118","76","0","2010","A","N","Manati Municipio, Puerto Rico","Private","Bakeries and tortilla manufacturing","County, NAICS 4-digit -- by ownership sector","All establishment sizes",3,0,0,0,0,0,0,"N",3.51,0,0,0,0,0,0,"N",0,0.0,0,0,0,0,0,0,0,0,0,0,0,0
"72091","5","31181","77","0","2010","A","N","Manati Municipio, Puerto Rico","Private","Bread and bakery product manufacturing","County, NAICS 5-digit -- by ownership sector","All establishment sizes",3,0,0,0,0,0,0,"N",3.99,0,0,0,0,0,0,"N",0,0.0,0,0,0,0,0,0,0,0,0,0,0,0
"72091","5","311811","78","0","2010","A","N","Manati Municipio, Puerto Rico","Private","Retail bakeries","County, NAICS 6-digit -- by ownership sector","All establishment sizes",2,0,0,0,0,0,0,"N",3.91,0,0,0,0,0,0,"N",0,0.0,0,0,0,0,0,0,0,0,0,0,0,0
"72091","5","311812","78","0","2010","A","N","Manati Municipio, Puerto Rico","Private","Commercial bakeries","County, NAICS 6-digit -- by ownership sector","All establishment sizes",1,0,0,0,0,0,0,"N",4.45,0,0,0,0,0,0,"N",0,0.0,0,0,0,0,0,0,0,0,0,0,0,0
"72091","5","3119","76","0","2010","A","N","Manati Municipio, Puerto Rico","Private","Other food manufacturing","County, NAICS 4-digit -- by ownership sector","All establishment sizes",1,0,0,0,0,0,0,"N",3.67,0,0,0,0,0,0,"N",0,0.0,0,0,0,0,0,0,0,0,0,0,0,0
"72091","5","31194","77","0","2010","A","N","Manati Municipio, Puerto Rico","Private","Seasoning and dressing manufacturing","County, NAICS 5-digit -- by ownership sector","All establishment sizes",1,0,0,0,0,0,0,"N",17.63,0,0,0,0,0,0,"N",0,0.0,0,0,0,0,0,0,0,0,0,0,0,0
"72091","5","311941","78","0","2010","A","N","Manati Municipio, Puerto Rico","Private","Mayonnaise, dressing, and sauce manufacturing","County, NAICS 6-digit -- by ownership sector","All establishment sizes",1,0,0,0,0,0,0,"N",45.67,0,0,0,0,0,0,"N",0,0.0,0,0,0,0,0,0,0,0,0,0,0,0
"72091","5","323","75","0","2010","A","N","Manati Municipio, Puerto Rico","Private","Printing and related support activities","County, NAICS 3-digit -- by ownership sector","All establishment sizes",3,0,0,0,0,0,0,"N",1.25,0,0,0,0,0,0,"N",-1,-25.0,0,0,0,0,0,0,0,0,0,0,0,0
"72091","5","3231","76","0","2010","A","N","Manati Municipio, Puerto Rico","Private","Printing and related support activities","County, NAICS 4-digit -- by ownership sector","All establishment sizes",3,0,0,0,0,0,0,"N",1.25,0,0,0,0,0,0,"N",-1,-25.0,0,0,0,0,0,0,0,0,0,0,0,0
"72091","5","32311","77","0","2010","A","N","Manati Municipio, Puerto Rico","Private","Printing","County, NAICS 5-digit -- by ownership sector","All establishment sizes",3,0,0,0,0,0,0,"N",1.34,0,0,0,0,0,0,"N",-1,-25.0,0,0,0,0,0,0,0,0,0,0,0,0
"72091","5","323110","78","0","2010","A","N","Manati Municipio, Puerto Rico","Private","Commercial lithographic printing","County, NAICS 6-digit -- by ownership sector","All establishment sizes",2,0,0,0,0,0,0,"N",2.92,0,0,0,0,0,0,"N",-1,-33.3,0,0,0,0,0,0,0,0,0,0,0,0
"72091","5","323114","78","0","2010","A","N","Manati Municipio, Puerto Rico","Private","Quick printing","County, NAICS 6-digit -- by ownership sector","All establishment sizes",1,0,0,0,0,0,0,"N",1.76,0,0,0,0,0,0,"N",0,0.0,0,0,0,0,0,0,0,0,0,0,0,0
"72091","5","325","75","0","2010","A","","Manati Municipio, Puerto Rico","Private","Chemical manufacturing","County, NAICS 3-digit -- by ownership sector","All establishment sizes",7,974,66894302,11242448,201857,1321,68680,"",5.84,12.51,18.93,16.47,10.37,1.51,1.51,"",-1,-12.5,-58,-5.6,-3491772,-5.0,-1739064,-13.4,-23338,-10.4,10,0.8,498,0.7
"72091","5","3253","76","0","2010","A","N","Manati Municipio, Puerto Rico","Private","Agricultural chemical manufacturing","County, NAICS 4-digit -- by ownership sector","All establishment sizes",2,0,0,0,0,0,0,"N",23.56,0,0,0,0,0,0,"N",-1,-33.3,0,0,0,0,0,0,0,0,0,0,0,0
"72091","5","32532","77","0","2010","A","N","Manati Municipio, Puerto Rico","Private","Pesticide and other ag. chemical mfg.","County, NAICS 5-digit -- by ownership sector","All establishment sizes",2,0,0,0,0,0,0,"N",96.98,0,0,0,0,0,0,"N",-1,-33.3,0,0,0,0,0,0,0,0,0,0,0,0
"72091","5","325320","78","0","2010","A","N","Manati Municipio, Puerto Rico","Private","Pesticide and other ag. chemical mfg.","County, NAICS 6-digit -- by ownership sector","All establishment sizes",2,0,0,0,0,0,0,"N",96.98,0,0,0,0,0,0,"N",-1,-33.3,0,0,0,0,0,0,0,0,0,0,0,0
"72091","5","3254","76","0","2010","A","N","Manati Municipio, Puerto Rico","Private","Pharmaceutical and medicine manufacturing","County, NAICS 4-digit -- by ownership sector","All establishment sizes",5,0,0,0,0,0,0,"N",23.64,0,0,0,0,0,0,"N",0,0.0,0,0,0,0,0,0,0,0,0,0,0,0
"72091","5","32541","77","0","2010","A","N","Manati Municipio, Puerto Rico","Private","Pharmaceutical and medicine manufacturing","County, NAICS 5-digit -- by ownership sector","All establishment sizes",5,0,0,0,0,0,0,"N",23.64,0,0,0,0,0,0,"N",0,0.0,0,0,0,0,0,0,0,0,0,0,0,0
"72091","5","325412","78","0","2010","A","N","Manati Municipio, Puerto Rico","Private","Pharmaceutical preparation manufacturing","County, NAICS 6-digit -- by ownership sector","All establishment sizes",5,0,0,0,0,0,0,"N",38.43,0,0,0,0,0,0,"N",0,0.0,0,0,0,0,0,0,0,0,0,0,0,0
"72091","5","327","75","0","2010","A","N","Manati Municipio, Puerto Rico","Private","Nonmetallic mineral product manufacturing","County, NAICS 3-digit -- by ownership sector","All establishment sizes",1,0,0,0,0,0,0,"N",0.78,0,0,0,0,0,0,"N",0,0.0,0,0,0,0,0,0,0,0,0,0,0,0
"72091","5","3273","76","0","2010","A","N","Manati Municipio, Puerto Rico","Private","Cement and concrete product manufacturing","County, NAICS 4-digit -- by ownership sector","All establishment sizes",1,0,0,0,0,0,0,"N",1.41,0,0,0,0,0,0,"N",0,0.0,0,0,0,0,0,0,0,0,0,0,0,0
"72091","5","32732","77","0","2010","A","N","Manati Municipio, Puerto Rico","Private","Ready-mix concrete manufacturing","County, NAICS 5-digit -- by ownership sector","All establishment sizes",1,0,0,0,0,0,0,"N",2.42,0,0,0,0,0,0,"N",0,0.0,0,0,0,0,0,0,0,0,0,0,0,0
"72091","5","327320","78","0","2010","A","N","Manati Municipio, Puerto Rico","Private","Ready-mix concrete manufacturing","County, NAICS 6-digit -- by ownership sector","All establishment sizes",1,0,0,0,0,0,0,"N",2.42,0,0,0,0,0,0,"N",0,0.0,0,0,0,0,0,0,0,0,0,0,0,0
"72091","5","331","75","0","2010","A","N","Manati Municipio, Puerto Rico","Private","Primary metal manufacturing","County, NAICS 3-digit -- by ownership sector","All establishment sizes",1,0,0,0,0,0,0,"N",2.30,0,0,0,0,0,0,"N",0,0.0,0,0,0,0,0,0,0,0,0,0,0,0
"72091","5","3312","76","0","2010","A","N","Manati Municipio, Puerto Rico","Private","Steel product mfg. from purchased steel","County, NAICS 4-digit -- by ownership sector","All establishment sizes",1,0,0,0,0,0,0,"N",12.58,0,0,0,0,0,0,"N",0,0.0,0,0,0,0,0,0,0,0,0,0,0,0
"72091","5","33122","77","0","2010","A","N","Manati Municipio, Puerto Rico","Private","Rolling and drawing of purchased steel","County, NAICS 5-digit -- by ownership sector","All establishment sizes",1,0,0,0,0,0,0,"N",21.11,0,0,0,0,0,0,"N",0,0.0,0,0,0,0,0,0,0,0,0,0,0,0
"72091","5","331221","78","0","2010","A","N","Manati Municipio, Puerto Rico","Private","Rolled steel shape manufacturing","County, NAICS 6-digit -- by ownership sector","All establishment sizes",1,0,0,0,0,0,0,"N",34.40,0,0,0,0,0,0,"N",0,0.0,0,0,0,0,0,0,0,0,0,0,0,0
"72091","5","332","75","0","2010","A","N","Manati Municipio, Puerto Rico","Private","Fabricated metal product manufacturing","County, NAICS 3-digit -- by ownership sector","All establishment sizes",3,0,0,0,0,0,0,"N",0.68,0,0,0,0,0,0,"N",0,0.0,0,0,0,0,0,0,0,0,0,0,0,0
"72091","5","3323","76","0","2010","A","N","Manati Municipio, Puerto Rico","Private","Architectural and structural metals mfg.","County, NAICS 4-digit -- by ownership sector","All establishment sizes",3,0,0,0,0,0,0,"N",2.72,0,0,0,0,0,0,"N",0,0.0,0,0,0,0,0,0,0,0,0,0,0,0
"72091","5","33232","77","0","2010","A","N","Manati Municipio, Puerto Rico","Private","Ornamental and architectural metal products","County, NAICS 5-digit -- by ownership sector","All establishment sizes",3,0,0,0,0,0,0,"N",4.70,0,0,0,0,0,0,"N",0,0.0,0,0,0,0,0,0,0,0,0,0,0,0
"72091","5","332321","78","0","2010","A","N","Manati Municipio, Puerto Rico","Private","Metal window and door manufacturing","County, NAICS 6-digit -- by ownership sector","All establishment sizes",2,0,0,0,0,0,0,"N",19.30,0,0,0,0,0,0,"N",0,0.0,0,0,0,0,0,0,0,0,0,0,0,0
"72091","5","332323","78","0","2010","A","N","Manati Municipio, Puerto Rico","Private","Ornamental and architectural metal work mfg.","County, NAICS 6-digit -- by ownership sector","All establishment sizes",1,0,0,0,0,0,0,"N",4.69,0,0,0,0,0,0,"N",0,0.0,0,0,0,0,0,0,0,0,0,0,0,0
"72091","5","334","75","0","2010","A","N","Manati Municipio, Puerto Rico","Private","Computer and electronic product manufacturing","County, NAICS 3-digit -- by ownership sector","All establishment sizes",1,0,0,0,0,0,0,"N",0.71,0,0,0,0,0,0,"N",0,0.0,0,0,0,0,0,0,0,0,0,0,0,0
"72091","5","3346","76","0","2010","A","N","Manati Municipio, Puerto Rico","Private","Magnetic media manufacturing and reproducing","County, NAICS 4-digit -- by ownership sector","All establishment sizes",1,0,0,0,0,0,0,"N",13.29,0,0,0,0,0,0,"N",0,0.0,0,0,0,0,0,0,0,0,0,0,0,0
"72091","5","33461","77","0","2010","A","N","Manati Municipio, Puerto Rico","Private","Magnetic media manufacturing and reproducing","County, NAICS 5-digit -- by ownership sector","All establishment sizes",1,0,0,0,0,0,0,"N",13.29,0,0,0,0,0,0,"N",0,0.0,0,0,0,0,0,0,0,0,0,0,0,0
"72091","5","334611","78","0","2010","A","N","Manati Municipio, Puerto Rico","Private","Software reproducing","County, NAICS 6-digit -- by ownership sector","All establishment sizes",1,0,0,0,0,0,0,"N",29.03,0,0,0,0,0,0,"N",0,0.0,0,0,0,0,0,0,0,0,0,0,0,0
"72091","5","339","75","0","2010","A","","Manati Municipio, Puerto Rico","Private","Miscellaneous manufacturing","County, NAICS 3-digit -- by ownership sector","All establishment sizes",3,28,593838,231078,7748,408,21209,"",1.28,0.50,0.36,0.47,0.50,0.72,0.72,"",-1,-25.0,-10,-26.3,-306948,-34.1,-99686,-30.1,-1553,-16.7,-52,-11.3,-2706,-11.3
"72091","5","3391","76","0","2010","A","","Manati Municipio, Puerto Rico","Private","Medical equipment and supplies manufacturing","County, NAICS 4-digit -- by ownership sector","All establishment sizes",3,28,593838,231078,7748,408,21209,"",3.06,0.93,0.59,0.89,1.07,0.63,0.63,"",-1,-25.0,-10,-26.3,-306948,-34.1,-99686,-30.1,-1553,-16.7,-52,-11.3,-2706,-11.3
"72091","5","33911","77","0","2010","A","","Manati Municipio, Puerto Rico","Private","Medical equipment and supplies manufacturing","County, NAICS 5-digit -- by ownership sector","All establishment sizes",3,28,593838,231078,7748,408,21209,"",3.06,0.93,0.59,0.89,1.07,0.63,0.63,"",-1,-25.0,-10,-26.3,-306948,-34.1,-99686,-30.1,-1553,-16.7,-52,-11.3,-2706,-11.3
"72091","5","339113","78","0","2010","A","N","Manati Municipio, Puerto Rico","Private","Surgical appliance and supplies manufacturing","County, NAICS 6-digit -- by ownership sector","All establishment sizes",2,0,0,0,0,0,0,"N",9.70,0,0,0,0,0,0,"N",-1,-33.3,0,0,0,0,0,0,0,0,0,0,0,0
"72091","5","339116","78","0","2010","A","N","Manati Municipio, Puerto Rico","Private","Dental laboratories","County, NAICS 6-digit -- by ownership sector","All establishment sizes",1,0,0,0,0,0,0,"N",1.81,0,0,0,0,0,0,"N",0,0.0,0,0,0,0,0,0,0,0,0,0,0,0
"72091","5","42","74","0","2010","A","","Manati Municipio, Puerto Rico","Private","Wholesale trade","County, NAICS Sector -- by ownership sector","All establishment sizes",11,219,5073200,1847786,70455,446,23192,"",0.24,0.40,0.27,0.38,0.48,0.66,0.66,"",2,22.2,144,192.0,3728820,277.4,1394048,307.2,56947,421.6,102,29.7,5326,29.8
"72091","5","423","75","0","2010","A","N","Manati Municipio, Puerto Rico","Private","Merchant wholesalers, durable goods","County, NAICS 3-digit -- by ownership sector","All establishment sizes",3,0,0,0,0,0,0,"N",0.16,0,0,0,0,0,0,"N",0,0.0,0,0,0,0,0,0,0,0,0,0,0,0
"72091","5","4234","76","0","2010","A","N","Manati Municipio, Puerto Rico","Private","Commercial equip. merchant wholesalers","County, NAICS 4-digit -- by ownership sector","All establishment sizes",1,0,0,0,0,0,0,"N",0.29,0,0,0,0,0,0,"N",1,100.0,0,0,0,0,0,0,0,0,0,0,0,0
"72091","5","42341","77","0","2010","A","N","Manati Municipio, Puerto Rico","Private","Photographic equip. merchant wholesalers","County, NAICS 5-digit -- by ownership sector","All establishment sizes",1,0,0,0,0,0,0,"N",12.52,0,0,0,0,0,0,"N",1,100.0,0,0,0,0,0,0,0,0,0,0,0,0
"72091","5","423410","78","0","2010","A","N","Manati Municipio, Puerto Rico","Private","Photographic equip. merchant wholesalers","County, NAICS 6-digit -- by ownership sector","All establishment sizes",1,0,0,0,0,0,0,"N",12.52,0,0,0,0,0,0,"N",1,100.0,0,0,0,0,0,0,0,0,0,0,0,0
"72091","5","4235","76","0","2010","A","N","Manati Municipio, Puerto Rico","Private","Metal and mineral merchant wholesalers","County, NAICS 4-digit -- by ownership sector","All establishment sizes",1,0,0,0,0,0,0,"N",1.55,0,0,0,0,0,0,"N",0,0.0,0,0,0,0,0,0,0,0,0,0,0,0
"72091","5","42351","77","0","2010","A","N","Manati Municipio, Puerto Rico","Private","Metal merchant wholesalers","County, NAICS 5-digit -- by ownership sector","All establishment sizes",1,0,0,0,0,0,0,"N",1.62,0,0,0,0,0,0,"N",0,0.0,0,0,0,0,0,0,0,0,0,0,0,0
"72091","5","423510","78","0","2010","A","N","Manati Municipio, Puerto Rico","Private","Metal merchant wholesalers","County, NAICS 6-digit -- by ownership sector","All establishment sizes",1,0,0,0,0,0,0,"N",1.62,0,0,0,0,0,0,"N",0,0.0,0,0,0,0,0,0,0,0,0,0,0,0
"72091","5","4239","76","0","2010","A","N","Manati Municipio, Puerto Rico","Private","Misc. durable goods merchant wholesalers","County, NAICS 4-digit -- by ownership sector","All establishment sizes",1,0,0,0,0,0,0,"N",0.41,0,0,0,0,0,0,"N",0,0.0,0,0,0,0,0,0,0,0,0,0,0,0
"72091","5","42399","77","0","2010","A","N","Manati Municipio, Puerto Rico","Private","All other durable goods merchant wholesalers","County, NAICS 5-digit -- by ownership sector","All establishment sizes",1,0,0,0,0,0,0,"N",1.39,0,0,0,0,0,0,"N",0,0.0,0,0,0,0,0,0,0,0,0,0,0,0
"72091","5","423990","78","0","2010","A","N","Manati Municipio, Puerto Rico","Private","All other durable goods merchant wholesalers","County, NAICS 6-digit -- by ownership sector","All establishment sizes",1,0,0,0,0,0,0,"N",1.39,0,0,0,0,0,0,"N",0,0.0,0,0,0,0,0,0,0,0,0,0,0,0
"72091","5","424","75","0","2010","A","","Manati Municipio, Puerto Rico","Private","Merchant wholesalers, nondurable goods","County, NAICS 3-digit -- by ownership sector","All establishment sizes",6,200,4432646,1696826,65895,427,22219,"",0.59,1.04,0.73,1.00,1.36,0.70,0.70,"",1,20.0,144,257.1,3754536,553.7,1412282,496.3,56742,619.9,195,84.1,10146,84.0
"72091","5","4243","76","0","2010","A","N","Manati Municipio, Puerto Rico","Private","Apparel and piece goods merchant wholesalers","County, NAICS 4-digit -- by ownership sector","All establishment sizes",4,0,0,0,0,0,0,"N",3.89,0,0,0,0,0,0,"N",0,0.0,0,0,0,0,0,0,0,0,0,0,0,0
"72091","5","42431","77","0","2010","A","N","Manati Municipio, Puerto Rico","Private","Piece goods merchant wholesalers","County, NAICS 5-digit -- by ownership sector","All establishment sizes",0,0,0,0,0,0,0,"N",0.00,0,0,0,0,0,0,"N",0,0,0,0,0,0,0,0,0,0,0,0,0,0
"72091","5","424310","78","0","2010","A","N","Manati Municipio, Puerto Rico","Private","Piece goods merchant wholesalers","County, NAICS 6-digit -- by ownership sector","All establishment sizes",0,0,0,0,0,0,0,"N",0.00,0,0,0,0,0,0,"N",0,0,0,0,0,0,0,0,0,0,0,0,0,0
"72091","5","42433","77","0","2010","A","N","Manati Municipio, Puerto Rico","Private","Women's and children's clothing merch. whls.","County, NAICS 5-digit -- by ownership sector","All establishment sizes",1,0,0,0,0,0,0,"N",2.09,0,0,0,0,0,0,"N",0,0.0,0,0,0,0,0,0,0,0,0,0,0,0
"72091","5","424330","78","0","2010","A","N","Manati Municipio, Puerto Rico","Private","Women's and children's clothing merch. whls.","County, NAICS 6-digit -- by ownership sector","All establishment sizes",1,0,0,0,0,0,0,"N",2.09,0,0,0,0,0,0,"N",0,0.0,0,0,0,0,0,0,0,0,0,0,0,0
"72091","5","42434","77","0","2010","A","N","Manati Municipio, Puerto Rico","Private","Footwear merchant wholesalers","County, NAICS 5-digit -- by ownership sector","All establishment sizes",2,0,0,0,0,0,0,"N",14.93,0,0,0,0,0,0,"N",-1,-33.3,0,0,0,0,0,0,0,0,0,0,0,0
"72091","5","424340","78","0","2010","A","N","Manati Municipio, Puerto Rico","Private","Footwear merchant wholesalers","County, NAICS 6-digit -- by ownership sector","All establishment sizes",2,0,0,0,0,0,0,"N",14.93,0,0,0,0,0,0,"N",-1,-33.3,0,0,0,0,0,0,0,0,0,0,0,0
"72091","5","4244","76","0","2010","A","N","Manati Municipio, Puerto Rico","Private","Grocery and related product wholesalers","County, NAICS 4-digit -- by ownership sector","All establishment sizes",3,0,0,0,0,0,0,"N",1.13,0,0,0,0,0,0,"N",2,200.0,0,0,0,0,0,0,0,0,0,0,0,0
"72091","5","42441","77","0","2010","A","N","Manati Municipio, Puerto Rico","Private","General line grocery merchant wholesalers","County, NAICS 5-digit -- by ownership sector","All establishment sizes",2,0,0,0,0,0,0,"N",4.78,0,0,0,0,0,0,"N",1,100.0,0,0,0,0,0,0,0,0,0,0,0,0
"72091","5","424410","78","0","2010","A","N","Manati Municipio, Puerto Rico","Private","General line grocery merchant wholesalers","County, NAICS 6-digit -- by ownership sector","All establishment sizes",2,0,0,0,0,0,0,"N",4.78,0,0,0,0,0,0,"N",1,100.0,0,0,0,0,0,0,0,0,0,0,0,0
"72091","5","42449","77","0","2010","A","N","Manati Municipio, Puerto Rico","Private","Other grocery product merchant wholesalers","County, NAICS 5-digit -- by ownership sector","All establishment sizes",1,0,0,0,0,0,0,"N",1.03,0,0,0,0,0,0,"N",1,100.0,0,0,0,0,0,0,0,0,0,0,0,0
"72091","5","424490","78","0","2010","A","N","Manati Municipio, Puerto Rico","Private","Other grocery product merchant wholesalers","County, NAICS 6-digit -- by ownership sector","All establishment sizes",1,0,0,0,0,0,0,"N",1.03,0,0,0,0,0,0,"N",1,100.0,0,0,0,0,0,0,0,0,0,0,0,0
"72091","5","425","75","0","2010","A","N","Manati Municipio, Puerto Rico","Private","Electronic markets and agents and brokers","County, NAICS 3-digit -- by ownership sector","All establishment sizes",2,0,0,0,0,0,0,"N",0.12,0,0,0,0,0,0,"N",0,0.0,0,0,0,0,0,0,0,0,0,0,0,0
"72091","5","4251","76","0","2010","A","N","Manati Municipio, Puerto Rico","Private","Electronic markets and agents and brokers","County, NAICS 4-digit -- by ownership sector","All establishment sizes",2,0,0,0,0,0,0,"N",0.12,0,0,0,0,0,0,"N",0,0.0,0,0,0,0,0,0,0,0,0,0,0,0
"72091","5","42512","77","0","2010","A","N","Manati Municipio, Puerto Rico","Private","Wholesale trade agents and brokers","County, NAICS 5-digit -- by ownership sector","All establishment sizes",2,0,0,0,0,0,0,"N",0.12,0,0,0,0,0,0,"N",0,0.0,0,0,0,0,0,0,0,0,0,0,0,0
"72091","5","425120","78","0","2010","A","N","Manati Municipio, Puerto Rico","Private","Wholesale trade agents and brokers","County, NAICS 6-digit -- by ownership sector","All establishment sizes",2,0,0,0,0,0,0,"N",0.12,0,0,0,0,0,0,"N",0,0.0,0,0,0,0,0,0,0,0,0,0,0,0
"72091","5","44-45","74","0","2010","A","","Manati Municipio, Puerto Rico","Private","Retail trade","County, NAICS Sector -- by ownership sector","All establishment sizes",156,2297,37267655,16472303,513339,312,16222,"",2.03,1.60,1.77,1.63,2.12,1.10,1.10,"",-9,-5.5,16,0.7,460513,1.3,253334,1.6,1990,0.4,2,0.6,85,0.5
"72091","5","441","75","0","2010","A","","Manati Municipio, Puerto Rico","Private","Motor vehicle and parts dealers","County, NAICS 3-digit -- by ownership sector","All establishment sizes",16,81,1445273,561251,16925,342,17806,"",1.87,0.50,0.39,0.41,0.40,0.78,0.78,"",-3,-15.8,-10,-11.0,22286,1.6,-57051,-9.2,-1090,-6.1,41,13.6,2169,13.9
"72091","5","4411","76","0","2010","A","N","Manati Municipio, Puerto Rico","Private","Automobile dealers","County, NAICS 4-digit -- by ownership sector","All establishment sizes",0,0,0,0,0,0,0,"N",0.00,0,0,0,0,0,0,"N",-2,-100.0,0,0,0,0,0,0,0,0,0,0,0,0
"72091","5","44112","77","0","2010","A","N","Manati Municipio, Puerto Rico","Private","Used car dealers","County, NAICS 5-digit -- by ownership sector","All establishment sizes",0,0,0,0,0,0,0,"N",0.00,0,0,0,0,0,0,"N",-1,-100.0,0,0,0,0,0,0,0,0,0,0,0,0
"72091","5","441120","78","0","2010","A","N","Manati Municipio, Puerto Rico","Private","Used car dealers","County, NAICS 6-digit -- by ownership sector","All establishment sizes",0,0,0,0,0,0,0,"N",0.00,0,0,0,0,0,0,"N",-1,-100.0,0,0,0,0,0,0,0,0,0,0,0,0
"72091","5","4412","76","0","2010","A","N","Manati Municipio, Puerto Rico","Private","Other motor vehicle dealers","County, NAICS 4-digit -- by ownership sector","All establishment sizes",1,0,0,0,0,0,0,"N",0.87,0,0,0,0,0,0,"N",-1,-50.0,0,0,0,0,0,0,0,0,0,0,0,0
"72091","5","44122","77","0","2010","A","N","Manati Municipio, Puerto Rico","Private","Motorcycle, boat, and other vehicle dealers","County, NAICS 5-digit -- by ownership sector","All establishment sizes",1,0,0,0,0,0,0,"N",1.04,0,0,0,0,0,0,"N",-1,-50.0,0,0,0,0,0,0,0,0,0,0,0,0
"72091","5","441221","78","0","2010","A","N","Manati Municipio, Puerto Rico","Private","Motorcycle, atv, personal watercraft dealers","County, NAICS 6-digit -- by ownership sector","All establishment sizes",1,0,0,0,0,0,0,"N",2.39,0,0,0,0,0,0,"N",-1,-50.0,0,0,0,0,0,0,0,0,0,0,0,0
"72091","5","4413","76","0","2010","A","","Manati Municipio, Puerto Rico","Private","Auto parts, accessories, and tire stores","County, NAICS 4-digit -- by ownership sector","All establishment sizes",14,76,1400153,533131,15660,352,18323,"",3.46,1.56,1.69,1.38,1.76,1.07,1.08,"",-2,-12.5,3,4.1,91684,7.0,12347,2.4,1569,11.1,6,1.7,317,1.8
"72091","5","44131","77","0","2010","A","N","Manati Municipio, Puerto Rico","Private","Automotive parts and accessories stores","County, NAICS 5-digit -- by ownership sector","All establishment sizes",12,0,0,0,0,0,0,"N",4.54,0,0,0,0,0,0,"N",-2,-14.3,0,0,0,0,0,0,0,0,0,0,0,0
"72091","5","441310","78","0","2010","A","N","Manati Municipio, Puerto Rico","Private","Automotive parts and accessories stores","County, NAICS 6-digit -- by ownership sector","All establishment sizes",12,0,0,0,0,0,0,"N",4.54,0,0,0,0,0,0,"N",-2,-14.3,0,0,0,0,0,0,0,0,0,0,0,0
"72091","5","44132","77","0","2010","A","N","Manati Municipio, Puerto Rico","Private","Tire dealers","County, NAICS 5-digit -- by ownership sector","All establishment sizes",2,0,0,0,0,0,0,"N",1.43,0,0,0,0,0,0,"N",0,0.0,0,0,0,0,0,0,0,0,0,0,0,0
"72091","5","441320","78","0","2010","A","N","Manati Municipio, Puerto Rico","Private","Tire dealers","County, NAICS 6-digit -- by ownership sector","All establishment sizes",2,0,0,0,0,0,0,"N",1.43,0,0,0,0,0,0,"N",0,0.0,0,0,0,0,0,0,0,0,0,0,0,0
"72091","5","442","75","0","2010","A","","Manati Municipio, Puerto Rico","Private","Furniture and home furnishings stores","County, NAICS 3-digit -- by ownership sector","All establishment sizes",8,59,1219179,430269,14698,396,20606,"",2.03,1.36,1.69,1.33,1.52,1.24,1.24,"",-1,-11.1,-5,-7.8,-9055,-0.7,21078,5.2,1248,9.3,25,6.7,1314,6.8
"72091","5","4421","76","0","2010","A","","Manati Municipio, Puerto Rico","Private","Furniture stores","County, NAICS 4-digit -- by ownership sector","All establishment sizes",8,59,1219179,430269,14698,396,20606,"",4.51,2.75,3.12,2.50,2.75,1.13,1.13,"",-1,-11.1,-5,-7.8,-9055,-0.7,21078,5.2,1248,9.3,25,6.7,1314,6.8
"72091","5","44211","77","0","2010","A","","Manati Municipio, Puerto Rico","Private","Furniture stores","County, NAICS 5-digit -- by ownership sector","All establishment sizes",8,59,1219179,430269,14698,396,20606,"",4.51,2.75,3.12,2.50,2.75,1.13,1.13,"",-1,-11.1,-5,-7.8,-9055,-0.7,21078,5.2,1248,9.3,25,6.7,1314,6.8
"72091","5","442110","78","0","2010","A","","Manati Municipio, Puerto Rico","Private","Furniture stores","County, NAICS 6-digit -- by ownership sector","All establishment sizes",8,59,1219179,430269,14698,396,20606,"",4.51,2.75,3.12,2.50,2.75,1.13,1.13,"",-1,-11.1,-5,-7.8,-9055,-0.7,21078,5.2,1248,9.3,25,6.7,1314,6.8
"72091","5","443","75","0","2010","A","","Manati Municipio, Puerto Rico","Private","Electronics and appliance stores","County, NAICS 3-digit -- by ownership sector","All establishment sizes",10,52,1155267,419843,13209,429,22324,"",2.69,1.05,1.03,1.07,1.22,0.99,0.99,"",-1,-9.1,7,15.6,179007,18.3,82383,24.4,2772,26.6,13,3.1,669,3.1
"72091","5","4431","76","0","2010","A","","Manati Municipio, Puerto Rico","Private","Electronics and appliance stores","County, NAICS 4-digit -- by ownership sector","All establishment sizes",10,52,1155267,419843,13209,429,22324,"",2.69,1.05,1.03,1.07,1.22,0.99,0.99,"",-1,-9.1,7,15.6,179007,18.3,82383,24.4,2772,26.6,13,3.1,669,3.1
"72091","5","44311","77","0","2010","A","","Manati Municipio, Puerto Rico","Private","Appliance, tv, and other electronics stores","County, NAICS 5-digit -- by ownership sector","All establishment sizes",7,42,982189,350224,11364,445,23156,"",2.54,1.10,1.49,1.19,1.45,1.33,1.33,"",-1,-12.5,7,20.0,202237,25.9,89761,34.5,3244,40.0,17,4.0,925,4.2
"72091","5","443111","78","0","2010","A","","Manati Municipio, Puerto Rico","Private","Household appliance stores","County, NAICS 6-digit -- by ownership sector","All establishment sizes",3,4,74344,42630,1697,324,16833,"",5.15,0.69,0.69,0.88,1.36,0.91,0.91,"N",-1,-25.0,0,0,0,0,0,0,0,0,0,0,0,0
"72091","5","443112","78","0","2010","A","","Manati Municipio, Puerto Rico","Private","Radio, tv, and other electronics stores","County, NAICS 6-digit -- by ownership sector","All establishment sizes",4,38,907845,307594,9667,459,23891,"",1.84,1.18,1.64,1.25,1.47,1.39,1.39,"N",0,0.0,0,0,0,0,0,0,0,0,0,0,0,0
"72091","5","44312","77","0","2010","A","","Manati Municipio, Puerto Rico","Private","Computer and software stores","County, NAICS 5-digit -- by ownership sector","All establishment sizes",3,9,173078,69619,1845,357,18544,"",3.45,0.85,0.39,0.78,0.67,0.45,0.45,"",0,0.0,-1,-10.0,-23230,-11.8,-7378,-9.6,-472,-20.4,-21,-5.6,-1087,-5.5
"72091","5","443120","78","0","2010","A","","Manati Municipio, Puerto Rico","Private","Computer and software stores","County, NAICS 6-digit -- by ownership sector","All establishment sizes",3,9,173078,69619,1845,357,18544,"",3.45,0.85,0.39,0.78,0.67,0.45,0.45,"",0,0.0,-1,-10.0,-23230,-11.8,-7378,-9.6,-472,-20.4,-21,-5.6,-1087,-5.5
"72091","5","444","75","0","2010","A","","Manati Municipio, Puerto Rico","Private","Building material and garden supply stores","County, NAICS 3-digit -- by ownership sector","All establishment sizes",17,117,2015741,875715,28910,331,17204,"",3.06,1.03,1.07,0.99,1.19,1.03,1.03,"",-1,-5.6,0,0.0,101702,5.3,40838,4.9,4262,17.3,16,5.1,821,5.0
"72091","5","4441","76","0","2010","A","","Manati Municipio, Puerto Rico","Private","Building material and supplies dealers","County, NAICS 4-digit -- by ownership sector","All establishment sizes",14,108,1877844,797682,25430,335,17441,"",3.24,1.08,1.11,1.01,1.20,1.04,1.04,"",-1,-6.7,0,0.0,86186,4.8,31163,4.1,4008,18.7,16,5.0,877,5.3
"72091","5","44412","77","0","2010","A","N","Manati Municipio, Puerto Rico","Private","Paint and wallpaper stores","County, NAICS 5-digit -- by ownership sector","All establishment sizes",2,0,0,0,0,0,0,"N",4.31,0,0,0,0,0,0,"N",0,0.0,0,0,0,0,0,0,0,0,0,0,0,0
"72091","5","444120","78","0","2010","A","N","Manati Municipio, Puerto Rico","Private","Paint and wallpaper stores","County, NAICS 6-digit -- by ownership sector","All establishment sizes",2,0,0,0,0,0,0,"N",4.31,0,0,0,0,0,0,"N",0,0.0,0,0,0,0,0,0,0,0,0,0,0,0
"72091","5","44413","77","0","2010","A","","Manati Municipio, Puerto Rico","Private","Hardware stores","County, NAICS 5-digit -- by ownership sector","All establishment sizes",8,87,1493416,657330,20780,331,17199,"",6.93,6.20,7.72,6.50,9.66,1.25,1.25,"",0,0.0,3,3.6,96941,6.9,40453,6.6,3820,22.5,12,3.8,607,3.7
"72091","5","444130","78","0","2010","A","","Manati Municipio, Puerto Rico","Private","Hardware stores","County, NAICS 6-digit -- by ownership sector","All establishment sizes",8,87,1493416,657330,20780,331,17199,"",6.93,6.20,7.72,6.50,9.66,1.25,1.25,"",0,0.0,3,3.6,96941,6.9,40453,6.6,3820,22.5,12,3.8,607,3.7
"72091","5","44419","77","0","2010","A","N","Manati Municipio, Puerto Rico","Private","Other building material dealers","County, NAICS 5-digit -- by ownership sector","All establishment sizes",4,0,0,0,0,0,0,"N",2.11,0,0,0,0,0,0,"N",-1,-20.0,0,0,0,0,0,0,0,0,0,0,0,0
"72091","5","444190","78","0","2010","A","N","Manati Municipio, Puerto Rico","Private","Other building material dealers","County, NAICS 6-digit -- by ownership sector","All establishment sizes",4,0,0,0,0,0,0,"N",2.11,0,0,0,0,0,0,"N",-1,-20.0,0,0,0,0,0,0,0,0,0,0,0,0
"72091","5","4442","76","0","2010","A","","Manati Municipio, Puerto Rico","Private","Lawn and garden equipment and supplies stores","County, NAICS 4-digit -- by ownership sector","All establishment sizes",3,10,137897,78033,3480,279,14515,"",2.43,0.78,0.71,0.78,1.09,0.95,0.95,"",0,0.0,1,11.1,15516,12.7,9675,14.2,254,7.9,7,2.6,394,2.8
"72091","5","44422","77","0","2010","A","","Manati Municipio, Puerto Rico","Private","Nursery, garden, and farm supply stores","County, NAICS 5-digit -- by ownership sector","All establishment sizes",3,10,137897,78033,3480,279,14515,"",3.35,1.01,0.97,1.02,1.36,1.00,1.00,"",0,0.0,1,11.1,15516,12.7,9675,14.2,254,7.9,7,2.6,394,2.8
"72091","5","444220","78","0","2010","A","","Manati Municipio, Puerto Rico","Private","Nursery, garden, and farm supply stores","County, NAICS 6-digit -- by ownership sector","All establishment sizes",3,10,137897,78033,3480,279,14515,"",3.35,1.01,0.97,1.02,1.36,1.00,1.00,"",0,0.0,1,11.1,15516,12.7,9675,14.2,254,7.9,7,2.6,394,2.8
"72091","5","445","75","0","2010","A","","Manati Municipio, Puerto Rico","Private","Food and beverage stores","County, NAICS 3-digit -- by ownership sector","All establishment sizes",14,570,7391191,4310358,135627,249,12971,"",1.33,2.04,2.16,2.33,3.95,1.05,1.06,"",-1,-6.7,-8,-1.4,-338648,-4.4,278292,6.9,15617,13.0,-8,-3.1,-408,-3.0
"72091","5","4451","76","0","2010","A","N","Manati Municipio, Puerto Rico","Private","Grocery stores","County, NAICS 4-digit -- by ownership sector","All establishment sizes",12,0,0,0,0,0,0,"N",1.85,0,0,0,0,0,0,"N",-1,-7.7,0,0,0,0,0,0,0,0,0,0,0,0
"72091","5","44511","77","0","2010","A","N","Manati Municipio, Puerto Rico","Private","Supermarkets and other grocery stores","County, NAICS 5-digit -- by ownership sector","All establishment sizes",12,0,0,0,0,0,0,"N",2.67,0,0,0,0,0,0,"N",-1,-7.7,0,0,0,0,0,0,0,0,0,0,0,0
"72091","5","445110","78","0","2010","A","N","Manati Municipio, Puerto Rico","Private","Supermarkets and other grocery stores","County, NAICS 6-digit -- by ownership sector","All establishment sizes",12,0,0,0,0,0,0,"N",2.67,0,0,0,0,0,0,"N",-1,-7.7,0,0,0,0,0,0,0,0,0,0,0,0
"72091","5","4452","76","0","2010","A","N","Manati Municipio, Puerto Rico","Private","Specialty food stores","County, NAICS 4-digit -- by ownership sector","All establishment sizes",2,0,0,0,0,0,0,"N",1.00,0,0,0,0,0,0,"N",-1,-33.3,0,0,0,0,0,0,0,0,0,0,0,0
"72091","5","44529","77","0","2010","A","N","Manati Municipio, Puerto Rico","Private","Other specialty food stores","County, NAICS 5-digit -- by ownership sector","All establishment sizes",2,0,0,0,0,0,0,"N",1.85,0,0,0,0,0,0,"N",-1,-33.3,0,0,0,0,0,0,0,0,0,0,0,0
"72091","5","445292","78","0","2010","A","N","Manati Municipio, Puerto Rico","Private","Confectionery and nut stores","County, NAICS 6-digit -- by ownership sector","All establishment sizes",1,0,0,0,0,0,0,"N",4.48,0,0,0,0,0,0,"N",-1,-50.0,0,0,0,0,0,0,0,0,0,0,0,0
"72091","5","445299","78","0","2010","A","N","Manati Municipio, Puerto Rico","Private","All other specialty food stores","County, NAICS 6-digit -- by ownership sector","All establishment sizes",1,0,0,0,0,0,0,"N",1.63,0,0,0,0,0,0,"N",0,0.0,0,0,0,0,0,0,0,0,0,0,0,0
"72091","5","446","75","0","2010","A","","Manati Municipio, Puerto Rico","Private","Health and personal care stores","County, NAICS 3-digit -- by ownership sector","All establishment sizes",26,332,6887235,2402058,70561,399,20766,"",3.59,3.42,3.70,3.48,4.78,1.08,1.08,"",-2,-7.1,1,0.3,37679,0.6,-211582,-8.1,-17968,-20.3,1,0.3,57,0.3
"72091","5","4461","76","0","2010","A","","Manati Municipio, Puerto Rico","Private","Health and personal care stores","County, NAICS 4-digit -- by ownership sector","All establishment sizes",26,332,6887235,2402058,70561,399,20766,"",3.59,3.42,3.70,3.48,4.78,1.08,1.08,"",-2,-7.1,1,0.3,37679,0.6,-211582,-8.1,-17968,-20.3,1,0.3,57,0.3
"72091","5","44611","77","0","2010","A","","Manati Municipio, Puerto Rico","Private","Pharmacies and drug stores","County, NAICS 5-digit -- by ownership sector","All establishment sizes",14,206,5053726,1465861,36455,473,24572,"",3.44,2.92,3.58,2.91,3.65,1.23,1.23,"",-1,-6.7,2,1.0,115321,2.3,-101103,-6.5,-12409,-25.4,7,1.5,344,1.4
"72091","5","446110","78","0","2010","A","","Manati Municipio, Puerto Rico","Private","Pharmacies and drug stores","County, NAICS 6-digit -- by ownership sector","All establishment sizes",14,206,5053726,1465861,36455,473,24572,"",3.44,2.92,3.58,2.91,3.65,1.23,1.23,"",-1,-6.7,2,1.0,115321,2.3,-101103,-6.5,-12409,-25.4,7,1.5,344,1.4
"72091","5","44612","77","0","2010","A","N","Manati Municipio, Puerto Rico","Private","Cosmetic and beauty supply stores","County, NAICS 5-digit -- by ownership sector","All establishment sizes",5,0,0,0,0,0,0,"N",5.01,0,0,0,0,0,0,"N",0,0.0,0,0,0,0,0,0,0,0,0,0,0,0
"72091","5","446120","78","0","2010","A","N","Manati Municipio, Puerto Rico","Private","Cosmetic and beauty supply stores","County, NAICS 6-digit -- by ownership sector","All establishment sizes",5,0,0,0,0,0,0,"N",5.01,0,0,0,0,0,0,"N",0,0.0,0,0,0,0,0,0,0,0,0,0,0,0
"72091","5","44613","77","0","2010","A","","Manati Municipio, Puerto Rico","Private","Optical goods stores","County, NAICS 5-digit -- by ownership sector","All establishment sizes",4,18,365790,137225,3177,391,20322,"",4.58,2.88,3.48,2.93,3.03,1.21,1.21,"",-1,-20.0,-3,-14.3,-58692,-13.8,-38325,-21.8,-2028,-39.0,2,0.5,109,0.5
"72091","5","446130","78","0","2010","A","","Manati Municipio, Puerto Rico","Private","Optical goods stores","County, NAICS 6-digit -- by ownership sector","All establishment sizes",4,18,365790,137225,3177,391,20322,"",4.58,2.88,3.48,2.93,3.03,1.21,1.21,"",-1,-20.0,-3,-14.3,-58692,-13.8,-38325,-21.8,-2028,-39.0,2,0.5,109,0.5
"72091","5","44619","77","0","2010","A","N","Manati Municipio, Puerto Rico","Private","Other health and personal care stores","County, NAICS 5-digit -- by ownership sector","All establishment sizes",3,0,0,0,0,0,0,"N",2.30,0,0,0,0,0,0,"N",0,0.0,0,0,0,0,0,0,0,0,0,0,0,0
"72091","5","446191","78","0","2010","A","N","Manati Municipio, Puerto Rico","Private","Food, health, supplement stores","County, NAICS 6-digit -- by ownership sector","All establishment sizes",1,0,0,0,0,0,0,"N",1.63,0,0,0,0,0,0,"N",0,0.0,0,0,0,0,0,0,0,0,0,0,0,0
"72091","5","446199","78","0","2010","A","N","Manati Municipio, Puerto Rico","Private","All other health and personal care stores","County, NAICS 6-digit -- by ownership sector","All establishment sizes",2,0,0,0,0,0,0,"N",2.90,0,0,0,0,0,0,"N",0,0.0,0,0,0,0,0,0,0,0,0,0,0,0
"72091","5","447","75","0","2010","A","","Manati Municipio, Puerto Rico","Private","Gasoline stations","County, NAICS 3-digit -- by ownership sector","All establishment sizes",13,48,815827,342894,9900,324,16850,"",1.68,0.59,0.97,0.62,0.85,1.63,1.63,"",1,8.3,-9,-15.8,-105768,-11.5,-113013,-24.8,-2102,-17.5,12,3.8,634,3.9
"72091","5","4471","76","0","2010","A","","Manati Municipio, Puerto Rico","Private","Gasoline stations","County, NAICS 4-digit -- by ownership sector","All establishment sizes",13,48,815827,342894,9900,324,16850,"",1.68,0.59,0.97,0.62,0.85,1.63,1.63,"",1,8.3,-9,-15.8,-105768,-11.5,-113013,-24.8,-2102,-17.5,12,3.8,634,3.9
"72091","5","44711","77","0","2010","A","N","Manati Municipio, Puerto Rico","Private","Gasoline stations with convenience stores","County, NAICS 5-digit -- by ownership sector","All establishment sizes",10,0,0,0,0,0,0,"N",1.48,0,0,0,0,0,0,"N",1,11.1,0,0,0,0,0,0,0,0,0,0,0,0
"72091","5","447110","78","0","2010","A","N","Manati Municipio, Puerto Rico","Private","Gasoline stations with convenience stores","County, NAICS 6-digit -- by ownership sector","All establishment sizes",10,0,0,0,0,0,0,"N",1.48,0,0,0,0,0,0,"N",1,11.1,0,0,0,0,0,0,0,0,0,0,0,0
"72091","5","44719","77","0","2010","A","N","Manati Municipio, Puerto Rico","Private","Other gasoline stations","County, NAICS 5-digit -- by ownership sector","All establishment sizes",3,0,0,0,0,0,0,"N",3.07,0,0,0,0,0,0,"N",-1,-25.0,0,0,0,0,0,0,0,0,0,0,0,0
"72091","5","447190","78","0","2010","A","N","Manati Municipio, Puerto Rico","Private","Other gasoline stations","County, NAICS 6-digit -- by ownership sector","All establishment sizes",3,0,0,0,0,0,0,"N",3.07,0,0,0,0,0,0,"N",-1,-25.0,0,0,0,0,0,0,0,0,0,0,0,0
"72091","5","448","75","0","2010","A","","Manati Municipio, Puerto Rico","Private","Clothing and clothing accessories stores","County, NAICS 3-digit -- by ownership sector","All establishment sizes",28,232,2565067,1481790,48803,212,11037,"",2.88,1.70,1.82,1.87,2.44,1.07,1.07,"",-4,-12.5,-9,-3.7,-158114,-5.8,-114454,-7.2,-3621,-6.9,-5,-2.3,-266,-2.4
"72091","5","4481","76","0","2010","A","","Manati Municipio, Puerto Rico","Private","Clothing stores","County, NAICS 4-digit -- by ownership sector","All establishment sizes",17,176,1825926,1133901,39466,200,10389,"",2.71,1.67,1.85,1.93,2.67,1.11,1.11,"",-2,-10.5,-9,-4.9,-127204,-6.5,-107359,-8.6,-3225,-7.6,-3,-1.5,-188,-1.8
"72091","5","44811","77","0","2010","A","N","Manati Municipio, Puerto Rico","Private","Men's clothing stores","County, NAICS 5-digit -- by ownership sector","All establishment sizes",2,0,0,0,0,0,0,"N",4.13,0,0,0,0,0,0,"N",0,0.0,0,0,0,0,0,0,0,0,0,0,0,0
"72091","5","448110","78","0","2010","A","N","Manati Municipio, Puerto Rico","Private","Men's clothing stores","County, NAICS 6-digit -- by ownership sector","All establishment sizes",2,0,0,0,0,0,0,"N",4.13,0,0,0,0,0,0,"N",0,0.0,0,0,0,0,0,0,0,0,0,0,0,0
"72091","5","44812","77","0","2010","A","","Manati Municipio, Puerto Rico","Private","Women's clothing stores","County, NAICS 5-digit -- by ownership sector","All establishment sizes",5,54,590198,348988,10921,210,10913,"",2.52,1.93,2.25,2.23,2.67,1.16,1.16,"",-1,-16.7,1,1.9,9646,1.7,-2953,-0.8,-398,-3.5,0,0.0,-6,-0.1
"72091","5","448120","78","0","2010","A","","Manati Municipio, Puerto Rico","Private","Women's clothing stores","County, NAICS 6-digit -- by ownership sector","All establishment sizes",5,54,590198,348988,10921,210,10913,"",2.52,1.93,2.25,2.23,2.67,1.16,1.16,"",-1,-16.7,1,1.9,9646,1.7,-2953,-0.8,-398,-3.5,0,0.0,-6,-0.1
"72091","5","44813","77","0","2010","A","N","Manati Municipio, Puerto Rico","Private","Children's and infants' clothing stores","County, NAICS 5-digit -- by ownership sector","All establishment sizes",2,0,0,0,0,0,0,"N",4.62,0,0,0,0,0,0,"N",0,0.0,0,0,0,0,0,0,0,0,0,0,0,0
"72091","5","448130","78","0","2010","A","N","Manati Municipio, Puerto Rico","Private","Children's and infants' clothing stores","County, NAICS 6-digit -- by ownership sector","All establishment sizes",2,0,0,0,0,0,0,"N",4.62,0,0,0,0,0,0,"N",0,0.0,0,0,0,0,0,0,0,0,0,0,0,0
"72091","5","44814","77","0","2010","A","","Manati Municipio, Puerto Rico","Private","Family clothing stores","County, NAICS 5-digit -- by ownership sector","All establishment sizes",7,70,687835,418643,14464,190,9897,"",3.92,1.44,1.66,1.64,2.38,1.16,1.16,"N",0,0.0,0,0,0,0,0,0,0,0,0,0,0,0
"72091","5","448140","78","0","2010","A","","Manati Municipio, Puerto Rico","Private","Family clothing stores","County, NAICS 6-digit -- by ownership sector","All establishment sizes",7,70,687835,418643,14464,190,9897,"",3.92,1.44,1.66,1.64,2.38,1.16,1.16,"N",0,0.0,0,0,0,0,0,0,0,0,0,0,0,0
"72091","5","44815","77","0","2010","A","N","Manati Municipio, Puerto Rico","Private","Clothing accessories stores","County, NAICS 5-digit -- by ownership sector","All establishment sizes",1,0,0,0,0,0,0,"N",1.62,0,0,0,0,0,0,"N",0,0.0,0,0,0,0,0,0,0,0,0,0,0,0
"72091","5","448150","78","0","2010","A","N","Manati Municipio, Puerto Rico","Private","Clothing accessories stores","County, NAICS 6-digit -- by ownership sector","All establishment sizes",1,0,0,0,0,0,0,"N",1.62,0,0,0,0,0,0,"N",0,0.0,0,0,0,0,0,0,0,0,0,0,0,0
"72091","5","4482","76","0","2010","A","","Manati Municipio, Puerto Rico","Private","Shoe stores","County, NAICS 4-digit -- by ownership sector","All establishment sizes",8,49,664899,291814,7624,260,13523,"",4.87,2.72,3.52,2.74,2.92,1.29,1.29,"",-1,-11.1,3,6.5,-1582,-0.2,6394,2.2,253,3.4,-19,-6.8,-966,-6.7
"72091","5","44821","77","0","2010","A","","Manati Municipio, Puerto Rico","Private","Shoe stores","County, NAICS 5-digit -- by ownership sector","All establishment sizes",8,49,664899,291814,7624,260,13523,"",4.87,2.72,3.52,2.74,2.92,1.29,1.29,"",-1,-11.1,3,6.5,-1582,-0.2,6394,2.2,253,3.4,-19,-6.8,-966,-6.7
"72091","5","448210","78","0","2010","A","","Manati Municipio, Puerto Rico","Private","Shoe stores","County, NAICS 6-digit -- by ownership sector","All establishment sizes",8,49,664899,291814,7624,260,13523,"",4.87,2.72,3.52,2.74,2.92,1.29,1.29,"",-1,-11.1,3,6.5,-1582,-0.2,6394,2.2,253,3.4,-19,-6.8,-966,-6.7
"72091","5","4483","76","0","2010","A","","Manati Municipio, Puerto Rico","Private","Jewelry, luggage, and leather goods stores","County, NAICS 4-digit -- by ownership sector","All establishment sizes",3,8,74242,56075,1713,190,9899,"",1.66,0.61,0.32,0.56,0.65,0.55,0.56,"",-1,-25.0,-2,-20.0,-29328,-28.3,-13489,-19.4,-649,-27.5,-4,-2.1,-205,-2.0
"72091","5","44831","77","0","2010","A","","Manati Municipio, Puerto Rico","Private","Jewelry stores","County, NAICS 5-digit -- by ownership sector","All establishment sizes",3,8,74242,56075,1713,190,9899,"",1.76,0.68,0.36,0.62,0.72,0.55,0.56,"",-1,-25.0,-2,-20.0,-29328,-28.3,-13489,-19.4,-649,-27.5,-4,-2.1,-205,-2.0
"72091","5","448310","78","0","2010","A","","Manati Municipio, Puerto Rico","Private","Jewelry stores","County, NAICS 6-digit -- by ownership sector","All establishment sizes",3,8,74242,56075,1713,190,9899,"",1.76,0.68,0.36,0.62,0.72,0.55,0.56,"",-1,-25.0,-2,-20.0,-29328,-28.3,-13489,-19.4,-649,-27.5,-4,-2.1,-205,-2.0
"72091","5","451","75","0","2010","A","","Manati Municipio, Puerto Rico","Private","Sporting goods, hobby, book and music stores","County, NAICS 3-digit -- by ownership sector","All establishment sizes",6,18,211973,92411,3548,224,11668,"",1.38,0.30,0.34,0.25,0.43,1.13,1.13,"",0,0.0,-3,-14.3,-93475,-30.6,-31238,-25.3,-1039,-22.7,-61,-21.4,-3172,-21.4
"72091","5","4511","76","0","2010","A","N","Manati Municipio, Puerto Rico","Private","Sporting goods and musical instrument stores","County, NAICS 4-digit -- by ownership sector","All establishment sizes",5,0,0,0,0,0,0,"N",1.51,0,0,0,0,0,0,"N",0,0.0,0,0,0,0,0,0,0,0,0,0,0,0
"72091","5","45111","77","0","2010","A","N","Manati Municipio, Puerto Rico","Private","Sporting goods stores","County, NAICS 5-digit -- by ownership sector","All establishment sizes",3,0,0,0,0,0,0,"N",1.74,0,0,0,0,0,0,"N",0,0.0,0,0,0,0,0,0,0,0,0,0,0,0
"72091","5","451110","78","0","2010","A","N","Manati Municipio, Puerto Rico","Private","Sporting goods stores","County, NAICS 6-digit -- by ownership sector","All establishment sizes",3,0,0,0,0,0,0,"N",1.74,0,0,0,0,0,0,"N",0,0.0,0,0,0,0,0,0,0,0,0,0,0,0
"72091","5","45112","77","0","2010","A","N","Manati Municipio, Puerto Rico","Private","Hobby, toy, and game stores","County, NAICS 5-digit -- by ownership sector","All establishment sizes",1,0,0,0,0,0,0,"N",1.11,0,0,0,0,0,0,"N",0,0.0,0,0,0,0,0,0,0,0,0,0,0,0
"72091","5","451120","78","0","2010","A","N","Manati Municipio, Puerto Rico","Private","Hobby, toy, and game stores","County, NAICS 6-digit -- by ownership sector","All establishment sizes",1,0,0,0,0,0,0,"N",1.11,0,0,0,0,0,0,"N",0,0.0,0,0,0,0,0,0,0,0,0,0,0,0
"72091","5","45113","77","0","2010","A","N","Manati Municipio, Puerto Rico","Private","Sewing, needlework, and piece goods stores","County, NAICS 5-digit -- by ownership sector","All establishment sizes",1,0,0,0,0,0,0,"N",2.62,0,0,0,0,0,0,"N",0,0.0,0,0,0,0,0,0,0,0,0,0,0,0
"72091","5","451130","78","0","2010","A","N","Manati Municipio, Puerto Rico","Private","Sewing, needlework, and piece goods stores","County, NAICS 6-digit -- by ownership sector","All establishment sizes",1,0,0,0,0,0,0,"N",2.62,0,0,0,0,0,0,"N",0,0.0,0,0,0,0,0,0,0,0,0,0,0,0
"72091","5","4512","76","0","2010","A","N","Manati Municipio, Puerto Rico","Private","Book, periodical, and music stores","County, NAICS 4-digit -- by ownership sector","All establishment sizes",1,0,0,0,0,0,0,"N",0.98,0,0,0,0,0,0,"N",0,0.0,0,0,0,0,0,0,0,0,0,0,0,0
"72091","5","45121","77","0","2010","A","N","Manati Municipio, Puerto Rico","Private","Book stores and news dealers","County, NAICS 5-digit -- by ownership sector","All establishment sizes",1,0,0,0,0,0,0,"N",1.28,0,0,0,0,0,0,"N",0,0.0,0,0,0,0,0,0,0,0,0,0,0,0
"72091","5","451211","78","0","2010","A","N","Manati Municipio, Puerto Rico","Private","Book stores","County, NAICS 6-digit -- by ownership sector","All establishment sizes",1,0,0,0,0,0,0,"N",1.47,0,0,0,0,0,0,"N",0,0.0,0,0,0,0,0,0,0,0,0,0,0,0
"72091","5","452","75","0","2010","A","","Manati Municipio, Puerto Rico","Private","General merchandise stores","County, NAICS 3-digit -- by ownership sector","All establishment sizes",6,743,12501308,5008313,152569,324,16829,"",1.53,2.51,3.58,2.50,3.70,1.43,1.43,"",0,0.0,43,6.1,693024,5.9,308648,6.6,1006,0.7,-1,-0.3,-48,-0.3
"72091","5","4521","76","0","2010","A","N","Manati Municipio, Puerto Rico","Private","Department stores","County, NAICS 4-digit -- by ownership sector","All establishment sizes",2,0,0,0,0,0,0,"N",2.04,0,0,0,0,0,0,"N",0,0.0,0,0,0,0,0,0,0,0,0,0,0,0
"72091","5","45211","77","0","2010","A","N","Manati Municipio, Puerto Rico","Private","Department stores","County, NAICS 5-digit -- by ownership sector","All establishment sizes",2,0,0,0,0,0,0,"N",2.04,0,0,0,0,0,0,"N",0,0.0,0,0,0,0,0,0,0,0,0,0,0,0
"72091","5","452111","78","0","2010","A","N","Manati Municipio, Puerto Rico","Private","Department stores, except discount","County, NAICS 6-digit -- by ownership sector","All establishment sizes",1,0,0,0,0,0,0,"N",2.76,0,0,0,0,0,0,"N",0,0.0,0,0,0,0,0,0,0,0,0,0,0,0
"72091","5","452112","78","0","2010","A","N","Manati Municipio, Puerto Rico","Private","Discount department stores","County, NAICS 6-digit -- by ownership sector","All establishment sizes",1,0,0,0,0,0,0,"N",1.62,0,0,0,0,0,0,"N",0,0.0,0,0,0,0,0,0,0,0,0,0,0,0
"72091","5","4529","76","0","2010","A","N","Manati Municipio, Puerto Rico","Private","Other general merchandise stores","County, NAICS 4-digit -- by ownership sector","All establishment sizes",4,0,0,0,0,0,0,"N",1.36,0,0,0,0,0,0,"N",0,0.0,0,0,0,0,0,0,0,0,0,0,0,0
"72091","5","45291","77","0","2010","A","N","Manati Municipio, Puerto Rico","Private","Warehouse clubs and supercenters","County, NAICS 5-digit -- by ownership sector","All establishment sizes",1,0,0,0,0,0,0,"N",2.87,0,0,0,0,0,0,"N",0,0.0,0,0,0,0,0,0,0,0,0,0,0,0
"72091","5","452910","78","0","2010","A","N","Manati Municipio, Puerto Rico","Private","Warehouse clubs and supercenters","County, NAICS 6-digit -- by ownership sector","All establishment sizes",1,0,0,0,0,0,0,"N",2.87,0,0,0,0,0,0,"N",0,0.0,0,0,0,0,0,0,0,0,0,0,0,0
"72091","5","45299","77","0","2010","A","N","Manati Municipio, Puerto Rico","Private","All other general merchandise stores","County, NAICS 5-digit -- by ownership sector","All establishment sizes",3,0,0,0,0,0,0,"N",1.16,0,0,0,0,0,0,"N",0,0.0,0,0,0,0,0,0,0,0,0,0,0,0
"72091","5","452990","78","0","2010","A","N","Manati Municipio, Puerto Rico","Private","All other general merchandise stores","County, NAICS 6-digit -- by ownership sector","All establishment sizes",3,0,0,0,0,0,0,"N",1.16,0,0,0,0,0,0,"N",0,0.0,0,0,0,0,0,0,0,0,0,0,0,0
"72091","5","453","75","0","2010","A","","Manati Municipio, Puerto Rico","Private","Miscellaneous store retailers","County, NAICS 3-digit -- by ownership sector","All establishment sizes",8,36,923301,466484,15794,494,25707,"",0.93,0.47,0.94,0.94,1.24,2.00,2.00,"",1,14.3,8,28.6,131164,16.6,42729,10.1,2474,18.6,-44,-8.2,-2251,-8.1
"72091","5","4532","76","0","2010","A","","Manati Municipio, Puerto Rico","Private","Office supplies, stationery, and gift stores","County, NAICS 4-digit -- by ownership sector","All establishment sizes",4,5,541405,254992,7135,2192,113980,"",1.46,0.16,1.36,1.27,1.36,8.79,8.80,"",1,33.3,2,66.7,17921,3.4,37906,17.5,2208,44.8,-1835,-45.6,-95414,-45.6
"72091","5","45321","77","0","2010","A","N","Manati Municipio, Puerto Rico","Private","Office supplies and stationery stores","County, NAICS 5-digit -- by ownership sector","All establishment sizes",3,0,0,0,0,0,0,"N",3.68,0,0,0,0,0,0,"N",1,50.0,0,0,0,0,0,0,0,0,0,0,0,0
"72091","5","453210","78","0","2010","A","N","Manati Municipio, Puerto Rico","Private","Office supplies and stationery stores","County, NAICS 6-digit -- by ownership sector","All establishment sizes",3,0,0,0,0,0,0,"N",3.68,0,0,0,0,0,0,"N",1,50.0,0,0,0,0,0,0,0,0,0,0,0,0
"72091","5","45322","77","0","2010","A","N","Manati Municipio, Puerto Rico","Private","Gift, novelty, and souvenir stores","County, NAICS 5-digit -- by ownership sector","All establishment sizes",1,0,0,0,0,0,0,"N",0.52,0,0,0,0,0,0,"N",0,0.0,0,0,0,0,0,0,0,0,0,0,0,0
"72091","5","453220","78","0","2010","A","N","Manati Municipio, Puerto Rico","Private","Gift, novelty, and souvenir stores","County, NAICS 6-digit -- by ownership sector","All establishment sizes",1,0,0,0,0,0,0,"N",0.52,0,0,0,0,0,0,"N",0,0.0,0,0,0,0,0,0,0,0,0,0,0,0
"72091","5","4539","76","0","2010","A","","Manati Municipio, Puerto Rico","Private","Other miscellaneous store retailers","County, NAICS 4-digit -- by ownership sector","All establishment sizes",5,31,381896,211492,8659,236,12253,"",1.47,1.16,0.98,1.10,1.66,0.84,0.84,"",1,25.0,5,19.2,113243,42.2,4823,2.3,266,3.2,36,18.0,1854,17.8
"72091","5","45391","77","0","2010","A","N","Manati Municipio, Puerto Rico","Private","Pet and pet supplies stores","County, NAICS 5-digit -- by ownership sector","All establishment sizes",2,0,0,0,0,0,0,"N",3.07,0,0,0,0,0,0,"N",1,100.0,0,0,0,0,0,0,0,0,0,0,0,0
"72091","5","453910","78","0","2010","A","N","Manati Municipio, Puerto Rico","Private","Pet and pet supplies stores","County, NAICS 6-digit -- by ownership sector","All establishment sizes",2,0,0,0,0,0,0,"N",3.07,0,0,0,0,0,0,"N",1,100.0,0,0,0,0,0,0,0,0,0,0,0,0
"72091","5","45392","77","0","2010","A","N","Manati Municipio, Puerto Rico","Private","Art dealers","County, NAICS 5-digit -- by ownership sector","All establishment sizes",1,0,0,0,0,0,0,"N",2.34,0,0,0,0,0,0,"N",0,0.0,0,0,0,0,0,0,0,0,0,0,0,0
"72091","5","453920","78","0","2010","A","N","Manati Municipio, Puerto Rico","Private","Art dealers","County, NAICS 6-digit -- by ownership sector","All establishment sizes",1,0,0,0,0,0,0,"N",2.34,0,0,0,0,0,0,"N",0,0.0,0,0,0,0,0,0,0,0,0,0,0,0
"72091","5","45399","77","0","2010","A","N","Manati Municipio, Puerto Rico","Private","All other miscellaneous store retailers","County, NAICS 5-digit -- by ownership sector","All establishment sizes",2,0,0,0,0,0,0,"N",0.95,0,0,0,0,0,0,"N",0,0.0,0,0,0,0,0,0,0,0,0,0,0,0
"72091","5","453998","78","0","2010","A","N","Manati Municipio, Puerto Rico","Private","Store retailers not specified elsewhere","County, NAICS 6-digit -- by ownership sector","All establishment sizes",2,0,0,0,0,0,0,"N",1.20,0,0,0,0,0,0,"N",0,0.0,0,0,0,0,0,0,0,0,0,0,0,0
"72091","5","454","75","0","2010","A","","Manati Municipio, Puerto Rico","Private","Nonstore retailers","County, NAICS 3-digit -- by ownership sector","All establishment sizes",4,9,136293,80917,2795,294,15285,"",1.41,0.22,0.13,0.22,0.24,0.60,0.60,"",0,0.0,-1,-10.0,711,0.5,6704,9.0,431,18.2,20,7.3,1013,7.1
"72091","5","4543","76","0","2010","A","","Manati Municipio, Puerto Rico","Private","Direct selling establishments","County, NAICS 4-digit -- by ownership sector","All establishment sizes",4,9,136293,80917,2795,294,15285,"",3.12,0.68,0.43,0.69,0.70,0.63,0.63,"",0,0.0,-1,-10.0,711,0.5,6704,9.0,431,18.2,20,7.3,1013,7.1
"72091","5","45431","77","0","2010","A","","Manati Municipio, Puerto Rico","Private","Fuel dealers","County, NAICS 5-digit -- by ownership sector","All establishment sizes",4,9,136293,80917,2795,294,15285,"",5.86,1.13,0.68,1.12,1.04,0.61,0.61,"",0,0.0,-1,-10.0,711,0.5,6704,9.0,431,18.2,20,7.3,1013,7.1
"72091","5","454312","78","0","2010","A","","Manati Municipio, Puerto Rico","Private","Liquefied petroleum gas, bottled gas, dealers","County, NAICS 6-digit -- by ownership sector","All establishment sizes",4,9,136293,80917,2795,294,15285,"",10.88,2.32,1.49,2.46,2.89,0.65,0.65,"",0,0.0,-1,-10.0,711,0.5,6704,9.0,431,18.2,20,7.3,1013,7.1
"72091","5","48-49","74","0","2010","A","","Manati Municipio, Puerto Rico","Private","Transportation and warehousing","County, NAICS Sector -- by ownership sector","All establishment sizes",4,20,394462,155263,4926,389,20229,"",0.25,0.05,0.04,0.05,0.05,0.83,0.83,"",0,0.0,-5,-20.0,-35664,-8.3,-31652,-16.9,160,3.4,56,16.8,2908,16.8
"72091","5","484","75","0","2010","A","N","Manati Municipio, Puerto Rico","Private","Truck transportation","County, NAICS 3-digit -- by ownership sector","All establishment sizes",3,0,0,0,0,0,0,"N",0.36,0,0,0,0,0,0,"N",0,0.0,0,0,0,0,0,0,0,0,0,0,0,0
"72091","5","4841","76","0","2010","A","N","Manati Municipio, Puerto Rico","Private","General freight trucking","County, NAICS 4-digit -- by ownership sector","All establishment sizes",2,0,0,0,0,0,0,"N",0.41,0,0,0,0,0,0,"N",0,0.0,0,0,0,0,0,0,0,0,0,0,0,0
"72091","5","48412","77","0","2010","A","N","Manati Municipio, Puerto Rico","Private","General freight trucking, long-distance","County, NAICS 5-digit -- by ownership sector","All establishment sizes",2,0,0,0,0,0,0,"N",0.71,0,0,0,0,0,0,"N",0,0.0,0,0,0,0,0,0,0,0,0,0,0,0
"72091","5","484121","78","0","2010","A","N","Manati Municipio, Puerto Rico","Private","General freight trucking, long-distance tl","County, NAICS 6-digit -- by ownership sector","All establishment sizes",2,0,0,0,0,0,0,"N",0.88,0,0,0,0,0,0,"N",0,0.0,0,0,0,0,0,0,0,0,0,0,0,0
"72091","5","4842","76","0","2010","A","N","Manati Municipio, Puerto Rico","Private","Specialized freight trucking","County, NAICS 4-digit -- by ownership sector","All establishment sizes",1,0,0,0,0,0,0,"N",0.30,0,0,0,0,0,0,"N",0,0.0,0,0,0,0,0,0,0,0,0,0,0,0
"72091","5","48422","77","0","2010","A","N","Manati Municipio, Puerto Rico","Private","Other specialized trucking, local","County, NAICS 5-digit -- by ownership sector","All establishment sizes",1,0,0,0,0,0,0,"N",0.47,0,0,0,0,0,0,"N",0,0.0,0,0,0,0,0,0,0,0,0,0,0,0
"72091","5","484220","78","0","2010","A","N","Manati Municipio, Puerto Rico","Private","Other specialized trucking, local","County, NAICS 6-digit -- by ownership sector","All establishment sizes",1,0,0,0,0,0,0,"N",0.47,0,0,0,0,0,0,"N",0,0.0,0,0,0,0,0,0,0,0,0,0,0,0
"72091","5","485","75","0","2010","A","N","Manati Municipio, Puerto Rico","Private","Transit and ground passenger transportation","County, NAICS 3-digit -- by ownership sector","All establishment sizes",1,0,0,0,0,0,0,"N",0.72,0,0,0,0,0,0,"N",0,0.0,0,0,0,0,0,0,0,0,0,0,0,0
"72091","5","4854","76","0","2010","A","N","Manati Municipio, Puerto Rico","Private","School and employee bus transportation","County, NAICS 4-digit -- by ownership sector","All establishment sizes",1,0,0,0,0,0,0,"N",2.99,0,0,0,0,0,0,"N",0,0.0,0,0,0,0,0,0,0,0,0,0,0,0
"72091","5","48541","77","0","2010","A","N","Manati Municipio, Puerto Rico","Private","School and employee bus transportation","County, NAICS 5-digit -- by ownership sector","All establishment sizes",1,0,0,0,0,0,0,"N",2.99,0,0,0,0,0,0,"N",0,0.0,0,0,0,0,0,0,0,0,0,0,0,0
"72091","5","485410","78","0","2010","A","N","Manati Municipio, Puerto Rico","Private","School and employee bus transportation","County, NAICS 6-digit -- by ownership sector","All establishment sizes",1,0,0,0,0,0,0,"N",2.99,0,0,0,0,0,0,"N",0,0.0,0,0,0,0,0,0,0,0,0,0,0,0
"72091","5","51","74","0","2010","A","","Manati Municipio, Puerto Rico","Private","Information","County, NAICS Sector -- by ownership sector","All establishment sizes",5,58,2411707,415921,8775,803,41761,"",0.47,0.22,0.22,0.17,0.11,1.02,1.02,"",0,0.0,2,3.6,62160,2.6,33476,8.8,739,9.2,-3,-0.4,-133,-0.3
"72091","5","515","75","0","2010","A","N","Manati Municipio, Puerto Rico","Private","Broadcasting, except internet","County, NAICS 3-digit -- by ownership sector","All establishment sizes",1,0,0,0,0,0,0,"N",1.36,0,0,0,0,0,0,"N",-1,-50.0,0,0,0,0,0,0,0,0,0,0,0,0
"72091","5","5151","76","0","2010","A","N","Manati Municipio, Puerto Rico","Private","Radio and television broadcasting","County, NAICS 4-digit -- by ownership sector","All establishment sizes",1,0,0,0,0,0,0,"N",1.63,0,0,0,0,0,0,"N",-1,-50.0,0,0,0,0,0,0,0,0,0,0,0,0
"72091","5","51511","77","0","2010","A","N","Manati Municipio, Puerto Rico","Private","Radio broadcasting","County, NAICS 5-digit -- by ownership sector","All establishment sizes",1,0,0,0,0,0,0,"N",2.37,0,0,0,0,0,0,"N",-1,-50.0,0,0,0,0,0,0,0,0,0,0,0,0
"72091","5","515112","78","0","2010","A","N","Manati Municipio, Puerto Rico","Private","Radio stations","County, NAICS 6-digit -- by ownership sector","All establishment sizes",1,0,0,0,0,0,0,"N",3.14,0,0,0,0,0,0,"N",0,0.0,0,0,0,0,0,0,0,0,0,0,0,0
"72091","5","517","75","0","2010","A","N","Manati Municipio, Puerto Rico","Private","Telecommunications","County, NAICS 3-digit -- by ownership sector","All establishment sizes",4,0,0,0,0,0,0,"N",1.17,0,0,0,0,0,0,"N",1,33.3,0,0,0,0,0,0,0,0,0,0,0,0
"72091","5","5171","76","0","2010","A","N","Manati Municipio, Puerto Rico","Private","Wired telecommunications carriers","County, NAICS 4-digit -- by ownership sector","All establishment sizes",2,0,0,0,0,0,0,"N",0.99,0,0,0,0,0,0,"N",0,0.0,0,0,0,0,0,0,0,0,0,0,0,0
"72091","5","51711","77","0","2010","A","N","Manati Municipio, Puerto Rico","Private","Wired telecommunications carriers","County, NAICS 5-digit -- by ownership sector","All establishment sizes",2,0,0,0,0,0,0,"N",0.99,0,0,0,0,0,0,"N",0,0.0,0,0,0,0,0,0,0,0,0,0,0,0
"72091","5","517110","78","0","2010","A","N","Manati Municipio, Puerto Rico","Private","Wired telecommunications carriers","County, NAICS 6-digit -- by ownership sector","All establishment sizes",2,0,0,0,0,0,0,"N",0.99,0,0,0,0,0,0,"N",0,0.0,0,0,0,0,0,0,0,0,0,0,0,0
"72091","5","5172","76","0","2010","A","N","Manati Municipio, Puerto Rico","Private","Wireless telecommunications carriers","County, NAICS 4-digit -- by ownership sector","All establishment sizes",2,0,0,0,0,0,0,"N",2.91,0,0,0,0,0,0,"N",1,100.0,0,0,0,0,0,0,0,0,0,0,0,0
"72091","5","51721","77","0","2010","A","N","Manati Municipio, Puerto Rico","Private","Wireless telecommunications carriers","County, NAICS 5-digit -- by ownership sector","All establishment sizes",2,0,0,0,0,0,0,"N",2.91,0,0,0,0,0,0,"N",1,100.0,0,0,0,0,0,0,0,0,0,0,0,0
"72091","5","517210","78","0","2010","A","N","Manati Municipio, Puerto Rico","Private","Wireless telecommunications carriers","County, NAICS 6-digit -- by ownership sector","All establishment sizes",2,0,0,0,0,0,0,"N",2.91,0,0,0,0,0,0,"N",1,100.0,0,0,0,0,0,0,0,0,0,0,0,0
"72091","5","52","74","0","2010","A","","Manati Municipio, Puerto Rico","Private","Finance and insurance","County, NAICS Sector -- by ownership sector","All establishment sizes",20,236,7648496,1818434,50340,622,32363,"",0.57,0.43,0.30,0.38,0.37,0.69,0.69,"",0,0.0,42,21.6,2061970,36.9,533676,41.5,15899,46.2,67,12.1,3504,12.1
"72091","5","522","75","0","2010","A","","Manati Municipio, Puerto Rico","Private","Credit intermediation and related activities","County, NAICS 3-digit -- by ownership sector","All establishment sizes",17,142,3940623,1103431,29178,534,27767,"",1.23,0.56,0.47,0.51,0.48,0.83,0.83,"N",-1,-5.6,0,0,0,0,0,0,0,0,0,0,0,0
"72091","5","5221","76","0","2010","A","","Manati Municipio, Puerto Rico","Private","Depository credit intermediation","County, NAICS 4-digit -- by ownership sector","All establishment sizes",12,114,3214448,914687,25540,545,28321,"",1.48,0.67,0.62,0.64,0.68,0.93,0.93,"",0,0.0,-10,-8.1,-94411,-2.9,192596,26.7,8059,46.1,33,6.4,1708,6.4
"72091","5","52211","77","0","2010","A","","Manati Municipio, Puerto Rico","Private","Commercial banking","County, NAICS 5-digit -- by ownership sector","All establishment sizes",8,76,2231669,646933,15236,566,29429,"",1.35,0.59,0.54,0.59,0.53,0.91,0.91,"",0,0.0,-8,-9.5,-127619,-5.4,180844,38.8,5048,49.5,26,4.8,1370,4.9
"72091","5","522110","78","0","2010","A","","Manati Municipio, Puerto Rico","Private","Commercial banking","County, NAICS 6-digit -- by ownership sector","All establishment sizes",8,76,2231669,646933,15236,566,29429,"",1.35,0.59,0.54,0.59,0.53,0.91,0.91,"",0,0.0,-8,-9.5,-127619,-5.4,180844,38.8,5048,49.5,26,4.8,1370,4.9
"72091","5","52212","77","0","2010","A","N","Manati Municipio, Puerto Rico","Private","Savings institutions","County, NAICS 5-digit -- by ownership sector","All establishment sizes",1,0,0,0,0,0,0,"N",1.02,0,0,0,0,0,0,"N",0,0.0,0,0,0,0,0,0,0,0,0,0,0,0
"72091","5","522120","78","0","2010","A","N","Manati Municipio, Puerto Rico","Private","Savings institutions","County, NAICS 6-digit -- by ownership sector","All establishment sizes",1,0,0,0,0,0,0,"N",1.02,0,0,0,0,0,0,"N",0,0.0,0,0,0,0,0,0,0,0,0,0,0,0
"72091","5","52213","77","0","2010","A","N","Manati Municipio, Puerto Rico","Private","Credit unions","County, NAICS 5-digit -- by ownership sector","All establishment sizes",3,0,0,0,0,0,0,"N",2.61,0,0,0,0,0,0,"N",0,0.0,0,0,0,0,0,0,0,0,0,0,0,0
"72091","5","522130","78","0","2010","A","N","Manati Municipio, Puerto Rico","Private","Credit unions","County, NAICS 6-digit -- by ownership sector","All establishment sizes",3,0,0,0,0,0,0,"N",2.61,0,0,0,0,0,0,"N",0,0.0,0,0,0,0,0,0,0,0,0,0,0,0
"72091","5","5222","76","0","2010","A","","Manati Municipio, Puerto Rico","Private","Nondepository credit intermediation","County, NAICS 4-digit -- by ownership sector","All establishment sizes",5,28,726175,188744,3638,491,25555,"",1.40,0.50,0.32,0.38,0.22,0.62,0.62,"N",-1,-16.7,0,0,0,0,0,0,0,0,0,0,0,0
"72091","5","52229","77","0","2010","A","","Manati Municipio, Puerto Rico","Private","Other nondepository credit intermediation","County, NAICS 5-digit -- by ownership sector","All establishment sizes",5,28,726175,188744,3638,491,25555,"",1.68,0.75,0.51,0.54,0.32,0.68,0.68,"N",-1,-16.7,0,0,0,0,0,0,0,0,0,0,0,0
"72091","5","522291","78","0","2010","A","","Manati Municipio, Puerto Rico","Private","Consumer lending","County, NAICS 6-digit -- by ownership sector","All establishment sizes",3,18,476084,117552,2429,497,25851,"",2.69,2.02,1.93,1.49,0.95,0.93,0.93,"",0,0.0,-1,-5.3,-18884,-3.8,-1560,-1.3,101,4.3,-8,-1.6,-430,-1.6
"72091","5","522292","78","0","2010","A","N","Manati Municipio, Puerto Rico","Private","Real estate credit","County, NAICS 6-digit -- by ownership sector","All establishment sizes",1,0,0,0,0,0,0,"N",0.83,0,0,0,0,0,0,"N",-1,-50.0,0,0,0,0,0,0,0,0,0,0,0,0
"72091","5","522298","78","0","2010","A","N","Manati Municipio, Puerto Rico","Private","All other nondepository credit intermediation","County, NAICS 6-digit -- by ownership sector","All establishment sizes",1,0,0,0,0,0,0,"N",1.68,0,0,0,0,0,0,"N",0,0.0,0,0,0,0,0,0,0,0,0,0,0,0
"72091","5","524","75","0","2010","A","","Manati Municipio, Puerto Rico","Private","Insurance carriers and related activities","County, NAICS 3-digit -- by ownership sector","All establishment sizes",3,94,3707873,715003,21162,755,39271,"",0.22,0.46,0.47,0.40,0.45,1.02,1.02,"N",1,50.0,0,0,0,0,0,0,0,0,0,0,0,0
"72091","5","5241","76","0","2010","A","","Manati Municipio, Puerto Rico","Private","Insurance carriers","County, NAICS 4-digit -- by ownership sector","All establishment sizes",3,94,3707873,715003,21162,755,39271,"",1.17,0.81,0.76,0.68,0.77,0.94,0.94,"N",1,50.0,0,0,0,0,0,0,0,0,0,0,0,0
"72091","5","52411","77","0","2010","A","N","Manati Municipio, Puerto Rico","Private","Direct life and health insurance carriers","County, NAICS 5-digit -- by ownership sector","All establishment sizes",2,0,0,0,0,0,0,"N",2.56,0,0,0,0,0,0,"N",1,100.0,0,0,0,0,0,0,0,0,0,0,0,0
"72091","5","524113","78","0","2010","A","N","Manati Municipio, Puerto Rico","Private","Direct life insurance carriers","County, NAICS 6-digit -- by ownership sector","All establishment sizes",1,0,0,0,0,0,0,"N",1.98,0,0,0,0,0,0,"N",0,0.0,0,0,0,0,0,0,0,0,0,0,0,0
"72091","5","524114","78","0","2010","A","N","Manati Municipio, Puerto Rico","Private","Direct health and medical insurance carriers","County, NAICS 6-digit -- by ownership sector","All establishment sizes",1,0,0,0,0,0,0,"N",3.61,0,0,0,0,0,0,"N",1,100.0,0,0,0,0,0,0,0,0,0,0,0,0
"72091","5","52412","77","0","2010","A","N","Manati Municipio, Puerto Rico","Private","Direct insurers, except life and health","County, NAICS 5-digit -- by ownership sector","All establishment sizes",1,0,0,0,0,0,0,"N",0.58,0,0,0,0,0,0,"N",0,0.0,0,0,0,0,0,0,0,0,0,0,0,0
"72091","5","524126","78","0","2010","A","N","Manati Municipio, Puerto Rico","Private","Direct property and casualty insurers","County, NAICS 6-digit -- by ownership sector","All establishment sizes",1,0,0,0,0,0,0,"N",0.82,0,0,0,0,0,0,"N",0,0.0,0,0,0,0,0,0,0,0,0,0,0,0
"72091","5","53","74","0","2010","A","","Manati Municipio, Puerto Rico","Private","Real estate and rental and leasing","County, NAICS Sector -- by ownership sector","All establishment sizes",15,53,922377,392720,15240,332,17268,"",0.57,0.28,0.20,0.26,0.32,0.71,0.72,"",-1,-6.2,-9,-14.5,-72234,-7.3,-58503,-13.0,-1169,-7.1,24,7.8,1247,7.8
"72091","5","531","75","0","2010","A","","Manati Municipio, Puerto Rico","Private","Real estate","County, NAICS 3-digit -- by ownership sector","All establishment sizes",12,31,500645,239627,8565,308,16021,"",0.56,0.23,0.15,0.22,0.25,0.66,0.66,"N",1,9.1,0,0,0,0,0,0,0,0,0,0,0,0
"72091","5","5311","76","0","2010","A","N","Manati Municipio, Puerto Rico","Private","Lessors of real estate","County, NAICS 4-digit -- by ownership sector","All establishment sizes",5,0,0,0,0,0,0,"N",0.63,0,0,0,0,0,0,"N",0,0.0,0,0,0,0,0,0,0,0,0,0,0,0
"72091","5","53111","77","0","2010","A","N","Manati Municipio, Puerto Rico","Private","Lessors of residential buildings","County, NAICS 5-digit -- by ownership sector","All establishment sizes",1,0,0,0,0,0,0,"N",0.22,0,0,0,0,0,0,"N",0,0.0,0,0,0,0,0,0,0,0,0,0,0,0
"72091","5","531110","78","0","2010","A","N","Manati Municipio, Puerto Rico","Private","Lessors of residential buildings","County, NAICS 6-digit -- by ownership sector","All establishment sizes",1,0,0,0,0,0,0,"N",0.22,0,0,0,0,0,0,"N",0,0.0,0,0,0,0,0,0,0,0,0,0,0,0
"72091","5","53112","77","0","2010","A","","Manati Municipio, Puerto Rico","Private","Lessors of nonresidential buildings","County, NAICS 5-digit -- by ownership sector","All establishment sizes",4,7,122963,54068,2032,326,16960,"",2.32,0.53,0.29,0.50,0.66,0.53,0.53,"",0,0.0,-4,-36.4,-45706,-27.1,-24551,-31.2,-788,-27.9,31,10.5,1626,10.6
"72091","5","531120","78","0","2010","A","","Manati Municipio, Puerto Rico","Private","Lessors of nonresidential buildings","County, NAICS 6-digit -- by ownership sector","All establishment sizes",4,7,122963,54068,2032,326,16960,"",2.32,0.53,0.29,0.50,0.66,0.53,0.53,"",0,0.0,-4,-36.4,-45706,-27.1,-24551,-31.2,-788,-27.9,31,10.5,1626,10.6
"72091","5","5312","76","0","2010","A","","Manati Municipio, Puerto Rico","Private","Offices of real estate agents and brokers","County, NAICS 4-digit -- by ownership sector","All establishment sizes",4,13,172102,87482,3879,253,13154,"",0.55,0.48,0.22,0.38,0.56,0.46,0.46,"",0,0.0,-4,-23.5,-36238,-17.4,-47694,-35.3,-1920,-33.1,22,9.5,1134,9.4
"72091","5","53121","77","0","2010","A","","Manati Municipio, Puerto Rico","Private","Offices of real estate agents and brokers","County, NAICS 5-digit -- by ownership sector","All establishment sizes",4,13,172102,87482,3879,253,13154,"",0.55,0.48,0.22,0.38,0.56,0.46,0.46,"",0,0.0,-4,-23.5,-36238,-17.4,-47694,-35.3,-1920,-33.1,22,9.5,1134,9.4
"72091","5","531210","78","0","2010","A","","Manati Municipio, Puerto Rico","Private","Offices of real estate agents and brokers","County, NAICS 6-digit -- by ownership sector","All establishment sizes",4,13,172102,87482,3879,253,13154,"",0.55,0.48,0.22,0.38,0.56,0.46,0.46,"",0,0.0,-4,-23.5,-36238,-17.4,-47694,-35.3,-1920,-33.1,22,9.5,1134,9.4
"72091","5","5313","76","0","2010","A","N","Manati Municipio, Puerto Rico","Private","Activities related to real estate","County, NAICS 4-digit -- by ownership sector","All establishment sizes",3,0,0,0,0,0,0,"N",0.47,0,0,0,0,0,0,"N",1,50.0,0,0,0,0,0,0,0,0,0,0,0,0
"72091","5","53131","77","0","2010","A","N","Manati Municipio, Puerto Rico","Private","Real estate property managers","County, NAICS 5-digit -- by ownership sector","All establishment sizes",3,0,0,0,0,0,0,"N",0.66,0,0,0,0,0,0,"N",1,50.0,0,0,0,0,0,0,0,0,0,0,0,0
"72091","5","531311","78","0","2010","A","N","Manati Municipio, Puerto Rico","Private","Residential property managers","County, NAICS 6-digit -- by ownership sector","All establishment sizes",2,0,0,0,0,0,0,"N",0.62,0,0,0,0,0,0,"N",0,0.0,0,0,0,0,0,0,0,0,0,0,0,0
"72091","5","531312","78","0","2010","A","N","Manati Municipio, Puerto Rico","Private","nonresidential property managers","County, NAICS 6-digit -- by ownership sector","All establishment sizes",1,0,0,0,0,0,0,"N",0.75,0,0,0,0,0,0,"N",1,100.0,0,0,0,0,0,0,0,0,0,0,0,0
"72091","5","532","75","0","2010","A","","Manati Municipio, Puerto Rico","Private","Rental and leasing services","County, NAICS 3-digit -- by ownership sector","All establishment sizes",3,22,421732,153093,6675,366,19026,"",0.70,0.44,0.37,0.38,0.51,0.85,0.85,"N",-2,-40.0,0,0,0,0,0,0,0,0,0,0,0,0
"72091","5","5322","76","0","2010","A","","Manati Municipio, Puerto Rico","Private","Consumer goods rental","County, NAICS 4-digit -- by ownership sector","All establishment sizes",3,22,421732,153093,6675,366,19026,"",1.51,1.15,1.36,1.08,1.42,1.17,1.17,"N",-1,-25.0,0,0,0,0,0,0,0,0,0,0,0,0
"72091","5","53221","77","0","2010","A","N","Manati Municipio, Puerto Rico","Private","Consumer electronics and appliances rental","County, NAICS 5-digit -- by ownership sector","All establishment sizes",1,0,0,0,0,0,0,"N",3.56,0,0,0,0,0,0,"N",0,0.0,0,0,0,0,0,0,0,0,0,0,0,0
"72091","5","532210","78","0","2010","A","N","Manati Municipio, Puerto Rico","Private","Consumer electronics and appliances rental","County, NAICS 6-digit -- by ownership sector","All establishment sizes",1,0,0,0,0,0,0,"N",3.56,0,0,0,0,0,0,"N",0,0.0,0,0,0,0,0,0,0,0,0,0,0,0
"72091","5","53223","77","0","2010","A","N","Manati Municipio, Puerto Rico","Private","Video tape and disc rental","County, NAICS 5-digit -- by ownership sector","All establishment sizes",1,0,0,0,0,0,0,"N",1.30,0,0,0,0,0,0,"N",-1,-50.0,0,0,0,0,0,0,0,0,0,0,0,0
"72091","5","532230","78","0","2010","A","N","Manati Municipio, Puerto Rico","Private","Video tape and disc rental","County, NAICS 6-digit -- by ownership sector","All establishment sizes",1,0,0,0,0,0,0,"N",1.30,0,0,0,0,0,0,"N",-1,-50.0,0,0,0,0,0,0,0,0,0,0,0,0
"72091","5","53229","77","0","2010","A","N","Manati Municipio, Puerto Rico","Private","Other consumer goods rental","County, NAICS 5-digit -- by ownership sector","All establishment sizes",1,0,0,0,0,0,0,"N",1.22,0,0,0,0,0,0,"N",0,0.0,0,0,0,0,0,0,0,0,0,0,0,0
"72091","5","532299","78","0","2010","A","N","Manati Municipio, Puerto Rico","Private","All other consumer goods rental","County, NAICS 6-digit -- by ownership sector","All establishment sizes",1,0,0,0,0,0,0,"N",2.35,0,0,0,0,0,0,"N",0,0.0,0,0,0,0,0,0,0,0,0,0,0,0
"72091","5","54","74","0","2010","A","N","Manati Municipio, Puerto Rico","Private","Professional and technical services","County, NAICS Sector -- by ownership sector","All establishment sizes",39,0,0,0,0,0,0,"N",0.51,0,0,0,0,0,0,"N",-7,-15.2,0,0,0,0,0,0,0,0,0,0,0,0
"72091","5","541","75","0","2010","A","N","Manati Municipio, Puerto Rico","Private","Professional and technical services","County, NAICS 3-digit -- by ownership sector","All establishment sizes",39,0,0,0,0,0,0,"N",0.51,0,0,0,0,0,0,"N",-7,-15.2,0,0,0,0,0,0,0,0,0,0,0,0
"72091","5","5411","76","0","2010","A","","Manati Municipio, Puerto Rico","Private","Legal services","County, NAICS 4-digit -- by ownership sector","All establishment sizes",20,42,907076,310425,9903,420,21857,"",1.43,0.38,0.18,0.33,0.40,0.49,0.49,"",-3,-13.0,0,0.0,68946,8.2,9639,3.2,-256,-2.5,34,8.8,1782,8.9
"72091","5","54111","77","0","2010","A","","Manati Municipio, Puerto Rico","Private","Offices of lawyers","County, NAICS 5-digit -- by ownership sector","All establishment sizes",20,42,907076,310425,9903,420,21857,"",1.54,0.41,0.19,0.35,0.43,0.48,0.48,"",-3,-13.0,0,0.0,68946,8.2,9639,3.2,-256,-2.5,34,8.8,1782,8.9
"72091","5","541110","78","0","2010","A","","Manati Municipio, Puerto Rico","Private","Offices of lawyers","County, NAICS 6-digit -- by ownership sector","All establishment sizes",20,42,907076,310425,9903,420,21857,"",1.54,0.41,0.19,0.35,0.43,0.48,0.48,"",-3,-13.0,0,0.0,68946,8.2,9639,3.2,-256,-2.5,34,8.8,1782,8.9
"72091","5","5412","76","0","2010","A","","Manati Municipio, Puerto Rico","Private","Accounting and bookkeeping services","County, NAICS 4-digit -- by ownership sector","All establishment sizes",6,20,337315,162041,6821,319,16589,"",0.62,0.23,0.12,0.21,0.30,0.52,0.52,"",0,0.0,-3,-13.0,-20337,-5.7,-10912,-6.3,369,5.7,16,5.3,810,5.1
"72091","5","54121","77","0","2010","A","","Manati Municipio, Puerto Rico","Private","Accounting and bookkeeping services","County, NAICS 5-digit -- by ownership sector","All establishment sizes",6,20,337315,162041,6821,319,16589,"",0.62,0.23,0.12,0.21,0.30,0.52,0.52,"",0,0.0,-3,-13.0,-20337,-5.7,-10912,-6.3,369,5.7,16,5.3,810,5.1
"72091","5","541211","78","0","2010","A","","Manati Municipio, Puerto Rico","Private","Offices of certified public accountants","County, NAICS 6-digit -- by ownership sector","All establishment sizes",3,6,110987,42051,1936,388,20179,"",0.74,0.15,0.07,0.12,0.22,0.50,0.50,"",0,0.0,0,0.0,3329,3.1,-1414,-3.3,177,10.1,33,9.3,1723,9.3
"72091","5","541213","78","0","2010","A","N","Manati Municipio, Puerto Rico","Private","Tax preparation services","County, NAICS 6-digit -- by ownership sector","All establishment sizes",1,0,0,0,0,0,0,"N",0.53,0,0,0,0,0,0,"N",0,0.0,0,0,0,0,0,0,0,0,0,0,0,0
"72091","5","541219","78","0","2010","A","N","Manati Municipio, Puerto Rico","Private","Other accounting services","County, NAICS 6-digit -- by ownership sector","All establishment sizes",2,0,0,0,0,0,0,"N",0.63,0,0,0,0,0,0,"N",0,0.0,0,0,0,0,0,0,0,0,0,0,0,0
"72091","5","5413","76","0","2010","A","N","Manati Municipio, Puerto Rico","Private","Architectural and engineering services","County, NAICS 4-digit -- by ownership sector","All establishment sizes",5,0,0,0,0,0,0,"N",0.53,0,0,0,0,0,0,"N",-2,-28.6,0,0,0,0,0,0,0,0,0,0,0,0
"72091","5","54131","77","0","2010","A","N","Manati Municipio, Puerto Rico","Private","Architectural services","County, NAICS 5-digit -- by ownership sector","All establishment sizes",1,0,0,0,0,0,0,"N",0.56,0,0,0,0,0,0,"N",0,0.0,0,0,0,0,0,0,0,0,0,0,0,0
"72091","5","541310","78","0","2010","A","N","Manati Municipio, Puerto Rico","Private","Architectural services","County, NAICS 6-digit -- by ownership sector","All establishment sizes",1,0,0,0,0,0,0,"N",0.56,0,0,0,0,0,0,"N",0,0.0,0,0,0,0,0,0,0,0,0,0,0,0
"72091","5","54133","77","0","2010","A","N","Manati Municipio, Puerto Rico","Private","Engineering services","County, NAICS 5-digit -- by ownership sector","All establishment sizes",2,0,0,0,0,0,0,"N",0.40,0,0,0,0,0,0,"N",-3,-60.0,0,0,0,0,0,0,0,0,0,0,0,0
"72091","5","541330","78","0","2010","A","N","Manati Municipio, Puerto Rico","Private","Engineering services","County, NAICS 6-digit -- by ownership sector","All establishment sizes",2,0,0,0,0,0,0,"N",0.40,0,0,0,0,0,0,"N",-3,-60.0,0,0,0,0,0,0,0,0,0,0,0,0
"72091","5","54134","77","0","2010","A","N","Manati Municipio, Puerto Rico","Private","Drafting services","County, NAICS 5-digit -- by ownership sector","All establishment sizes",1,0,0,0,0,0,0,"N",4.80,0,0,0,0,0,0,"N",1,100.0,0,0,0,0,0,0,0,0,0,0,0,0
"72091","5","541340","78","0","2010","A","N","Manati Municipio, Puerto Rico","Private","Drafting services","County, NAICS 6-digit -- by ownership sector","All establishment sizes",1,0,0,0,0,0,0,"N",4.80,0,0,0,0,0,0,"N",1,100.0,0,0,0,0,0,0,0,0,0,0,0,0
"72091","5","54138","77","0","2010","A","N","Manati Municipio, Puerto Rico","Private","Testing laboratories","County, NAICS 5-digit -- by ownership sector","All establishment sizes",1,0,0,0,0,0,0,"N",1.52,0,0,0,0,0,0,"N",0,0.0,0,0,0,0,0,0,0,0,0,0,0,0
"72091","5","541380","78","0","2010","A","N","Manati Municipio, Puerto Rico","Private","Testing laboratories","County, NAICS 6-digit -- by ownership sector","All establishment sizes",1,0,0,0,0,0,0,"N",1.52,0,0,0,0,0,0,"N",0,0.0,0,0,0,0,0,0,0,0,0,0,0,0
"72091","5","5415","76","0","2010","A","N","Manati Municipio, Puerto Rico","Private","Computer systems design and related services","County, NAICS 4-digit -- by ownership sector","All establishment sizes",1,0,0,0,0,0,0,"N",0.07,0,0,0,0,0,0,"N",0,0.0,0,0,0,0,0,0,0,0,0,0,0,0
"72091","5","54151","77","0","2010","A","N","Manati Municipio, Puerto Rico","Private","Computer systems design and related services","County, NAICS 5-digit -- by ownership sector","All establishment sizes",1,0,0,0,0,0,0,"N",0.07,0,0,0,0,0,0,"N",0,0.0,0,0,0,0,0,0,0,0,0,0,0,0
"72091","5","541512","78","0","2010","A","N","Manati Municipio, Puerto Rico","Private","Computer systems design services","County, NAICS 6-digit -- by ownership sector","All establishment sizes",1,0,0,0,0,0,0,"N",0.15,0,0,0,0,0,0,"N",0,0.0,0,0,0,0,0,0,0,0,0,0,0,0
"72091","5","5416","76","0","2010","A","N","Manati Municipio, Puerto Rico","Private","Management and technical consulting services","County, NAICS 4-digit -- by ownership sector","All establishment sizes",2,0,0,0,0,0,0,"N",0.13,0,0,0,0,0,0,"N",0,0.0,0,0,0,0,0,0,0,0,0,0,0,0
"72091","5","54161","77","0","2010","A","N","Manati Municipio, Puerto Rico","Private","Management consulting services","County, NAICS 5-digit -- by ownership sector","All establishment sizes",1,0,0,0,0,0,0,"N",0.09,0,0,0,0,0,0,"N",0,0.0,0,0,0,0,0,0,0,0,0,0,0,0
"72091","5","541611","78","0","2010","A","N","Manati Municipio, Puerto Rico","Private","Administrative management consulting services","County, NAICS 6-digit -- by ownership sector","All establishment sizes",1,0,0,0,0,0,0,"N",0.17,0,0,0,0,0,0,"N",0,0.0,0,0,0,0,0,0,0,0,0,0,0,0
"72091","5","54169","77","0","2010","A","N","Manati Municipio, Puerto Rico","Private","Other technical consulting services","County, NAICS 5-digit -- by ownership sector","All establishment sizes",1,0,0,0,0,0,0,"N",0.34,0,0,0,0,0,0,"N",0,0.0,0,0,0,0,0,0,0,0,0,0,0,0
"72091","5","541690","78","0","2010","A","N","Manati Municipio, Puerto Rico","Private","Other technical consulting services","County, NAICS 6-digit -- by ownership sector","All establishment sizes",1,0,0,0,0,0,0,"N",0.34,0,0,0,0,0,0,"N",0,0.0,0,0,0,0,0,0,0,0,0,0,0,0
"72091","5","5417","76","0","2010","A","N","Manati Municipio, Puerto Rico","Private","Scientific research and development services","County, NAICS 4-digit -- by ownership sector","All establishment sizes",1,0,0,0,0,0,0,"N",0.57,0,0,0,0,0,0,"N",0,0.0,0,0,0,0,0,0,0,0,0,0,0,0
"72091","5","54171","77","0","2010","A","N","Manati Municipio, Puerto Rico","Private","Physical, engineering and biological research","County, NAICS 5-digit -- by ownership sector","All establishment sizes",1,0,0,0,0,0,0,"N",0.69,0,0,0,0,0,0,"N",0,0.0,0,0,0,0,0,0,0,0,0,0,0,0
"72091","5","541712","78","0","2010","A","N","Manati Municipio, Puerto Rico","Private","Other physical and biological research","County, NAICS 6-digit -- by ownership sector","All establishment sizes",1,0,0,0,0,0,0,"N",0.99,0,0,0,0,0,0,"N",0,0.0,0,0,0,0,0,0,0,0,0,0,0,0
"72091","5","5419","76","0","2010","A","N","Manati Municipio, Puerto Rico","Private","Other professional and technical services","County, NAICS 4-digit -- by ownership sector","All establishment sizes",4,0,0,0,0,0,0,"N",0.72,0,0,0,0,0,0,"N",-1,-20.0,0,0,0,0,0,0,0,0,0,0,0,0
"72091","5","54194","77","0","2010","A","N","Manati Municipio, Puerto Rico","Private","Veterinary services","County, NAICS 5-digit -- by ownership sector","All establishment sizes",2,0,0,0,0,0,0,"N",0.94,0,0,0,0,0,0,"N",0,0.0,0,0,0,0,0,0,0,0,0,0,0,0
"72091","5","541940","78","0","2010","A","N","Manati Municipio, Puerto Rico","Private","Veterinary services","County, NAICS 6-digit -- by ownership sector","All establishment sizes",2,0,0,0,0,0,0,"N",0.94,0,0,0,0,0,0,"N",0,0.0,0,0,0,0,0,0,0,0,0,0,0,0
"72091","5","54199","77","0","2010","A","N","Manati Municipio, Puerto Rico","Private","All other professional and technical services","County, NAICS 5-digit -- by ownership sector","All establishment sizes",2,0,0,0,0,0,0,"N",1.46,0,0,0,0,0,0,"N",-1,-33.3,0,0,0,0,0,0,0,0,0,0,0,0
"72091","5","541990","78","0","2010","A","N","Manati Municipio, Puerto Rico","Private","All other professional and technical services","County, NAICS 6-digit -- by ownership sector","All establishment sizes",2,0,0,0,0,0,0,"N",1.46,0,0,0,0,0,0,"N",-1,-33.3,0,0,0,0,0,0,0,0,0,0,0,0
"72091","5","55","74","0","2010","A","N","Manati Municipio, Puerto Rico","Private","Management of companies and enterprises","County, NAICS Sector -- by ownership sector","All establishment sizes",2,0,0,0,0,0,0,"N",0.51,0,0,0,0,0,0,"N",-1,-33.3,0,0,0,0,0,0,0,0,0,0,0,0
"72091","5","551","75","0","2010","A","N","Manati Municipio, Puerto Rico","Private","Management of companies and enterprises","County, NAICS 3-digit -- by ownership sector","All establishment sizes",2,0,0,0,0,0,0,"N",0.51,0,0,0,0,0,0,"N",-1,-33.3,0,0,0,0,0,0,0,0,0,0,0,0
"72091","5","5511","76","0","2010","A","N","Manati Municipio, Puerto Rico","Private","Management of companies and enterprises","County, NAICS 4-digit -- by ownership sector","All establishment sizes",2,0,0,0,0,0,0,"N",0.51,0,0,0,0,0,0,"N",-1,-33.3,0,0,0,0,0,0,0,0,0,0,0,0
"72091","5","55111","77","0","2010","A","N","Manati Municipio, Puerto Rico","Private","Management of companies and enterprises","County, NAICS 5-digit -- by ownership sector","All establishment sizes",2,0,0,0,0,0,0,"N",0.51,0,0,0,0,0,0,"N",-1,-33.3,0,0,0,0,0,0,0,0,0,0,0,0
"72091","5","551114","78","0","2010","A","N","Manati Municipio, Puerto Rico","Private","Managing offices","County, NAICS 6-digit -- by ownership sector","All establishment sizes",2,0,0,0,0,0,0,"N",0.63,0,0,0,0,0,0,"N",0,0.0,0,0,0,0,0,0,0,0,0,0,0,0
"72091","5","56","74","0","2010","A","","Manati Municipio, Puerto Rico","Private","Administrative and waste services","County, NAICS Sector -- by ownership sector","All establishment sizes",30,843,16355329,8316064,416331,373,19399,"",0.86,1.15,1.22,1.33,1.80,1.06,1.06,"",3,11.1,199,30.9,3413572,26.4,2275176,37.7,137381,49.2,-14,-3.6,-710,-3.5
"72091","5","561","75","0","2010","A","N","Manati Municipio, Puerto Rico","Private","Administrative and support services","County, NAICS 3-digit -- by ownership sector","All establishment sizes",29,0,0,0,0,0,0,"N",0.88,0,0,0,0,0,0,"N",3,11.5,0,0,0,0,0,0,0,0,0,0,0,0
"72091","5","5611","76","0","2010","A","","Manati Municipio, Puerto Rico","Private","Office administrative services","County, NAICS 4-digit -- by ownership sector","All establishment sizes",3,7,123244,50295,1623,365,18961,"",0.93,0.17,0.07,0.15,0.16,0.46,0.46,"N",0,0.0,0,0,0,0,0,0,0,0,0,0,0,0
"72091","5","56111","77","0","2010","A","","Manati Municipio, Puerto Rico","Private","Office administrative services","County, NAICS 5-digit -- by ownership sector","All establishment sizes",3,7,123244,50295,1623,365,18961,"",0.93,0.17,0.07,0.15,0.16,0.46,0.46,"N",0,0.0,0,0,0,0,0,0,0,0,0,0,0,0
"72091","5","561110","78","0","2010","A","","Manati Municipio, Puerto Rico","Private","Office administrative services","County, NAICS 6-digit -- by ownership sector","All establishment sizes",3,7,123244,50295,1623,365,18961,"",0.93,0.17,0.07,0.15,0.16,0.46,0.46,"N",0,0.0,0,0,0,0,0,0,0,0,0,0,0,0
"72091","5","5613","76","0","2010","A","","Manati Municipio, Puerto Rico","Private","Employment services","County, NAICS 4-digit -- by ownership sector","All establishment sizes",5,745,14335080,7573962,392742,370,19244,"",0.85,2.76,3.32,2.99,3.60,1.20,1.20,"",0,0.0,238,46.9,5514696,62.5,2688444,55.0,147167,59.9,35,10.4,1841,10.6
"72091","5","56132","77","0","2010","A","","Manati Municipio, Puerto Rico","Private","Temporary help services","County, NAICS 5-digit -- by ownership sector","All establishment sizes",5,745,14335080,7573962,392742,370,19244,"",1.46,3.60,4.71,3.84,4.43,1.31,1.31,"",0,0.0,238,46.9,5514696,62.5,2688444,55.0,147167,59.9,35,10.4,1841,10.6
"72091","5","561320","78","0","2010","A","","Manati Municipio, Puerto Rico","Private","Temporary help services","County, NAICS 6-digit -- by ownership sector","All establishment sizes",5,745,14335080,7573962,392742,370,19244,"",1.46,3.60,4.71,3.84,4.43,1.31,1.31,"",0,0.0,238,46.9,5514696,62.5,2688444,55.0,147167,59.9,35,10.4,1841,10.6
"72091","5","5614","76","0","2010","A","N","Manati Municipio, Puerto Rico","Private","Business support services","County, NAICS 4-digit -- by ownership sector","All establishment sizes",1,0,0,0,0,0,0,"N",0.28,0,0,0,0,0,0,"N",0,0.0,0,0,0,0,0,0,0,0,0,0,0,0
"72091","5","56141","77","0","2010","A","N","Manati Municipio, Puerto Rico","Private","Document preparation services","County, NAICS 5-digit -- by ownership sector","All establishment sizes",1,0,0,0,0,0,0,"N",1.60,0,0,0,0,0,0,"N",0,0.0,0,0,0,0,0,0,0,0,0,0,0,0
"72091","5","561410","78","0","2010","A","N","Manati Municipio, Puerto Rico","Private","Document preparation services","County, NAICS 6-digit -- by ownership sector","All establishment sizes",1,0,0,0,0,0,0,"N",1.60,0,0,0,0,0,0,"N",0,0.0,0,0,0,0,0,0,0,0,0,0,0,0
"72091","5","5615","76","0","2010","A","N","Manati Municipio, Puerto Rico","Private","Travel arrangement and reservation services","County, NAICS 4-digit -- by ownership sector","All establishment sizes",2,0,0,0,0,0,0,"N",1.16,0,0,0,0,0,0,"N",0,0.0,0,0,0,0,0,0,0,0,0,0,0,0
"72091","5","56151","77","0","2010","A","N","Manati Municipio, Puerto Rico","Private","Travel agencies","County, NAICS 5-digit -- by ownership sector","All establishment sizes",2,0,0,0,0,0,0,"N",1.76,0,0,0,0,0,0,"N",0,0.0,0,0,0,0,0,0,0,0,0,0,0,0
"72091","5","561510","78","0","2010","A","N","Manati Municipio, Puerto Rico","Private","Travel agencies","County, NAICS 6-digit -- by ownership sector","All establishment sizes",2,0,0,0,0,0,0,"N",1.76,0,0,0,0,0,0,"N",0,0.0,0,0,0,0,0,0,0,0,0,0,0,0
"72091","5","5616","76","0","2010","A","","Manati Municipio, Puerto Rico","Private","Investigation and security services","County, NAICS 4-digit -- by ownership sector","All establishment sizes",9,26,317031,214449,6674,234,12194,"",3.90,0.34,0.26,0.36,0.36,0.77,0.77,"",2,28.6,-4,-13.3,-2758,-0.9,-21990,-9.3,-2620,-28.2,30,14.7,1593,15.0
"72091","5","56161","77","0","2010","A","N","Manati Municipio, Puerto Rico","Private","Security and armored car services","County, NAICS 5-digit -- by ownership sector","All establishment sizes",7,0,0,0,0,0,0,"N",4.78,0,0,0,0,0,0,"N",2,40.0,0,0,0,0,0,0,0,0,0,0,0,0
"72091","5","561612","78","0","2010","A","N","Manati Municipio, Puerto Rico","Private","Security guards and patrol services","County, NAICS 6-digit -- by ownership sector","All establishment sizes",7,0,0,0,0,0,0,"N",6.84,0,0,0,0,0,0,"N",3,75.0,0,0,0,0,0,0,0,0,0,0,0,0
"72091","5","56162","77","0","2010","A","N","Manati Municipio, Puerto Rico","Private","Security systems services","County, NAICS 5-digit -- by ownership sector","All establishment sizes",2,0,0,0,0,0,0,"N",2.37,0,0,0,0,0,0,"N",0,0.0,0,0,0,0,0,0,0,0,0,0,0,0
"72091","5","561622","78","0","2010","A","N","Manati Municipio, Puerto Rico","Private","Locksmiths","County, NAICS 6-digit -- by ownership sector","All establishment sizes",2,0,0,0,0,0,0,"N",7.10,0,0,0,0,0,0,"N",0,0.0,0,0,0,0,0,0,0,0,0,0,0,0
"72091","5","5617","76","0","2010","A","","Manati Municipio, Puerto Rico","Private","Services to buildings and dwellings","County, NAICS 4-digit -- by ownership sector","All establishment sizes",9,41,466044,298016,11627,221,11484,"",0.63,0.24,0.20,0.23,0.27,0.86,0.86,"",1,12.5,9,28.1,62737,15.6,46403,18.4,2058,21.5,-25,-10.2,-1286,-10.1
"72091","5","56171","77","0","2010","A","N","Manati Municipio, Puerto Rico","Private","Exterminating and pest control services","County, NAICS 5-digit -- by ownership sector","All establishment sizes",1,0,0,0,0,0,0,"N",1.06,0,0,0,0,0,0,"N",0,0.0,0,0,0,0,0,0,0,0,0,0,0,0
"72091","5","561710","78","0","2010","A","N","Manati Municipio, Puerto Rico","Private","Exterminating and pest control services","County, NAICS 6-digit -- by ownership sector","All establishment sizes",1,0,0,0,0,0,0,"N",1.06,0,0,0,0,0,0,"N",0,0.0,0,0,0,0,0,0,0,0,0,0,0,0
"72091","5","56172","77","0","2010","A","","Manati Municipio, Puerto Rico","Private","Janitorial services","County, NAICS 5-digit -- by ownership sector","All establishment sizes",5,30,329136,208297,8662,211,10971,"",1.13,0.33,0.34,0.33,0.52,1.04,1.04,"",1,25.0,14,87.5,118546,56.3,72085,52.9,3051,54.4,-43,-16.9,-2260,-17.1
"72091","5","561720","78","0","2010","A","","Manati Municipio, Puerto Rico","Private","Janitorial services","County, NAICS 6-digit -- by ownership sector","All establishment sizes",5,30,329136,208297,8662,211,10971,"",1.13,0.33,0.34,0.33,0.52,1.04,1.04,"",1,25.0,14,87.5,118546,56.3,72085,52.9,3051,54.4,-43,-16.9,-2260,-17.1
"72091","5","56173","77","0","2010","A","N","Manati Municipio, Puerto Rico","Private","Landscaping services","County, NAICS 5-digit -- by ownership sector","All establishment sizes",3,0,0,0,0,0,0,"N",0.41,0,0,0,0,0,0,"N",0,0.0,0,0,0,0,0,0,0,0,0,0,0,0
"72091","5","561730","78","0","2010","A","N","Manati Municipio, Puerto Rico","Private","Landscaping services","County, NAICS 6-digit -- by ownership sector","All establishment sizes",3,0,0,0,0,0,0,"N",0.41,0,0,0,0,0,0,"N",0,0.0,0,0,0,0,0,0,0,0,0,0,0,0
"72091","5","5619","76","0","2010","A","N","Manati Municipio, Puerto Rico","Private","Other support services","County, NAICS 4-digit -- by ownership sector","All establishment sizes",1,0,0,0,0,0,0,"N",0.52,0,0,0,0,0,0,"N",0,0.0,0,0,0,0,0,0,0,0,0,0,0,0
"72091","5","56199","77","0","2010","A","N","Manati Municipio, Puerto Rico","Private","All other support services","County, NAICS 5-digit -- by ownership sector","All establishment sizes",1,0,0,0,0,0,0,"N",0.70,0,0,0,0,0,0,"N",0,0.0,0,0,0,0,0,0,0,0,0,0,0,0
"72091","5","561990","78","0","2010","A","N","Manati Municipio, Puerto Rico","Private","All other support services","County, NAICS 6-digit -- by ownership sector","All establishment sizes",1,0,0,0,0,0,0,"N",0.70,0,0,0,0,0,0,"N",0,0.0,0,0,0,0,0,0,0,0,0,0,0,0
"72091","5","562","75","0","2010","A","N","Manati Municipio, Puerto Rico","Private","Waste management and remediation services","County, NAICS 3-digit -- by ownership sector","All establishment sizes",1,0,0,0,0,0,0,"N",0.55,0,0,0,0,0,0,"N",0,0.0,0,0,0,0,0,0,0,0,0,0,0,0
"72091","5","5622","76","0","2010","A","N","Manati Municipio, Puerto Rico","Private","Waste treatment and disposal","County, NAICS 4-digit -- by ownership sector","All establishment sizes",1,0,0,0,0,0,0,"N",3.70,0,0,0,0,0,0,"N",0,0.0,0,0,0,0,0,0,0,0,0,0,0,0
"72091","5","56221","77","0","2010","A","N","Manati Municipio, Puerto Rico","Private","Waste treatment and disposal","County, NAICS 5-digit -- by ownership sector","All establishment sizes",1,0,0,0,0,0,0,"N",3.70,0,0,0,0,0,0,"N",0,0.0,0,0,0,0,0,0,0,0,0,0,0,0
"72091","5","562211","78","0","2010","A","N","Manati Municipio, Puerto Rico","Private","Hazardous waste treatment and disposal","County, NAICS 6-digit -- by ownership sector","All establishment sizes",1,0,0,0,0,0,0,"N",13.24,0,0,0,0,0,0,"N",0,0.0,0,0,0,0,0,0,0,0,0,0,0,0
"72091","5","61","74","0","2010","A","","Manati Municipio, Puerto Rico","Private","Educational services","County, NAICS Sector -- by ownership sector","All establishment sizes",16,598,10537899,3680398,137791,339,17637,"",2.29,2.45,1.83,4.57,5.91,0.75,0.75,"",3,23.1,39,7.0,976449,10.2,373583,11.3,18832,15.8,10,3.0,530,3.1
"72091","5","611","75","0","2010","A","","Manati Municipio, Puerto Rico","Private","Educational services","County, NAICS 3-digit -- by ownership sector","All establishment sizes",16,598,10537899,3680398,137791,339,17637,"",2.29,2.45,1.83,4.57,5.91,0.75,0.75,"",3,23.1,39,7.0,976449,10.2,373583,11.3,18832,15.8,10,3.0,530,3.1
"72091","5","6111","76","0","2010","A","","Manati Municipio, Puerto Rico","Private","Elementary and secondary schools","County, NAICS 4-digit -- by ownership sector","All establishment sizes",4,72,916826,574060,26064,245,12719,"",3.31,1.09,0.72,2.55,4.51,0.66,0.66,"N",0,0.0,0,0,0,0,0,0,0,0,0,0,0,0
"72091","5","61111","77","0","2010","A","","Manati Municipio, Puerto Rico","Private","Elementary and secondary schools","County, NAICS 5-digit -- by ownership sector","All establishment sizes",4,72,916826,574060,26064,245,12719,"",3.31,1.09,0.72,2.55,4.51,0.66,0.66,"N",0,0.0,0,0,0,0,0,0,0,0,0,0,0,0
"72091","5","611110","78","0","2010","A","","Manati Municipio, Puerto Rico","Private","Elementary and secondary schools","County, NAICS 6-digit -- by ownership sector","All establishment sizes",4,72,916826,574060,26064,245,12719,"",3.31,1.09,0.72,2.55,4.51,0.66,0.66,"N",0,0.0,0,0,0,0,0,0,0,0,0,0,0,0
"72091","5","6112","76","0","2010","A","N","Manati Municipio, Puerto Rico","Private","Junior colleges","County, NAICS 4-digit -- by ownership sector","All establishment sizes",1,0,0,0,0,0,0,"N",15.14,0,0,0,0,0,0,"N",1,100.0,0,0,0,0,0,0,0,0,0,0,0,0
"72091","5","61121","77","0","2010","A","N","Manati Municipio, Puerto Rico","Private","Junior colleges","County, NAICS 5-digit -- by ownership sector","All establishment sizes",1,0,0,0,0,0,0,"N",15.14,0,0,0,0,0,0,"N",1,100.0,0,0,0,0,0,0,0,0,0,0,0,0
"72091","5","611210","78","0","2010","A","N","Manati Municipio, Puerto Rico","Private","Junior colleges","County, NAICS 6-digit -- by ownership sector","All establishment sizes",1,0,0,0,0,0,0,"N",15.14,0,0,0,0,0,0,"N",1,100.0,0,0,0,0,0,0,0,0,0,0,0,0
"72091","5","6113","76","0","2010","A","","Manati Municipio, Puerto Rico","Private","Colleges and universities","County, NAICS 4-digit -- by ownership sector","All establishment sizes",4,319,5653128,1601790,55799,340,17703,"",9.87,2.85,1.73,11.36,16.20,0.61,0.61,"",0,0.0,24,8.1,775249,15.9,305734,23.6,11520,26.0,21,6.6,1140,6.9
"72091","5","61131","77","0","2010","A","","Manati Municipio, Puerto Rico","Private","Colleges and universities","County, NAICS 5-digit -- by ownership sector","All establishment sizes",4,319,5653128,1601790,55799,340,17703,"",9.87,2.85,1.73,11.36,16.20,0.61,0.61,"",0,0.0,24,8.1,775249,15.9,305734,23.6,11520,26.0,21,6.6,1140,6.9
"72091","5","611310","78","0","2010","A","","Manati Municipio, Puerto Rico","Private","Colleges and universities","County, NAICS 6-digit -- by ownership sector","All establishment sizes",4,319,5653128,1601790,55799,340,17703,"",9.87,2.85,1.73,11.36,16.20,0.61,0.61,"",0,0.0,24,8.1,775249,15.9,305734,23.6,11520,26.0,21,6.6,1140,6.9
"72091","5","6115","76","0","2010","A","","Manati Municipio, Puerto Rico","Private","Technical and trade schools","County, NAICS 4-digit -- by ownership sector","All establishment sizes",3,176,3540362,1362648,52203,386,20087,"",4.60,14.23,12.52,13.72,15.73,0.88,0.88,"N",0,0.0,0,0,0,0,0,0,0,0,0,0,0,0
"72091","5","61151","77","0","2010","A","","Manati Municipio, Puerto Rico","Private","Technical and trade schools","County, NAICS 5-digit -- by ownership sector","All establishment sizes",3,176,3540362,1362648,52203,386,20087,"",4.60,14.23,12.52,13.72,15.73,0.88,0.88,"N",0,0.0,0,0,0,0,0,0,0,0,0,0,0,0
"72091","5","611511","78","0","2010","A","N","Manati Municipio, Puerto Rico","Private","Cosmetology and barber schools","County, NAICS 6-digit -- by ownership sector","All establishment sizes",1,0,0,0,0,0,0,"N",7.36,0,0,0,0,0,0,"N",0,0.0,0,0,0,0,0,0,0,0,0,0,0,0
"72091","5","611519","78","0","2010","A","N","Manati Municipio, Puerto Rico","Private","Other technical and trade schools","County, NAICS 6-digit -- by ownership sector","All establishment sizes",2,0,0,0,0,0,0,"N",5.91,0,0,0,0,0,0,"N",0,0.0,0,0,0,0,0,0,0,0,0,0,0,0
"72091","5","6116","76","0","2010","A","N","Manati Municipio, Puerto Rico","Private","Other schools and instruction","County, NAICS 4-digit -- by ownership sector","All establishment sizes",3,0,0,0,0,0,0,"N",0.99,0,0,0,0,0,0,"N",1,50.0,0,0,0,0,0,0,0,0,0,0,0,0
"72091","5","61163","77","0","2010","A","N","Manati Municipio, Puerto Rico","Private","Language schools","County, NAICS 5-digit -- by ownership sector","All establishment sizes",1,0,0,0,0,0,0,"N",9.39,0,0,0,0,0,0,"N",1,100.0,0,0,0,0,0,0,0,0,0,0,0,0
"72091","5","611630","78","0","2010","A","N","Manati Municipio, Puerto Rico","Private","Language schools","County, NAICS 6-digit -- by ownership sector","All establishment sizes",1,0,0,0,0,0,0,"N",9.39,0,0,0,0,0,0,"N",1,100.0,0,0,0,0,0,0,0,0,0,0,0,0
"72091","5","61169","77","0","2010","A","N","Manati Municipio, Puerto Rico","Private","All other schools and instruction","County, NAICS 5-digit -- by ownership sector","All establishment sizes",2,0,0,0,0,0,0,"N",1.64,0,0,0,0,0,0,"N",0,0.0,0,0,0,0,0,0,0,0,0,0,0,0
"72091","5","611691","78","0","2010","A","N","Manati Municipio, Puerto Rico","Private","Exam preparation and tutoring","County, NAICS 6-digit -- by ownership sector","All establishment sizes",1,0,0,0,0,0,0,"N",1.80,0,0,0,0,0,0,"N",0,0.0,0,0,0,0,0,0,0,0,0,0,0,0
"72091","5","611699","78","0","2010","A","N","Manati Municipio, Puerto Rico","Private","Miscellaneous schools and instruction","County, NAICS 6-digit -- by ownership sector","All establishment sizes",1,0,0,0,0,0,0,"N",2.05,0,0,0,0,0,0,"N",0,0.0,0,0,0,0,0,0,0,0,0,0,0,0
"72091","5","6117","76","0","2010","A","N","Manati Municipio, Puerto Rico","Private","Educational support services","County, NAICS 4-digit -- by ownership sector","All establishment sizes",1,0,0,0,0,0,0,"N",1.15,0,0,0,0,0,0,"N",1,100.0,0,0,0,0,0,0,0,0,0,0,0,0
"72091","5","61171","77","0","2010","A","N","Manati Municipio, Puerto Rico","Private","Educational support services","County, NAICS 5-digit -- by ownership sector","All establishment sizes",1,0,0,0,0,0,0,"N",1.15,0,0,0,0,0,0,"N",1,100.0,0,0,0,0,0,0,0,0,0,0,0,0
"72091","5","611710","78","0","2010","A","N","Manati Municipio, Puerto Rico","Private","Educational support services","County, NAICS 6-digit -- by ownership sector","All establishment sizes",1,0,0,0,0,0,0,"N",1.15,0,0,0,0,0,0,"N",1,100.0,0,0,0,0,0,0,0,0,0,0,0,0
"72091","5","62","74","0","2010","A","","Manati Municipio, Puerto Rico","Private","Health care and social assistance","County, NAICS Sector -- by ownership sector","All establishment sizes",192,3125,73566828,24006538,637801,453,23544,"",3.23,1.95,1.90,3.07,3.53,0.98,0.98,"",1,0.5,128,4.3,3202816,4.6,1178678,5.2,61613,10.7,2,0.4,68,0.3
"72091","5","621","75","0","2010","A","","Manati Municipio, Puerto Rico","Private","Ambulatory health care services","County, NAICS 3-digit -- by ownership sector","All establishment sizes",176,945,22043866,7061770,221991,449,23335,"",4.37,1.60,1.25,1.69,2.39,0.78,0.78,"",6,3.5,95,11.2,2533188,13.0,805365,12.9,37361,20.2,8,1.8,390,1.7
"72091","5","6211","76","0","2010","A","","Manati Municipio, Puerto Rico","Private","Offices of physicians","County, NAICS 4-digit -- by ownership sector","All establishment sizes",114,476,12545437,3742923,121811,507,26351,"",7.04,2.07,1.30,2.27,3.46,0.63,0.63,"",0,0.0,64,15.5,1442722,13.0,455741,13.9,21238,21.1,-12,-2.3,-614,-2.3
"72091","5","62111","77","0","2010","A","","Manati Municipio, Puerto Rico","Private","Offices of physicians","County, NAICS 5-digit -- by ownership sector","All establishment sizes",114,476,12545437,3742923,121811,507,26351,"",7.04,2.07,1.30,2.27,3.46,0.63,0.63,"",0,0.0,64,15.5,1442722,13.0,455741,13.9,21238,21.1,-12,-2.3,-614,-2.3
"72091","5","621111","78","0","2010","A","","Manati Municipio, Puerto Rico","Private","Offices of physicians, except mental health","County, NAICS 6-digit -- by ownership sector","All establishment sizes",109,464,12406692,3663834,119309,514,26739,"",7.06,2.06,1.30,2.27,3.46,0.63,0.63,"",0,0.0,65,16.3,1455563,13.3,466471,14.6,21843,22.4,-13,-2.5,-690,-2.5
"72091","5","621112","78","0","2010","A","","Manati Municipio, Puerto Rico","Private","Offices of mental health physicians","County, NAICS 6-digit -- by ownership sector","All establishment sizes",5,12,138745,79089,2502,221,11482,"",6.75,2.64,1.03,2.36,3.18,0.39,0.39,"",0,0.0,-1,-7.7,-12841,-8.5,-10730,-11.9,-605,-19.5,-12,-5.2,-645,-5.3
"72091","5","6212","76","0","2010","A","","Manati Municipio, Puerto Rico","Private","Offices of dentists","County, NAICS 4-digit -- by ownership sector","All establishment sizes",20,59,884678,422814,11222,288,14973,"",2.15,0.72,0.43,0.63,0.80,0.59,0.59,"",0,0.0,1,1.7,51646,6.2,9581,2.3,1136,11.3,11,4.0,590,4.1
"72091","5","62121","77","0","2010","A","","Manati Municipio, Puerto Rico","Private","Offices of dentists","County, NAICS 5-digit -- by ownership sector","All establishment sizes",20,59,884678,422814,11222,288,14973,"",2.15,0.72,0.43,0.63,0.80,0.59,0.59,"",0,0.0,1,1.7,51646,6.2,9581,2.3,1136,11.3,11,4.0,590,4.1
"72091","5","621210","78","0","2010","A","","Manati Municipio, Puerto Rico","Private","Offices of dentists","County, NAICS 6-digit -- by ownership sector","All establishment sizes",20,59,884678,422814,11222,288,14973,"",2.15,0.72,0.43,0.63,0.80,0.59,0.59,"",0,0.0,1,1.7,51646,6.2,9581,2.3,1136,11.3,11,4.0,590,4.1
"72091","5","6213","76","0","2010","A","","Manati Municipio, Puerto Rico","Private","Offices of other health practitioners","County, NAICS 4-digit -- by ownership sector","All establishment sizes",18,78,1623931,562809,20885,402,20887,"",1.97,1.18,1.19,1.08,1.85,1.01,1.01,"",3,20.0,19,32.2,625502,62.6,147479,35.5,7297,53.7,77,23.7,3964,23.4
"72091","5","62131","77","0","2010","A","","Manati Municipio, Puerto Rico","Private","Offices of chiropractors","County, NAICS 5-digit -- by ownership sector","All establishment sizes",3,6,88123,41271,1451,304,15783,"",1.08,0.51,0.47,0.45,0.72,0.99,0.99,"N",1,50.0,0,0,0,0,0,0,0,0,0,0,0,0
"72091","5","621310","78","0","2010","A","","Manati Municipio, Puerto Rico","Private","Offices of chiropractors","County, NAICS 6-digit -- by ownership sector","All establishment sizes",3,6,88123,41271,1451,304,15783,"",1.08,0.51,0.47,0.45,0.72,0.99,0.99,"N",1,50.0,0,0,0,0,0,0,0,0,0,0,0,0
"72091","5","62132","77","0","2010","A","","Manati Municipio, Puerto Rico","Private","Offices of optometrists","County, NAICS 5-digit -- by ownership sector","All establishment sizes",3,13,356378,91474,3554,524,27239,"",2.05,1.20,1.69,1.07,2.13,1.39,1.40,"",0,0.0,2,18.2,85363,31.5,-2116,-2.3,-25,-0.7,32,6.5,1631,6.4
"72091","5","621320","78","0","2010","A","","Manati Municipio, Puerto Rico","Private","Offices of optometrists","County, NAICS 6-digit -- by ownership sector","All establishment sizes",3,13,356378,91474,3554,524,27239,"",2.05,1.20,1.69,1.07,2.13,1.39,1.40,"",0,0.0,2,18.2,85363,31.5,-2116,-2.3,-25,-0.7,32,6.5,1631,6.4
"72091","5","62133","77","0","2010","A","N","Manati Municipio, Puerto Rico","Private","Offices of mental health practitioners","County, NAICS 5-digit -- by ownership sector","All establishment sizes",3,0,0,0,0,0,0,"N",2.81,0,0,0,0,0,0,"N",1,50.0,0,0,0,0,0,0,0,0,0,0,0,0
"72091","5","621330","78","0","2010","A","N","Manati Municipio, Puerto Rico","Private","Offices of mental health practitioners","County, NAICS 6-digit -- by ownership sector","All establishment sizes",3,0,0,0,0,0,0,"N",2.81,0,0,0,0,0,0,"N",1,50.0,0,0,0,0,0,0,0,0,0,0,0,0
"72091","5","62134","77","0","2010","A","","Manati Municipio, Puerto Rico","Private","Offices of specialty therapists","County, NAICS 5-digit -- by ownership sector","All establishment sizes",7,22,704991,186106,7784,614,31924,"",3.22,0.80,1.14,0.85,1.68,1.41,1.41,"",2,40.0,13,144.4,502071,247.4,116222,166.3,5276,210.4,188,44.1,9787,44.2
"72091","5","621340","78","0","2010","A","","Manati Municipio, Puerto Rico","Private","Offices of specialty therapists","County, NAICS 6-digit -- by ownership sector","All establishment sizes",7,22,704991,186106,7784,614,31924,"",3.22,0.80,1.14,0.85,1.68,1.41,1.41,"",2,40.0,13,144.4,502071,247.4,116222,166.3,5276,210.4,188,44.1,9787,44.2
"72091","5","62139","77","0","2010","A","N","Manati Municipio, Puerto Rico","Private","Offices of all other health practitioners","County, NAICS 5-digit -- by ownership sector","All establishment sizes",2,0,0,0,0,0,0,"N",1.22,0,0,0,0,0,0,"N",-1,-33.3,0,0,0,0,0,0,0,0,0,0,0,0
"72091","5","621391","78","0","2010","A","N","Manati Municipio, Puerto Rico","Private","Offices of podiatrists","County, NAICS 6-digit -- by ownership sector","All establishment sizes",0,0,0,0,0,0,0,"N",0.00,0,0,0,0,0,0,"N",-1,-100.0,0,0,0,0,0,0,0,0,0,0,0,0
"72091","5","621399","78","0","2010","A","N","Manati Municipio, Puerto Rico","Private","Offices of miscellaneous health practitioners","County, NAICS 6-digit -- by ownership sector","All establishment sizes",2,0,0,0,0,0,0,"N",1.92,0,0,0,0,0,0,"N",0,0.0,0,0,0,0,0,0,0,0,0,0,0,0
"72091","5","6214","76","0","2010","A","N","Manati Municipio, Puerto Rico","Private","Outpatient care centers","County, NAICS 4-digit -- by ownership sector","All establishment sizes",4,0,0,0,0,0,0,"N",2.13,0,0,0,0,0,0,"N",0,0.0,0,0,0,0,0,0,0,0,0,0,0,0
"72091","5","62142","77","0","2010","A","N","Manati Municipio, Puerto Rico","Private","Outpatient mental health centers","County, NAICS 5-digit -- by ownership sector","All establishment sizes",1,0,0,0,0,0,0,"N",1.83,0,0,0,0,0,0,"N",0,0.0,0,0,0,0,0,0,0,0,0,0,0,0
"72091","5","621420","78","0","2010","A","N","Manati Municipio, Puerto Rico","Private","Outpatient mental health centers","County, NAICS 6-digit -- by ownership sector","All establishment sizes",1,0,0,0,0,0,0,"N",1.83,0,0,0,0,0,0,"N",0,0.0,0,0,0,0,0,0,0,0,0,0,0,0
"72091","5","62149","77","0","2010","A","","Manati Municipio, Puerto Rico","Private","Other outpatient care centers","County, NAICS 5-digit -- by ownership sector","All establishment sizes",3,11,263237,72727,3113,482,25070,"",2.50,0.28,0.20,0.30,0.55,0.74,0.74,"",0,0.0,0,0.0,-5340,-2.0,-17000,-18.9,-387,-11.1,30,6.6,1545,6.6
"72091","5","621491","78","0","2010","A","N","Manati Municipio, Puerto Rico","Private","Hmo medical centers","County, NAICS 6-digit -- by ownership sector","All establishment sizes",1,0,0,0,0,0,0,"N",9.66,0,0,0,0,0,0,"N",0,0.0,0,0,0,0,0,0,0,0,0,0,0,0
"72091","5","621492","78","0","2010","A","N","Manati Municipio, Puerto Rico","Private","Kidney dialysis centers","County, NAICS 6-digit -- by ownership sector","All establishment sizes",2,0,0,0,0,0,0,"N",4.91,0,0,0,0,0,0,"N",0,0.0,0,0,0,0,0,0,0,0,0,0,0,0
"72091","5","6215","76","0","2010","A","","Manati Municipio, Puerto Rico","Private","Medical and diagnostic laboratories","County, NAICS 4-digit -- by ownership sector","All establishment sizes",14,83,1891409,638906,18352,440,22880,"",11.86,3.68,2.71,3.43,3.77,0.74,0.74,"",2,16.7,5,6.4,207422,12.3,70844,12.5,2206,13.7,23,5.5,1198,5.5
"72091","5","62151","77","0","2010","A","","Manati Municipio, Puerto Rico","Private","Medical and diagnostic laboratories","County, NAICS 5-digit -- by ownership sector","All establishment sizes",14,83,1891409,638906,18352,440,22880,"",11.86,3.68,2.71,3.43,3.77,0.74,0.74,"",2,16.7,5,6.4,207422,12.3,70844,12.5,2206,13.7,23,5.5,1198,5.5
"72091","5","621511","78","0","2010","A","","Manati Municipio, Puerto Rico","Private","Medical laboratories","County, NAICS 6-digit -- by ownership sector","All establishment sizes",10,47,996536,386502,12115,406,21128,"",13.91,2.97,2.08,2.90,3.62,0.70,0.70,"",2,25.0,5,11.9,232463,30.4,79274,25.8,3467,40.1,53,15.0,2790,15.2
"72091","5","621512","78","0","2010","A","","Manati Municipio, Puerto Rico","Private","Diagnostic imaging centers","County, NAICS 6-digit -- by ownership sector","All establishment sizes",4,36,894873,252404,6237,485,25208,"",8.66,5.34,4.09,4.73,4.08,0.78,0.78,"",0,0.0,0,0.0,-25041,-2.7,-8430,-3.2,-1261,-16.8,-6,-1.2,-345,-1.4
"72091","5","6216","76","0","2010","A","","Manati Municipio, Puerto Rico","Private","Home health care services","County, NAICS 4-digit -- by ownership sector","All establishment sizes",4,220,4474095,1491484,40499,391,20329,"",2.05,2.05,2.76,2.26,2.60,1.34,1.35,"",0,0.0,11,5.3,280385,6.7,160807,12.1,6663,19.7,5,1.3,271,1.4
"72091","5","62161","77","0","2010","A","","Manati Municipio, Puerto Rico","Private","Home health care services","County, NAICS 5-digit -- by ownership sector","All establishment sizes",4,220,4474095,1491484,40499,391,20329,"",2.05,2.05,2.76,2.26,2.60,1.34,1.35,"",0,0.0,11,5.3,280385,6.7,160807,12.1,6663,19.7,5,1.3,271,1.4
"72091","5","621610","78","0","2010","A","","Manati Municipio, Puerto Rico","Private","Home health care services","County, NAICS 6-digit -- by ownership sector","All establishment sizes",4,220,4474095,1491484,40499,391,20329,"",2.05,2.05,2.76,2.26,2.60,1.34,1.35,"",0,0.0,11,5.3,280385,6.7,160807,12.1,6663,19.7,5,1.3,271,1.4
"72091","5","6219","76","0","2010","A","N","Manati Municipio, Puerto Rico","Private","Other ambulatory health care services","County, NAICS 4-digit -- by ownership sector","All establishment sizes",2,0,0,0,0,0,0,"N",2.93,0,0,0,0,0,0,"N",0,0.0,0,0,0,0,0,0,0,0,0,0,0,0
"72091","5","62191","77","0","2010","A","N","Manati Municipio, Puerto Rico","Private","Ambulance services","County, NAICS 5-digit -- by ownership sector","All establishment sizes",2,0,0,0,0,0,0,"N",6.05,0,0,0,0,0,0,"N",0,0.0,0,0,0,0,0,0,0,0,0,0,0,0
"72091","5","621910","78","0","2010","A","N","Manati Municipio, Puerto Rico","Private","Ambulance services","County, NAICS 6-digit -- by ownership sector","All establishment sizes",2,0,0,0,0,0,0,"N",6.05,0,0,0,0,0,0,"N",0,0.0,0,0,0,0,0,0,0,0,0,0,0,0
"72091","5","622","75","0","2010","A","","Manati Municipio, Puerto Rico","Private","Hospitals","County, NAICS 3-digit -- by ownership sector","All establishment sizes",5,2088,49956210,16307488,391619,460,23921,"",8.35,4.54,3.73,26.56,34.92,0.82,0.82,"",-1,-16.7,49,2.4,978125,2.0,562201,3.6,29104,8.0,-2,-0.4,-106,-0.4
"72091","5","6221","76","0","2010","A","N","Manati Municipio, Puerto Rico","Private","General medical and surgical hospitals","County, NAICS 4-digit -- by ownership sector","All establishment sizes",4,0,0,0,0,0,0,"N",9.23,0,0,0,0,0,0,"N",-1,-20.0,0,0,0,0,0,0,0,0,0,0,0,0
"72091","5","62211","77","0","2010","A","N","Manati Municipio, Puerto Rico","Private","General medical and surgical hospitals","County, NAICS 5-digit -- by ownership sector","All establishment sizes",4,0,0,0,0,0,0,"N",9.23,0,0,0,0,0,0,"N",-1,-20.0,0,0,0,0,0,0,0,0,0,0,0,0
"72091","5","622110","78","0","2010","A","N","Manati Municipio, Puerto Rico","Private","General medical and surgical hospitals","County, NAICS 6-digit -- by ownership sector","All establishment sizes",4,0,0,0,0,0,0,"N",9.23,0,0,0,0,0,0,"N",-1,-20.0,0,0,0,0,0,0,0,0,0,0,0,0
"72091","5","6223","76","0","2010","A","N","Manati Municipio, Puerto Rico","Private","Other hospitals","County, NAICS 4-digit -- by ownership sector","All establishment sizes",1,0,0,0,0,0,0,"N",9.72,0,0,0,0,0,0,"N",0,0.0,0,0,0,0,0,0,0,0,0,0,0,0
"72091","5","62231","77","0","2010","A","N","Manati Municipio, Puerto Rico","Private","Other hospitals","County, NAICS 5-digit -- by ownership sector","All establishment sizes",1,0,0,0,0,0,0,"N",9.72,0,0,0,0,0,0,"N",0,0.0,0,0,0,0,0,0,0,0,0,0,0,0
"72091","5","622310","78","0","2010","A","N","Manati Municipio, Puerto Rico","Private","Other hospitals","County, NAICS 6-digit -- by ownership sector","All establishment sizes",1,0,0,0,0,0,0,"N",9.72,0,0,0,0,0,0,"N",0,0.0,0,0,0,0,0,0,0,0,0,0,0,0
"72091","5","623","75","0","2010","A","","Manati Municipio, Puerto Rico","Private","Nursing and residential care facilities","County, NAICS 3-digit -- by ownership sector","All establishment sizes",4,55,1118295,424102,16433,388,20180,"",0.76,0.18,0.24,0.24,0.40,1.36,1.36,"",-1,-20.0,-8,-12.7,-270477,-19.5,-74669,-15.0,-2525,-13.3,-34,-8.1,-1748,-8.0
"72091","5","6231","76","0","2010","A","N","Manati Municipio, Puerto Rico","Private","Nursing care facilities","County, NAICS 4-digit -- by ownership sector","All establishment sizes",1,0,0,0,0,0,0,"N",0.80,0,0,0,0,0,0,"N",0,0.0,0,0,0,0,0,0,0,0,0,0,0,0
"72091","5","62311","77","0","2010","A","N","Manati Municipio, Puerto Rico","Private","Nursing care facilities","County, NAICS 5-digit -- by ownership sector","All establishment sizes",1,0,0,0,0,0,0,"N",0.80,0,0,0,0,0,0,"N",0,0.0,0,0,0,0,0,0,0,0,0,0,0,0
"72091","5","623110","78","0","2010","A","N","Manati Municipio, Puerto Rico","Private","Nursing care facilities","County, NAICS 6-digit -- by ownership sector","All establishment sizes",1,0,0,0,0,0,0,"N",0.80,0,0,0,0,0,0,"N",0,0.0,0,0,0,0,0,0,0,0,0,0,0,0
"72091","5","6233","76","0","2010","A","N","Manati Municipio, Puerto Rico","Private","Community care facilities for the elderly","County, NAICS 4-digit -- by ownership sector","All establishment sizes",3,0,0,0,0,0,0,"N",1.84,0,0,0,0,0,0,"N",-1,-25.0,0,0,0,0,0,0,0,0,0,0,0,0
"72091","5","62331","77","0","2010","A","N","Manati Municipio, Puerto Rico","Private","Community care facilities for the elderly","County, NAICS 5-digit -- by ownership sector","All establishment sizes",3,0,0,0,0,0,0,"N",1.84,0,0,0,0,0,0,"N",-1,-25.0,0,0,0,0,0,0,0,0,0,0,0,0
"72091","5","623312","78","0","2010","A","N","Manati Municipio, Puerto Rico","Private","Assisted living facilities for the elderly","County, NAICS 6-digit -- by ownership sector","All establishment sizes",3,0,0,0,0,0,0,"N",2.46,0,0,0,0,0,0,"N",-1,-25.0,0,0,0,0,0,0,0,0,0,0,0,0
"72091","5","624","75","0","2010","A","","Manati Municipio, Puerto Rico","Private","Social assistance","County, NAICS 3-digit -- by ownership sector","All establishment sizes",7,36,448457,213178,7758,238,12400,"",0.52,0.15,0.15,0.17,0.22,0.99,0.99,"",-3,-30.0,-9,-20.0,-38020,-7.8,-114219,-34.9,-2327,-23.1,30,14.4,1609,14.9
"72091","5","6241","76","0","2010","A","N","Manati Municipio, Puerto Rico","Private","Individual and family services","County, NAICS 4-digit -- by ownership sector","All establishment sizes",2,0,0,0,0,0,0,"N",0.30,0,0,0,0,0,0,"N",0,0.0,0,0,0,0,0,0,0,0,0,0,0,0
"72091","5","62411","77","0","2010","A","N","Manati Municipio, Puerto Rico","Private","Child and youth services","County, NAICS 5-digit -- by ownership sector","All establishment sizes",1,0,0,0,0,0,0,"N",1.34,0,0,0,0,0,0,"N",0,0.0,0,0,0,0,0,0,0,0,0,0,0,0
"72091","5","624110","78","0","2010","A","N","Manati Municipio, Puerto Rico","Private","Child and youth services","County, NAICS 6-digit -- by ownership sector","All establishment sizes",1,0,0,0,0,0,0,"N",1.34,0,0,0,0,0,0,"N",0,0.0,0,0,0,0,0,0,0,0,0,0,0,0
"72091","5","62412","77","0","2010","A","N","Manati Municipio, Puerto Rico","Private","Services for the elderly and disabled","County, NAICS 5-digit -- by ownership sector","All establishment sizes",1,0,0,0,0,0,0,"N",0.24,0,0,0,0,0,0,"N",0,0.0,0,0,0,0,0,0,0,0,0,0,0,0
"72091","5","624120","78","0","2010","A","N","Manati Municipio, Puerto Rico","Private","Services for the elderly and disabled","County, NAICS 6-digit -- by ownership sector","All establishment sizes",1,0,0,0,0,0,0,"N",0.24,0,0,0,0,0,0,"N",0,0.0,0,0,0,0,0,0,0,0,0,0,0,0
"72091","5","6242","76","0","2010","A","N","Manati Municipio, Puerto Rico","Private","Emergency and other relief services","County, NAICS 4-digit -- by ownership sector","All establishment sizes",1,0,0,0,0,0,0,"N",1.36,0,0,0,0,0,0,"N",0,0.0,0,0,0,0,0,0,0,0,0,0,0,0
"72091","5","62422","77","0","2010","A","N","Manati Municipio, Puerto Rico","Private","Community housing services","County, NAICS 5-digit -- by ownership sector","All establishment sizes",1,0,0,0,0,0,0,"N",2.47,0,0,0,0,0,0,"N",0,0.0,0,0,0,0,0,0,0,0,0,0,0,0
"72091","5","624221","78","0","2010","A","N","Manati Municipio, Puerto Rico","Private","Temporary shelters","County, NAICS 6-digit -- by ownership sector","All establishment sizes",1,0,0,0,0,0,0,"N",4.27,0,0,0,0,0,0,"N",0,0.0,0,0,0,0,0,0,0,0,0,0,0,0
"72091","5","6244","76","0","2010","A","","Manati Municipio, Puerto Rico","Private","Child day care services","County, NAICS 4-digit -- by ownership sector","All establishment sizes",4,12,119994,108943,4709,192,10000,"",0.77,0.15,0.15,0.22,0.36,0.95,0.95,"",-3,-42.9,-16,-57.1,-127932,-51.6,-92460,-45.9,-1834,-28.0,24,14.3,1275,14.6
"72091","5","62441","77","0","2010","A","","Manati Municipio, Puerto Rico","Private","Child day care services","County, NAICS 5-digit -- by ownership sector","All establishment sizes",4,12,119994,108943,4709,192,10000,"",0.77,0.15,0.15,0.22,0.36,0.95,0.95,"",-3,-42.9,-16,-57.1,-127932,-51.6,-92460,-45.9,-1834,-28.0,24,14.3,1275,14.6
"72091","5","624410","78","0","2010","A","","Manati Municipio, Puerto Rico","Private","Child day care services","County, NAICS 6-digit -- by ownership sector","All establishment sizes",4,12,119994,108943,4709,192,10000,"",0.77,0.15,0.15,0.22,0.36,0.95,0.95,"",-3,-42.9,-16,-57.1,-127932,-51.6,-92460,-45.9,-1834,-28.0,24,14.3,1275,14.6
"72091","5","71","74","0","2010","A","N","Manati Municipio, Puerto Rico","Private","Arts, entertainment, and recreation","County, NAICS Sector -- by ownership sector","All establishment sizes",2,0,0,0,0,0,0,"N",0.22,0,0,0,0,0,0,"N",-1,-33.3,0,0,0,0,0,0,0,0,0,0,0,0
"72091","5","713","75","0","2010","A","N","Manati Municipio, Puerto Rico","Private","Amusements, gambling, and recreation","County, NAICS 3-digit -- by ownership sector","All establishment sizes",2,0,0,0,0,0,0,"N",0.38,0,0,0,0,0,0,"N",0,0.0,0,0,0,0,0,0,0,0,0,0,0,0
"72091","5","7139","76","0","2010","A","N","Manati Municipio, Puerto Rico","Private","Other amusement and recreation industries","County, NAICS 4-digit -- by ownership sector","All establishment sizes",2,0,0,0,0,0,0,"N",0.41,0,0,0,0,0,0,"N",0,0.0,0,0,0,0,0,0,0,0,0,0,0,0
"72091","5","71394","77","0","2010","A","N","Manati Municipio, Puerto Rico","Private","Fitness and recreational sports centers","County, NAICS 5-digit -- by ownership sector","All establishment sizes",1,0,0,0,0,0,0,"N",0.46,0,0,0,0,0,0,"N",0,0.0,0,0,0,0,0,0,0,0,0,0,0,0
"72091","5","713940","78","0","2010","A","N","Manati Municipio, Puerto Rico","Private","Fitness and recreational sports centers","County, NAICS 6-digit -- by ownership sector","All establishment sizes",1,0,0,0,0,0,0,"N",0.46,0,0,0,0,0,0,"N",0,0.0,0,0,0,0,0,0,0,0,0,0,0,0
"72091","5","71399","77","0","2010","A","N","Manati Municipio, Puerto Rico","Private","All other amusement and recreation industries","County, NAICS 5-digit -- by ownership sector","All establishment sizes",1,0,0,0,0,0,0,"N",0.83,0,0,0,0,0,0,"N",0,0.0,0,0,0,0,0,0,0,0,0,0,0,0
"72091","5","713990","78","0","2010","A","N","Manati Municipio, Puerto Rico","Private","All other amusement and recreation industries","County, NAICS 6-digit -- by ownership sector","All establishment sizes",1,0,0,0,0,0,0,"N",0.83,0,0,0,0,0,0,"N",0,0.0,0,0,0,0,0,0,0,0,0,0,0,0
"72091","5","72","74","0","2010","A","N","Manati Municipio, Puerto Rico","Private","Accommodation and food services","County, NAICS Sector -- by ownership sector","All establishment sizes",57,0,0,0,0,0,0,"N",1.23,0,0,0,0,0,0,"N",2,3.6,0,0,0,0,0,0,0,0,0,0,0,0
"72091","5","722","75","0","2010","A","N","Manati Municipio, Puerto Rico","Private","Food services and drinking places","County, NAICS 3-digit -- by ownership sector","All establishment sizes",57,0,0,0,0,0,0,"N",1.37,0,0,0,0,0,0,"N",2,3.6,0,0,0,0,0,0,0,0,0,0,0,0
"72091","5","7221","76","0","2010","A","","Manati Municipio, Puerto Rico","Private","Full-service restaurants","County, NAICS 4-digit -- by ownership sector","All establishment sizes",9,58,626340,398929,10552,207,10768,"",0.55,0.13,0.15,0.14,0.17,1.17,1.17,"",-1,-10.0,10,20.8,154694,32.8,92175,30.0,2700,34.4,19,10.1,1010,10.4
"72091","5","72211","77","0","2010","A","","Manati Municipio, Puerto Rico","Private","Full-service restaurants","County, NAICS 5-digit -- by ownership sector","All establishment sizes",9,58,626340,398929,10552,207,10768,"",0.55,0.13,0.15,0.14,0.17,1.17,1.17,"",-1,-10.0,10,20.8,154694,32.8,92175,30.0,2700,34.4,19,10.1,1010,10.4
"72091","5","722110","78","0","2010","A","","Manati Municipio, Puerto Rico","Private","Full-service restaurants","County, NAICS 6-digit -- by ownership sector","All establishment sizes",9,58,626340,398929,10552,207,10768,"",0.55,0.13,0.15,0.14,0.17,1.17,1.17,"",-1,-10.0,10,20.8,154694,32.8,92175,30.0,2700,34.4,19,10.1,1010,10.4
"72091","5","7222","76","0","2010","A","","Manati Municipio, Puerto Rico","Private","Limited-service eating places","County, NAICS 4-digit -- by ownership sector","All establishment sizes",40,635,7261679,4310381,138687,220,11428,"",2.05,1.60,2.45,1.90,3.10,1.53,1.53,"",1,2.6,48,8.2,828337,12.9,196258,4.8,9792,7.6,9,4.3,471,4.3
"72091","5","72221","77","0","2010","A","","Manati Municipio, Puerto Rico","Private","Limited-service eating places","County, NAICS 5-digit -- by ownership sector","All establishment sizes",40,635,7261679,4310381,138687,220,11428,"",2.05,1.60,2.45,1.90,3.10,1.53,1.53,"",1,2.6,48,8.2,828337,12.9,196258,4.8,9792,7.6,9,4.3,471,4.3
"72091","5","722211","78","0","2010","A","","Manati Municipio, Puerto Rico","Private","Limited-service restaurants","County, NAICS 6-digit -- by ownership sector","All establishment sizes",27,583,6685718,3948185,124252,220,11461,"",1.75,1.72,2.68,2.05,3.41,1.55,1.56,"",2,8.0,46,8.6,792561,13.4,214717,5.8,10908,9.6,9,4.3,482,4.4
"72091","5","722212","78","0","2010","A","","Manati Municipio, Puerto Rico","Private","Cafeterias, grill buffets, and buffets","County, NAICS 6-digit -- by ownership sector","All establishment sizes",9,23,327878,203888,7839,276,14360,"",15.55,1.75,2.79,2.50,4.44,1.60,1.60,"",-1,-10.0,0,0.0,19466,6.3,-19763,-8.8,-1125,-12.6,23,9.1,1189,9.0
"72091","5","722213","78","0","2010","A","","Manati Municipio, Puerto Rico","Private","Snack and nonalcoholic beverage bars","County, NAICS 6-digit -- by ownership sector","All establishment sizes",4,29,248083,158308,6596,163,8481,"",1.14,0.64,0.70,0.60,1.01,1.08,1.08,"",0,0.0,2,7.4,16310,7.0,1304,0.8,9,0.1,-2,-1.2,-103,-1.2
"72091","5","7223","76","0","2010","A","N","Manati Municipio, Puerto Rico","Private","Special food services","County, NAICS 4-digit -- by ownership sector","All establishment sizes",3,0,0,0,0,0,0,"N",1.37,0,0,0,0,0,0,"N",1,50.0,0,0,0,0,0,0,0,0,0,0,0,0
"72091","5","72231","77","0","2010","A","N","Manati Municipio, Puerto Rico","Private","Food service contractors","County, NAICS 5-digit -- by ownership sector","All establishment sizes",3,0,0,0,0,0,0,"N",2.47,0,0,0,0,0,0,"N",1,50.0,0,0,0,0,0,0,0,0,0,0,0,0
"72091","5","722310","78","0","2010","A","N","Manati Municipio, Puerto Rico","Private","Food service contractors","County, NAICS 6-digit -- by ownership sector","All establishment sizes",3,0,0,0,0,0,0,"N",2.47,0,0,0,0,0,0,"N",1,50.0,0,0,0,0,0,0,0,0,0,0,0,0
"72091","5","7224","76","0","2010","A","","Manati Municipio, Puerto Rico","Private","Drinking places, alcoholic beverages","County, NAICS 4-digit -- by ownership sector","All establishment sizes",5,34,386665,307935,8451,218,11317,"",1.45,1.00,1.49,1.50,1.81,1.49,1.48,"",1,25.0,8,30.8,52873,15.8,81409,35.9,2225,35.7,-28,-11.4,-1480,-11.6
"72091","5","72241","77","0","2010","A","","Manati Municipio, Puerto Rico","Private","Drinking places, alcoholic beverages","County, NAICS 5-digit -- by ownership sector","All establishment sizes",5,34,386665,307935,8451,218,11317,"",1.45,1.00,1.49,1.50,1.81,1.49,1.48,"",1,25.0,8,30.8,52873,15.8,81409,35.9,2225,35.7,-28,-11.4,-1480,-11.6
"72091","5","722410","78","0","2010","A","","Manati Municipio, Puerto Rico","Private","Drinking places, alcoholic beverages","County, NAICS 6-digit -- by ownership sector","All establishment sizes",5,34,386665,307935,8451,218,11317,"",1.45,1.00,1.49,1.50,1.81,1.49,1.48,"",1,25.0,8,30.8,52873,15.8,81409,35.9,2225,35.7,-28,-11.4,-1480,-11.6
"72091","5","81","74","0","2010","A","","Manati Municipio, Puerto Rico","Private","Other services, except public administration","County, NAICS Sector -- by ownership sector","All establishment sizes",37,87,1047765,667331,19860,231,11997,"",0.39,0.20,0.15,0.23,0.26,0.74,0.74,"",0,0.0,-1,-1.1,-42158,-3.9,-11447,-1.7,1038,5.5,-8,-3.3,-447,-3.6
"72091","5","811","75","0","2010","A","","Manati Municipio, Puerto Rico","Private","Repair and maintenance","County, NAICS 3-digit -- by ownership sector","All establishment sizes",15,33,428584,258099,7163,250,12987,"",0.91,0.29,0.19,0.27,0.27,0.65,0.65,"",-1,-6.2,1,3.1,9080,2.2,17151,7.1,1141,18.9,-4,-1.6,-226,-1.7
"72091","5","8111","76","0","2010","A","N","Manati Municipio, Puerto Rico","Private","Automotive repair and maintenance","County, NAICS 4-digit -- by ownership sector","All establishment sizes",12,0,0,0,0,0,0,"N",1.02,0,0,0,0,0,0,"N",-1,-7.7,0,0,0,0,0,0,0,0,0,0,0,0
"72091","5","81111","77","0","2010","A","","Manati Municipio, Puerto Rico","Private","Automotive mechanical and electrical repair","County, NAICS 5-digit -- by ownership sector","All establishment sizes",10,24,316597,177075,4417,255,13284,"",1.46,0.67,0.47,0.58,0.57,0.70,0.70,"",-1,-9.1,0,0.0,-14768,-4.5,-5424,-3.0,125,2.9,-9,-3.4,-428,-3.1
"72091","5","811111","78","0","2010","A","","Manati Municipio, Puerto Rico","Private","General automotive repair","County, NAICS 6-digit -- by ownership sector","All establishment sizes",10,24,316597,177075,4417,255,13284,"",1.76,0.81,0.56,0.70,0.70,0.70,0.70,"N",0,0.0,0,0,0,0,0,0,0,0,0,0,0,0
"72091","5","81112","77","0","2010","A","N","Manati Municipio, Puerto Rico","Private","Automotive body, interior, and glass repair","County, NAICS 5-digit -- by ownership sector","All establishment sizes",1,0,0,0,0,0,0,"N",0.33,0,0,0,0,0,0,"N",-1,-50.0,0,0,0,0,0,0,0,0,0,0,0,0
"72091","5","811121","78","0","2010","A","N","Manati Municipio, Puerto Rico","Private","Automotive body and interior repair","County, NAICS 6-digit -- by ownership sector","All establishment sizes",1,0,0,0,0,0,0,"N",0.38,0,0,0,0,0,0,"N",-1,-50.0,0,0,0,0,0,0,0,0,0,0,0,0
"72091","5","81119","77","0","2010","A","N","Manati Municipio, Puerto Rico","Private","Other automotive repair and maintenance","County, NAICS 5-digit -- by ownership sector","All establishment sizes",1,0,0,0,0,0,0,"N",0.53,0,0,0,0,0,0,"N",0,0.0,0,0,0,0,0,0,0,0,0,0,0,0
"72091","5","811198","78","0","2010","A","N","Manati Municipio, Puerto Rico","Private","All other automotive repair and maintenance","County, NAICS 6-digit -- by ownership sector","All establishment sizes",1,0,0,0,0,0,0,"N",3.40,0,0,0,0,0,0,"N",0,0.0,0,0,0,0,0,0,0,0,0,0,0,0
"72091","5","8113","76","0","2010","A","N","Manati Municipio, Puerto Rico","Private","Commercial machinery repair and maintenance","County, NAICS 4-digit -- by ownership sector","All establishment sizes",3,0,0,0,0,0,0,"N",1.50,0,0,0,0,0,0,"N",0,0.0,0,0,0,0,0,0,0,0,0,0,0,0
"72091","5","81131","77","0","2010","A","N","Manati Municipio, Puerto Rico","Private","Commercial machinery repair and maintenance","County, NAICS 5-digit -- by ownership sector","All establishment sizes",3,0,0,0,0,0,0,"N",1.50,0,0,0,0,0,0,"N",0,0.0,0,0,0,0,0,0,0,0,0,0,0,0
"72091","5","811310","78","0","2010","A","N","Manati Municipio, Puerto Rico","Private","Commercial machinery repair and maintenance","County, NAICS 6-digit -- by ownership sector","All establishment sizes",3,0,0,0,0,0,0,"N",1.50,0,0,0,0,0,0,"N",0,0.0,0,0,0,0,0,0,0,0,0,0,0,0
"72091","5","812","75","0","2010","A","","Manati Municipio, Puerto Rico","Private","Personal and laundry services","County, NAICS 3-digit -- by ownership sector","All establishment sizes",14,38,416949,301314,9617,213,11069,"",0.97,0.30,0.26,0.35,0.48,0.88,0.88,"",3,27.3,3,8.6,38941,10.3,24678,8.9,1034,12.0,3,1.4,165,1.5
"72091","5","8121","76","0","2010","A","","Manati Municipio, Puerto Rico","Private","Personal care services","County, NAICS 4-digit -- by ownership sector","All establishment sizes",8,24,233865,196388,5954,189,9847,"",1.00,0.40,0.37,0.49,0.73,0.93,0.93,"",1,14.3,3,14.3,20010,9.4,16607,9.2,781,15.1,-5,-2.6,-217,-2.2
"72091","5","81211","77","0","2010","A","N","Manati Municipio, Puerto Rico","Private","Hair, nail, and skin care services","County, NAICS 5-digit -- by ownership sector","All establishment sizes",7,0,0,0,0,0,0,"N",1.04,0,0,0,0,0,0,"N",1,16.7,0,0,0,0,0,0,0,0,0,0,0,0
"72091","5","812111","78","0","2010","A","N","Manati Municipio, Puerto Rico","Private","Barber shops","County, NAICS 6-digit -- by ownership sector","All establishment sizes",1,0,0,0,0,0,0,"N",3.73,0,0,0,0,0,0,"N",0,0.0,0,0,0,0,0,0,0,0,0,0,0,0
"72091","5","812112","78","0","2010","A","","Manati Municipio, Puerto Rico","Private","Beauty salons","County, NAICS 6-digit -- by ownership sector","All establishment sizes",6,16,182832,149302,4589,223,11608,"",1.11,0.38,0.39,0.50,0.82,1.04,1.04,"",1,20.0,0,0.0,7338,4.2,4548,3.1,429,10.3,9,4.2,466,4.2
"72091","5","81219","77","0","2010","A","N","Manati Municipio, Puerto Rico","Private","Other personal care services","County, NAICS 5-digit -- by ownership sector","All establishment sizes",1,0,0,0,0,0,0,"N",0.76,0,0,0,0,0,0,"N",0,0.0,0,0,0,0,0,0,0,0,0,0,0,0
"72091","5","812199","78","0","2010","A","N","Manati Municipio, Puerto Rico","Private","Other personal care services","County, NAICS 6-digit -- by ownership sector","All establishment sizes",1,0,0,0,0,0,0,"N",0.89,0,0,0,0,0,0,"N",0,0.0,0,0,0,0,0,0,0,0,0,0,0,0
"72091","5","8122","76","0","2010","A","","Manati Municipio, Puerto Rico","Private","Death care services","County, NAICS 4-digit -- by ownership sector","All establishment sizes",3,6,111598,50929,1418,348,18097,"",2.19,0.46,0.47,0.58,0.67,0.98,0.98,"N",1,50.0,0,0,0,0,0,0,0,0,0,0,0,0
"72091","5","81221","77","0","2010","A","","Manati Municipio, Puerto Rico","Private","Funeral homes and funeral services","County, NAICS 5-digit -- by ownership sector","All establishment sizes",3,6,111598,50929,1418,348,18097,"",2.90,0.60,0.60,0.75,1.04,0.98,0.98,"N",1,50.0,0,0,0,0,0,0,0,0,0,0,0,0
"72091","5","812210","78","0","2010","A","","Manati Municipio, Puerto Rico","Private","Funeral homes and funeral services","County, NAICS 6-digit -- by ownership sector","All establishment sizes",3,6,111598,50929,1418,348,18097,"",2.90,0.60,0.60,0.75,1.04,0.98,0.98,"N",1,50.0,0,0,0,0,0,0,0,0,0,0,0,0
"72091","5","8123","76","0","2010","A","N","Manati Municipio, Puerto Rico","Private","Drycleaning and laundry services","County, NAICS 4-digit -- by ownership sector","All establishment sizes",2,0,0,0,0,0,0,"N",0.74,0,0,0,0,0,0,"N",0,0.0,0,0,0,0,0,0,0,0,0,0,0,0
"72091","5","81232","77","0","2010","A","N","Manati Municipio, Puerto Rico","Private","Drycleaning and laundry services","County, NAICS 5-digit -- by ownership sector","All establishment sizes",2,0,0,0,0,0,0,"N",1.12,0,0,0,0,0,0,"N",0,0.0,0,0,0,0,0,0,0,0,0,0,0,0
"72091","5","812320","78","0","2010","A","N","Manati Municipio, Puerto Rico","Private","Drycleaning and laundry services","County, NAICS 6-digit -- by ownership sector","All establishment sizes",2,0,0,0,0,0,0,"N",1.12,0,0,0,0,0,0,"N",0,0.0,0,0,0,0,0,0,0,0,0,0,0,0
"72091","5","8129","76","0","2010","A","N","Manati Municipio, Puerto Rico","Private","Other personal services","County, NAICS 4-digit -- by ownership sector","All establishment sizes",1,0,0,0,0,0,0,"N",0.43,0,0,0,0,0,0,"N",1,100.0,0,0,0,0,0,0,0,0,0,0,0,0
"72091","5","81293","77","0","2010","A","N","Manati Municipio, Puerto Rico","Private","Parking lots and garages","County, NAICS 5-digit -- by ownership sector","All establishment sizes",1,0,0,0,0,0,0,"N",2.10,0,0,0,0,0,0,"N",1,100.0,0,0,0,0,0,0,0,0,0,0,0,0
"72091","5","812930","78","0","2010","A","N","Manati Municipio, Puerto Rico","Private","Parking lots and garages","County, NAICS 6-digit -- by ownership sector","All establishment sizes",1,0,0,0,0,0,0,"N",2.10,0,0,0,0,0,0,"N",1,100.0,0,0,0,0,0,0,0,0,0,0,0,0
"72091","5","813","75","0","2010","A","","Manati Municipio, Puerto Rico","Private","Membership associations and organizations","County, NAICS 3-digit -- by ownership sector","All establishment sizes",4,13,169649,83822,2541,249,12967,"",0.39,0.10,0.07,0.13,0.14,0.66,0.66,"",0,0.0,-2,-13.3,-35010,-17.1,-13104,-13.5,-206,-7.5,-16,-6.0,-830,-6.0
"72091","5","8131","76","0","2010","A","N","Manati Municipio, Puerto Rico","Private","Religious organizations","County, NAICS 4-digit -- by ownership sector","All establishment sizes",2,0,0,0,0,0,0,"N",1.26,0,0,0,0,0,0,"N",0,0.0,0,0,0,0,0,0,0,0,0,0,0,0
"72091","5","81311","77","0","2010","A","N","Manati Municipio, Puerto Rico","Private","Religious organizations","County, NAICS 5-digit -- by ownership sector","All establishment sizes",2,0,0,0,0,0,0,"N",1.26,0,0,0,0,0,0,"N",0,0.0,0,0,0,0,0,0,0,0,0,0,0,0
"72091","5","813110","78","0","2010","A","N","Manati Municipio, Puerto Rico","Private","Religious organizations","County, NAICS 6-digit -- by ownership sector","All establishment sizes",2,0,0,0,0,0,0,"N",1.26,0,0,0,0,0,0,"N",0,0.0,0,0,0,0,0,0,0,0,0,0,0,0
"72091","5","8139","76","0","2010","A","N","Manati Municipio, Puerto Rico","Private","Professional and similar organizations","County, NAICS 4-digit -- by ownership sector","All establishment sizes",2,0,0,0,0,0,0,"N",0.46,0,0,0,0,0,0,"N",0,0.0,0,0,0,0,0,0,0,0,0,0,0,0
"72091","5","81399","77","0","2010","A","N","Manati Municipio, Puerto Rico","Private","Other similar organizations","County, NAICS 5-digit -- by ownership sector","All establishment sizes",2,0,0,0,0,0,0,"N",1.74,0,0,0,0,0,0,"N",0,0.0,0,0,0,0,0,0,0,0,0,0,0,0
"72091","5","813990","78","0","2010","A","N","Manati Municipio, Puerto Rico","Private","Other similar organizations","County, NAICS 6-digit -- by ownership sector","All establishment sizes",2,0,0,0,0,0,0,"N",1.74,0,0,0,0,0,0,"N",0,0.0,0,0,0,0,0,0,0,0,0,0,0,0
"72091","5","814","75","0","2010","A","","Manati Municipio, Puerto Rico","Private","Private households","County, NAICS 3-digit -- by ownership sector","All establishment sizes",4,4,32583,24096,539,175,9093,"",0.08,0.06,0.05,0.05,0.04,0.94,0.94,"",-2,-33.3,-2,-33.3,-55169,-62.9,-40172,-62.5,-931,-63.3,-91,-34.2,-4763,-34.4
"72091","5","8141","76","0","2010","A","","Manati Municipio, Puerto Rico","Private","Private households","County, NAICS 4-digit -- by ownership sector","All establishment sizes",4,4,32583,24096,539,175,9093,"",0.08,0.06,0.05,0.05,0.04,0.94,0.94,"",-2,-33.3,-2,-33.3,-55169,-62.9,-40172,-62.5,-931,-63.3,-91,-34.2,-4763,-34.4
"72091","5","81411","77","0","2010","A","","Manati Municipio, Puerto Rico","Private","Private households","County, NAICS 5-digit -- by ownership sector","All establishment sizes",4,4,32583,24096,539,175,9093,"",0.08,0.06,0.05,0.05,0.04,0.94,0.94,"",-2,-33.3,-2,-33.3,-55169,-62.9,-40172,-62.5,-931,-63.3,-91,-34.2,-4763,-34.4
"72091","5","814110","78","0","2010","A","","Manati Municipio, Puerto Rico","Private","Private households","County, NAICS 6-digit -- by ownership sector","All establishment sizes",4,4,32583,24096,539,175,9093,"",0.08,0.06,0.05,0.05,0.04,0.94,0.94,"",-2,-33.3,-2,-33.3,-55169,-62.9,-40172,-62.5,-931,-63.3,-91,-34.2,-4763,-34.4
