"area_fips","own_code","industry_code","agglvl_code","size_code","year","qtr","disclosure_code","area_title","own_title","industry_title","agglvl_title","size_title","annual_avg_estabs_count","annual_avg_emplvl","total_annual_wages","taxable_annual_wages","annual_contributions","annual_avg_wkly_wage","avg_annual_pay","lq_disclosure_code","lq_annual_avg_estabs_count","lq_annual_avg_emplvl","lq_total_annual_wages","lq_taxable_annual_wages","lq_annual_contributions","lq_annual_avg_wkly_wage","lq_avg_annual_pay","oty_disclosure_code","oty_annual_avg_estabs_count_chg","oty_annual_avg_estabs_count_pct_chg","oty_annual_avg_emplvl_chg","oty_annual_avg_emplvl_pct_chg","oty_total_annual_wages_chg","oty_total_annual_wages_pct_chg","oty_taxable_annual_wages_chg","oty_taxable_annual_wages_pct_chg","oty_annual_contributions_chg","oty_annual_contributions_pct_chg","oty_annual_avg_wkly_wage_chg","oty_annual_avg_wkly_wage_pct_chg","oty_avg_annual_pay_chg","oty_avg_annual_pay_pct_chg"
"54007","0","10","70","0","2010","A","","Braxton County, West Virginia","Total Covered","Total, all industries","County, Total Covered","All establishment sizes",362,4107,119242408,34293747,1087719,558,29031,"",1.00,1.00,1.00,1.00,1.00,1.00,1.00,"",1,0.3,6,0.1,2216255,1.9,-136664,-0.4,141215,14.9,9,1.6,496,1.7
"54007","1","10","71","0","2010","A","","Braxton County, West Virginia","Federal Government","Total, all industries","County, Total -- by ownership sector","All establishment sizes",14,75,3066637,0,0,790,41071,"",5.19,0.78,0.75,0.00,0.00,0.96,0.96,"",1,7.7,13,21.0,389551,14.6,0,0.0,0,0.0,-41,-4.9,-2166,-5.0
"54007","1","102","72","0","2010","A","","Braxton County, West Virginia","Federal Government","Service-providing","County, by Domain -- by ownership sector","All establishment sizes",14,75,3066637,0,0,790,41071,"",5.20,0.80,0.76,0.00,0.00,0.96,0.96,"",1,7.7,13,21.0,389551,14.6,0,0.0,0,0.0,-41,-4.9,-2166,-5.0
"54007","1","1021","73","0","2010","A","","Braxton County, West Virginia","Federal Government","Trade, transportation, and utilities","County, by Supersector -- by ownership sector","All establishment sizes",8,23,804396,0,0,670,34847,"",6.31,0.97,0.99,0.00,0.00,1.01,1.01,"",0,0.0,-3,-11.5,-163437,-16.9,0,0.0,0,0.0,-50,-6.9,-2618,-7.0
"54007","1","1024","73","0","2010","A","","Braxton County, West Virginia","Federal Government","Professional and business services","County, by Supersector -- by ownership sector","All establishment sizes",1,32,1420409,0,0,867,45092,"",15.55,13.69,12.00,0.00,0.00,0.89,0.89,"",0,0.0,5,18.5,159106,12.6,0,0.0,0,0.0,-18,-2.0,-913,-2.0
"54007","1","1025","73","0","2010","A","","Braxton County, West Virginia","Federal Government","Education and health services","County, by Supersector -- by ownership sector","All establishment sizes",1,4,318827,0,0,1533,79707,"",19.83,0.36,0.66,0.00,0.00,1.86,1.86,"",1,100.0,3,300.0,232105,267.6,0,0.0,0,0.0,-135,-8.1,-7015,-8.1
"54007","1","1028","73","0","2010","A","","Braxton County, West Virginia","Federal Government","Public administration","County, by Supersector -- by ownership sector","All establishment sizes",4,16,523005,0,0,625,32518,"",3.36,0.30,0.21,0.00,0.00,0.69,0.69,"",0,0.0,8,100.0,161777,44.8,0,0.0,0,0.0,-281,-31.0,-14599,-31.0
"54007","1","48-49","74","0","2010","A","","Braxton County, West Virginia","Federal Government","Transportation and warehousing","County, NAICS Sector -- by ownership sector","All establishment sizes",8,23,804396,0,0,670,34847,"",6.50,1.07,1.06,0.00,0.00,0.99,0.99,"",0,0.0,-3,-11.5,-163437,-16.9,0,0.0,0,0.0,-50,-6.9,-2618,-7.0
"54007","1","491","75","0","2010","A","","Braxton County, West Virginia","Federal Government","Postal service","County, NAICS 3-digit -- by ownership sector","All establishment sizes",8,23,804396,0,0,670,34847,"",6.55,1.09,1.10,0.00,0.00,1.01,1.00,"",0,0.0,-3,-11.5,-163437,-16.9,0,0.0,0,0.0,-50,-6.9,-2618,-7.0
"54007","1","4911","76","0","2010","A","","Braxton County, West Virginia","Federal Government","Postal service","County, NAICS 4-digit -- by ownership sector","All establishment sizes",8,23,804396,0,0,670,34847,"",6.55,1.09,1.10,0.00,0.00,1.01,1.00,"",0,0.0,-3,-11.5,-163437,-16.9,0,0.0,0,0.0,-50,-6.9,-2618,-7.0
"54007","1","49111","77","0","2010","A","","Braxton County, West Virginia","Federal Government","Postal service","County, NAICS 5-digit -- by ownership sector","All establishment sizes",8,23,804396,0,0,670,34847,"",6.55,1.09,1.10,0.00,0.00,1.01,1.00,"",0,0.0,-3,-11.5,-163437,-16.9,0,0.0,0,0.0,-50,-6.9,-2618,-7.0
"54007","1","491110","78","0","2010","A","","Braxton County, West Virginia","Federal Government","Postal service","County, NAICS 6-digit -- by ownership sector","All establishment sizes",8,23,804396,0,0,670,34847,"",6.55,1.09,1.10,0.00,0.00,1.01,1.00,"",0,0.0,-3,-11.5,-163437,-16.9,0,0.0,0,0.0,-50,-6.9,-2618,-7.0
"54007","1","54","74","0","2010","A","","Braxton County, West Virginia","Federal Government","Professional and technical services","County, NAICS Sector -- by ownership sector","All establishment sizes",1,32,1420409,0,0,867,45092,"",17.06,14.00,12.10,0.00,0.00,0.88,0.88,"",0,0.0,5,18.5,159106,12.6,0,0.0,0,0.0,-18,-2.0,-913,-2.0
"54007","1","541","75","0","2010","A","","Braxton County, West Virginia","Federal Government","Professional and technical services","County, NAICS 3-digit -- by ownership sector","All establishment sizes",1,32,1420409,0,0,867,45092,"",17.06,14.00,12.10,0.00,0.00,0.88,0.88,"",0,0.0,5,18.5,159106,12.6,0,0.0,0,0.0,-18,-2.0,-913,-2.0
"54007","1","5413","76","0","2010","A","","Braxton County, West Virginia","Federal Government","Architectural and engineering services","County, NAICS 4-digit -- by ownership sector","All establishment sizes",1,32,1420409,0,0,867,45092,"",30.48,18.96,16.75,0.00,0.00,0.90,0.90,"",0,0.0,5,18.5,159106,12.6,0,0.0,0,0.0,-18,-2.0,-913,-2.0
"54007","1","54133","77","0","2010","A","","Braxton County, West Virginia","Federal Government","Engineering services","County, NAICS 5-digit -- by ownership sector","All establishment sizes",1,32,1420409,0,0,867,45092,"",30.56,19.91,17.49,0.00,0.00,0.89,0.89,"",0,0.0,5,18.5,159106,12.6,0,0.0,0,0.0,-18,-2.0,-913,-2.0
"54007","1","541330","78","0","2010","A","","Braxton County, West Virginia","Federal Government","Engineering services","County, NAICS 6-digit -- by ownership sector","All establishment sizes",1,32,1420409,0,0,867,45092,"",30.56,19.91,17.49,0.00,0.00,0.89,0.89,"",0,0.0,5,18.5,159106,12.6,0,0.0,0,0.0,-18,-2.0,-913,-2.0
"54007","1","62","74","0","2010","A","","Braxton County, West Virginia","Federal Government","Health care and social assistance","County, NAICS Sector -- by ownership sector","All establishment sizes",1,4,318827,0,0,1533,79707,"",21.79,0.37,0.68,0.00,0.00,1.85,1.85,"",1,100.0,3,300.0,232105,267.6,0,0.0,0,0.0,-135,-8.1,-7015,-8.1
"54007","1","621","75","0","2010","A","","Braxton County, West Virginia","Federal Government","Ambulatory health care services","County, NAICS 3-digit -- by ownership sector","All establishment sizes",1,4,318827,0,0,1533,79707,"",49.49,4.79,8.31,0.00,0.00,1.74,1.74,"",1,100.0,3,300.0,232105,267.6,0,0.0,0,0.0,-135,-8.1,-7015,-8.1
"54007","1","6211","76","0","2010","A","","Braxton County, West Virginia","Federal Government","Offices of physicians","County, NAICS 4-digit -- by ownership sector","All establishment sizes",1,4,318827,0,0,1533,79707,"",65.90,7.72,12.80,0.00,0.00,1.66,1.66,"",1,100.0,3,300.0,232105,267.6,0,0.0,0,0.0,-135,-8.1,-7015,-8.1
"54007","1","62111","77","0","2010","A","","Braxton County, West Virginia","Federal Government","Offices of physicians","County, NAICS 5-digit -- by ownership sector","All establishment sizes",1,4,318827,0,0,1533,79707,"",65.90,7.72,12.80,0.00,0.00,1.66,1.66,"",1,100.0,3,300.0,232105,267.6,0,0.0,0,0.0,-135,-8.1,-7015,-8.1
"54007","1","621111","78","0","2010","A","","Braxton County, West Virginia","Federal Government","Offices of physicians, except mental health","County, NAICS 6-digit -- by ownership sector","All establishment sizes",1,4,318827,0,0,1533,79707,"",65.90,7.72,12.80,0.00,0.00,1.66,1.66,"",1,100.0,3,300.0,232105,267.6,0,0.0,0,0.0,-135,-8.1,-7015,-8.1
"54007","1","92","74","0","2010","A","","Braxton County, West Virginia","Federal Government","Public administration","County, NAICS Sector -- by ownership sector","All establishment sizes",4,16,523005,0,0,625,32518,"",3.36,0.30,0.21,0.00,0.00,0.69,0.69,"",0,0.0,8,100.0,161777,44.8,0,0.0,0,0.0,-281,-31.0,-14599,-31.0
"54007","1","922","75","0","2010","A","","Braxton County, West Virginia","Federal Government","Justice, public order, and safety activities","County, NAICS 3-digit -- by ownership sector","All establishment sizes",1,1,78727,0,0,1652,85884,"",6.49,0.12,0.17,0.00,0.00,1.54,1.54,"",0,0.0,0,0.0,-9211,-10.5,0,0.0,0,0.0,384,30.3,19930,30.2
"54007","1","9221","76","0","2010","A","","Braxton County, West Virginia","Federal Government","Justice, public order, and safety activities","County, NAICS 4-digit -- by ownership sector","All establishment sizes",1,1,78727,0,0,1652,85884,"",6.49,0.12,0.17,0.00,0.00,1.54,1.54,"",0,0.0,0,0.0,-9211,-10.5,0,0.0,0,0.0,384,30.3,19930,30.2
"54007","1","92219","77","0","2010","A","","Braxton County, West Virginia","Federal Government","Other justice and safety activities","County, NAICS 5-digit -- by ownership sector","All establishment sizes",1,1,78727,0,0,1652,85884,"",28.99,1.64,2.33,0.00,0.00,1.56,1.56,"",0,0.0,0,0.0,-9211,-10.5,0,0.0,0,0.0,384,30.3,19930,30.2
"54007","1","922190","78","0","2010","A","","Braxton County, West Virginia","Federal Government","Other justice and safety activities","County, NAICS 6-digit -- by ownership sector","All establishment sizes",1,1,78727,0,0,1652,85884,"",28.99,1.64,2.33,0.00,0.00,1.56,1.56,"",0,0.0,0,0.0,-9211,-10.5,0,0.0,0,0.0,384,30.3,19930,30.2
"54007","1","924","75","0","2010","A","","Braxton County, West Virginia","Federal Government","Administration of environmental programs","County, NAICS 3-digit -- by ownership sector","All establishment sizes",1,3,189781,0,0,1217,63260,"",3.78,0.82,1.17,0.00,0.00,1.42,1.42,"",0,0.0,0,0.0,-13020,-6.4,0,0.0,0,0.0,-201,-14.2,-10486,-14.2
"54007","1","9241","76","0","2010","A","","Braxton County, West Virginia","Federal Government","Administration of environmental programs","County, NAICS 4-digit -- by ownership sector","All establishment sizes",1,3,189781,0,0,1217,63260,"",3.78,0.82,1.17,0.00,0.00,1.42,1.42,"",0,0.0,0,0.0,-13020,-6.4,0,0.0,0,0.0,-201,-14.2,-10486,-14.2
"54007","1","92412","77","0","2010","A","","Braxton County, West Virginia","Federal Government","Administration of conservation programs","County, NAICS 5-digit -- by ownership sector","All establishment sizes",1,3,189781,0,0,1217,63260,"",3.91,0.98,1.54,0.00,0.00,1.57,1.57,"",0,0.0,0,0.0,-13020,-6.4,0,0.0,0,0.0,-201,-14.2,-10486,-14.2
"54007","1","924120","78","0","2010","A","","Braxton County, West Virginia","Federal Government","Administration of conservation programs","County, NAICS 6-digit -- by ownership sector","All establishment sizes",1,3,189781,0,0,1217,63260,"",3.91,0.98,1.54,0.00,0.00,1.57,1.57,"",0,0.0,0,0.0,-13020,-6.4,0,0.0,0,0.0,-201,-14.2,-10486,-14.2
"54007","1","926","75","0","2010","A","","Braxton County, West Virginia","Federal Government","Administration of economic programs","County, NAICS 3-digit -- by ownership sector","All establishment sizes",2,12,254497,0,0,402,20918,"",4.36,1.01,0.57,0.00,0.00,0.56,0.56,"",0,0.0,8,200.0,184008,261.0,0,0.0,0,0.0,24,6.3,1247,6.3
"54007","1","9261","76","0","2010","A","","Braxton County, West Virginia","Federal Government","Administration of economic programs","County, NAICS 4-digit -- by ownership sector","All establishment sizes",2,12,254497,0,0,402,20918,"",4.36,1.01,0.57,0.00,0.00,0.56,0.56,"",0,0.0,8,200.0,184008,261.0,0,0.0,0,0.0,24,6.3,1247,6.3
"54007","1","92611","77","0","2010","A","","Braxton County, West Virginia","Federal Government","Administration of general economic programs","County, NAICS 5-digit -- by ownership sector","All establishment sizes",2,12,254497,0,0,402,20918,"",9.67,2.17,2.04,0.00,0.00,0.93,0.93,"",0,0.0,8,200.0,184008,261.0,0,0.0,0,0.0,24,6.3,1247,6.3
"54007","1","926110","78","0","2010","A","","Braxton County, West Virginia","Federal Government","Administration of general economic programs","County, NAICS 6-digit -- by ownership sector","All establishment sizes",2,12,254497,0,0,402,20918,"",9.67,2.17,2.04,0.00,0.00,0.93,0.93,"",0,0.0,8,200.0,184008,261.0,0,0.0,0,0.0,24,6.3,1247,6.3
"54007","2","10","71","0","2010","A","","Braxton County, West Virginia","State Government","Total, all industries","County, Total -- by ownership sector","All establishment sizes",15,221,7510737,8201,221,652,33921,"",5.57,1.49,1.67,0.04,0.25,1.12,1.12,"",1,7.1,3,1.4,184518,2.5,8201,100.0,221,100.0,6,0.9,340,1.0
"54007","2","101","72","0","2010","A","N","Braxton County, West Virginia","State Government","Goods-producing","County, by Domain -- by ownership sector","All establishment sizes",1,0,0,0,0,0,0,"N",13.36,0,0,0,0,0,0,"N",0,0.0,0,0,0,0,0,0,0,0,0,0,0,0
"54007","2","1012","73","0","2010","A","N","Braxton County, West Virginia","State Government","Construction","County, by Supersector -- by ownership sector","All establishment sizes",1,0,0,0,0,0,0,"N",14.69,0,0,0,0,0,0,"N",0,0.0,0,0,0,0,0,0,0,0,0,0,0,0
"54007","2","102","72","0","2010","A","N","Braxton County, West Virginia","State Government","Service-providing","County, by Domain -- by ownership sector","All establishment sizes",14,0,0,0,0,0,0,"N",5.35,0,0,0,0,0,0,"N",1,7.7,0,0,0,0,0,0,0,0,0,0,0,0
"54007","2","1025","73","0","2010","A","N","Braxton County, West Virginia","State Government","Education and health services","County, by Supersector -- by ownership sector","All establishment sizes",1,0,0,0,0,0,0,"N",1.84,0,0,0,0,0,0,"N",0,0.0,0,0,0,0,0,0,0,0,0,0,0,0
"54007","2","1028","73","0","2010","A","","Braxton County, West Virginia","State Government","Public administration","County, by Supersector -- by ownership sector","All establishment sizes",13,129,4574922,8201,221,682,35442,"",6.69,2.15,2.46,0.08,0.46,1.14,1.14,"",1,8.3,0,0.0,80929,1.8,8201,100.0,221,100.0,12,1.8,582,1.7
"54007","2","23","74","0","2010","A","N","Braxton County, West Virginia","State Government","Construction","County, NAICS Sector -- by ownership sector","All establishment sizes",1,0,0,0,0,0,0,"N",14.69,0,0,0,0,0,0,"N",0,0.0,0,0,0,0,0,0,0,0,0,0,0,0
"54007","2","237","75","0","2010","A","N","Braxton County, West Virginia","State Government","Heavy and civil engineering construction","County, NAICS 3-digit -- by ownership sector","All establishment sizes",1,0,0,0,0,0,0,"N",14.73,0,0,0,0,0,0,"N",0,0.0,0,0,0,0,0,0,0,0,0,0,0,0
"54007","2","2373","76","0","2010","A","N","Braxton County, West Virginia","State Government","Highway, street, and bridge construction","County, NAICS 4-digit -- by ownership sector","All establishment sizes",1,0,0,0,0,0,0,"N",14.77,0,0,0,0,0,0,"N",0,0.0,0,0,0,0,0,0,0,0,0,0,0,0
"54007","2","23731","77","0","2010","A","N","Braxton County, West Virginia","State Government","Highway, street, and bridge construction","County, NAICS 5-digit -- by ownership sector","All establishment sizes",1,0,0,0,0,0,0,"N",14.77,0,0,0,0,0,0,"N",0,0.0,0,0,0,0,0,0,0,0,0,0,0,0
"54007","2","237310","78","0","2010","A","N","Braxton County, West Virginia","State Government","Highway, street, and bridge construction","County, NAICS 6-digit -- by ownership sector","All establishment sizes",1,0,0,0,0,0,0,"N",14.77,0,0,0,0,0,0,"N",0,0.0,0,0,0,0,0,0,0,0,0,0,0,0
"54007","2","62","74","0","2010","A","N","Braxton County, West Virginia","State Government","Health care and social assistance","County, NAICS Sector -- by ownership sector","All establishment sizes",1,0,0,0,0,0,0,"N",4.20,0,0,0,0,0,0,"N",0,0.0,0,0,0,0,0,0,0,0,0,0,0,0
"54007","2","624","75","0","2010","A","N","Braxton County, West Virginia","State Government","Social assistance","County, NAICS 3-digit -- by ownership sector","All establishment sizes",1,0,0,0,0,0,0,"N",9.37,0,0,0,0,0,0,"N",0,0.0,0,0,0,0,0,0,0,0,0,0,0,0
"54007","2","6241","76","0","2010","A","N","Braxton County, West Virginia","State Government","Individual and family services","County, NAICS 4-digit -- by ownership sector","All establishment sizes",1,0,0,0,0,0,0,"N",12.37,0,0,0,0,0,0,"N",0,0.0,0,0,0,0,0,0,0,0,0,0,0,0
"54007","2","62419","77","0","2010","A","N","Braxton County, West Virginia","State Government","Other individual and family services","County, NAICS 5-digit -- by ownership sector","All establishment sizes",1,0,0,0,0,0,0,"N",22.67,0,0,0,0,0,0,"N",0,0.0,0,0,0,0,0,0,0,0,0,0,0,0
"54007","2","624190","78","0","2010","A","N","Braxton County, West Virginia","State Government","Other individual and family services","County, NAICS 6-digit -- by ownership sector","All establishment sizes",1,0,0,0,0,0,0,"N",22.67,0,0,0,0,0,0,"N",0,0.0,0,0,0,0,0,0,0,0,0,0,0,0
"54007","2","92","74","0","2010","A","","Braxton County, West Virginia","State Government","Public administration","County, NAICS Sector -- by ownership sector","All establishment sizes",13,129,4574922,8201,221,682,35442,"",6.69,2.15,2.46,0.08,0.46,1.14,1.14,"",1,8.3,0,0.0,80929,1.8,8201,100.0,221,100.0,12,1.8,582,1.7
"54007","2","922","75","0","2010","A","","Braxton County, West Virginia","State Government","Justice, public order, and safety activities","County, NAICS 3-digit -- by ownership sector","All establishment sizes",3,98,3581242,0,0,703,36543,"",5.44,4.09,4.80,0.00,0.00,1.17,1.17,"",0,0.0,-1,-1.0,87354,2.5,0,0.0,0,0.0,22,3.2,1132,3.2
"54007","2","9221","76","0","2010","A","","Braxton County, West Virginia","State Government","Justice, public order, and safety activities","County, NAICS 4-digit -- by ownership sector","All establishment sizes",3,98,3581242,0,0,703,36543,"",5.44,4.09,4.80,0.00,0.00,1.17,1.17,"",0,0.0,-1,-1.0,87354,2.5,0,0.0,0,0.0,22,3.2,1132,3.2
"54007","2","92211","77","0","2010","A","N","Braxton County, West Virginia","State Government","Courts","County, NAICS 5-digit -- by ownership sector","All establishment sizes",1,0,0,0,0,0,0,"N",8.16,0,0,0,0,0,0,"N",0,0.0,0,0,0,0,0,0,0,0,0,0,0,0
"54007","2","922110","78","0","2010","A","N","Braxton County, West Virginia","State Government","Courts","County, NAICS 6-digit -- by ownership sector","All establishment sizes",1,0,0,0,0,0,0,"N",8.16,0,0,0,0,0,0,"N",0,0.0,0,0,0,0,0,0,0,0,0,0,0,0
"54007","2","92212","77","0","2010","A","N","Braxton County, West Virginia","State Government","Police protection","County, NAICS 5-digit -- by ownership sector","All establishment sizes",1,0,0,0,0,0,0,"N",9.83,0,0,0,0,0,0,"N",0,0.0,0,0,0,0,0,0,0,0,0,0,0,0
"54007","2","922120","78","0","2010","A","N","Braxton County, West Virginia","State Government","Police protection","County, NAICS 6-digit -- by ownership sector","All establishment sizes",1,0,0,0,0,0,0,"N",9.83,0,0,0,0,0,0,"N",0,0.0,0,0,0,0,0,0,0,0,0,0,0,0
"54007","2","92214","77","0","2010","A","N","Braxton County, West Virginia","State Government","Correctional institutions","County, NAICS 5-digit -- by ownership sector","All establishment sizes",1,0,0,0,0,0,0,"N",5.77,0,0,0,0,0,0,"N",0,0.0,0,0,0,0,0,0,0,0,0,0,0,0
"54007","2","922140","78","0","2010","A","N","Braxton County, West Virginia","State Government","Correctional institutions","County, NAICS 6-digit -- by ownership sector","All establishment sizes",1,0,0,0,0,0,0,"N",5.77,0,0,0,0,0,0,"N",0,0.0,0,0,0,0,0,0,0,0,0,0,0,0
"54007","2","923","75","0","2010","A","N","Braxton County, West Virginia","State Government","Administration of human resource programs","County, NAICS 3-digit -- by ownership sector","All establishment sizes",2,0,0,0,0,0,0,"N",4.88,0,0,0,0,0,0,"N",0,0.0,0,0,0,0,0,0,0,0,0,0,0,0
"54007","2","9231","76","0","2010","A","N","Braxton County, West Virginia","State Government","Administration of human resource programs","County, NAICS 4-digit -- by ownership sector","All establishment sizes",2,0,0,0,0,0,0,"N",4.88,0,0,0,0,0,0,"N",0,0.0,0,0,0,0,0,0,0,0,0,0,0,0
"54007","2","92311","77","0","2010","A","N","Braxton County, West Virginia","State Government","Administration of education programs","County, NAICS 5-digit -- by ownership sector","All establishment sizes",1,0,0,0,0,0,0,"N",21.34,0,0,0,0,0,0,"N",0,0.0,0,0,0,0,0,0,0,0,0,0,0,0
"54007","2","923110","78","0","2010","A","N","Braxton County, West Virginia","State Government","Administration of education programs","County, NAICS 6-digit -- by ownership sector","All establishment sizes",1,0,0,0,0,0,0,"N",21.34,0,0,0,0,0,0,"N",0,0.0,0,0,0,0,0,0,0,0,0,0,0,0
"54007","2","92312","77","0","2010","A","N","Braxton County, West Virginia","State Government","Administration of public health programs","County, NAICS 5-digit -- by ownership sector","All establishment sizes",1,0,0,0,0,0,0,"N",7.71,0,0,0,0,0,0,"N",0,0.0,0,0,0,0,0,0,0,0,0,0,0,0
"54007","2","923120","78","0","2010","A","N","Braxton County, West Virginia","State Government","Administration of public health programs","County, NAICS 6-digit -- by ownership sector","All establishment sizes",1,0,0,0,0,0,0,"N",7.71,0,0,0,0,0,0,"N",0,0.0,0,0,0,0,0,0,0,0,0,0,0,0
"54007","2","924","75","0","2010","A","N","Braxton County, West Virginia","State Government","Administration of environmental programs","County, NAICS 3-digit -- by ownership sector","All establishment sizes",2,0,0,0,0,0,0,"N",7.39,0,0,0,0,0,0,"N",0,0.0,0,0,0,0,0,0,0,0,0,0,0,0
"54007","2","9241","76","0","2010","A","N","Braxton County, West Virginia","State Government","Administration of environmental programs","County, NAICS 4-digit -- by ownership sector","All establishment sizes",2,0,0,0,0,0,0,"N",7.39,0,0,0,0,0,0,"N",0,0.0,0,0,0,0,0,0,0,0,0,0,0,0
"54007","2","92412","77","0","2010","A","N","Braxton County, West Virginia","State Government","Administration of conservation programs","County, NAICS 5-digit -- by ownership sector","All establishment sizes",2,0,0,0,0,0,0,"N",9.15,0,0,0,0,0,0,"N",0,0.0,0,0,0,0,0,0,0,0,0,0,0,0
"54007","2","924120","78","0","2010","A","N","Braxton County, West Virginia","State Government","Administration of conservation programs","County, NAICS 6-digit -- by ownership sector","All establishment sizes",2,0,0,0,0,0,0,"N",9.15,0,0,0,0,0,0,"N",0,0.0,0,0,0,0,0,0,0,0,0,0,0,0
"54007","2","926","75","0","2010","A","","Braxton County, West Virginia","State Government","Administration of economic programs","County, NAICS 3-digit -- by ownership sector","All establishment sizes",4,16,414858,0,0,496,25794,"",8.86,1.57,1.30,0.00,0.00,0.82,0.82,"",0,0.0,2,14.3,-1886,-0.5,0,0.0,0,0.0,-60,-10.8,-3113,-10.8
"54007","2","9261","76","0","2010","A","","Braxton County, West Virginia","State Government","Administration of economic programs","County, NAICS 4-digit -- by ownership sector","All establishment sizes",4,16,414858,0,0,496,25794,"",8.86,1.57,1.30,0.00,0.00,0.82,0.82,"",0,0.0,2,14.3,-1886,-0.5,0,0.0,0,0.0,-60,-10.8,-3113,-10.8
"54007","2","92612","77","0","2010","A","N","Braxton County, West Virginia","State Government","Transportation program administration","County, NAICS 5-digit -- by ownership sector","All establishment sizes",1,0,0,0,0,0,0,"N",6.74,0,0,0,0,0,0,"N",0,0.0,0,0,0,0,0,0,0,0,0,0,0,0
"54007","2","926120","78","0","2010","A","N","Braxton County, West Virginia","State Government","Transportation program administration","County, NAICS 6-digit -- by ownership sector","All establishment sizes",1,0,0,0,0,0,0,"N",6.74,0,0,0,0,0,0,"N",0,0.0,0,0,0,0,0,0,0,0,0,0,0,0
"54007","2","92613","77","0","2010","A","N","Braxton County, West Virginia","State Government","Utility regulation and administration","County, NAICS 5-digit -- by ownership sector","All establishment sizes",1,0,0,0,0,0,0,"N",92.01,0,0,0,0,0,0,"N",0,0.0,0,0,0,0,0,0,0,0,0,0,0,0
"54007","2","926130","78","0","2010","A","N","Braxton County, West Virginia","State Government","Utility regulation and administration","County, NAICS 6-digit -- by ownership sector","All establishment sizes",1,0,0,0,0,0,0,"N",92.01,0,0,0,0,0,0,"N",0,0.0,0,0,0,0,0,0,0,0,0,0,0,0
"54007","2","92614","77","0","2010","A","N","Braxton County, West Virginia","State Government","Agricultural market and commodity regulation","County, NAICS 5-digit -- by ownership sector","All establishment sizes",1,0,0,0,0,0,0,"N",7.28,0,0,0,0,0,0,"N",0,0.0,0,0,0,0,0,0,0,0,0,0,0,0
"54007","2","926140","78","0","2010","A","N","Braxton County, West Virginia","State Government","Agricultural market and commodity regulation","County, NAICS 6-digit -- by ownership sector","All establishment sizes",1,0,0,0,0,0,0,"N",7.28,0,0,0,0,0,0,"N",0,0.0,0,0,0,0,0,0,0,0,0,0,0,0
"54007","2","92615","77","0","2010","A","N","Braxton County, West Virginia","State Government","Licensing and regulating commercial sectors","County, NAICS 5-digit -- by ownership sector","All establishment sizes",1,0,0,0,0,0,0,"N",8.58,0,0,0,0,0,0,"N",0,0.0,0,0,0,0,0,0,0,0,0,0,0,0
"54007","2","926150","78","0","2010","A","N","Braxton County, West Virginia","State Government","Licensing and regulating commercial sectors","County, NAICS 6-digit -- by ownership sector","All establishment sizes",1,0,0,0,0,0,0,"N",8.58,0,0,0,0,0,0,"N",0,0.0,0,0,0,0,0,0,0,0,0,0,0,0
"54007","2","928","75","0","2010","A","N","Braxton County, West Virginia","State Government","National security and international affairs","County, NAICS 3-digit -- by ownership sector","All establishment sizes",1,0,0,0,0,0,0,"N",34.70,0,0,0,0,0,0,"N",0,0.0,0,0,0,0,0,0,0,0,0,0,0,0
"54007","2","9281","76","0","2010","A","N","Braxton County, West Virginia","State Government","National security and international affairs","County, NAICS 4-digit -- by ownership sector","All establishment sizes",1,0,0,0,0,0,0,"N",34.70,0,0,0,0,0,0,"N",0,0.0,0,0,0,0,0,0,0,0,0,0,0,0
"54007","2","92811","77","0","2010","A","N","Braxton County, West Virginia","State Government","National security","County, NAICS 5-digit -- by ownership sector","All establishment sizes",1,0,0,0,0,0,0,"N",34.79,0,0,0,0,0,0,"N",0,0.0,0,0,0,0,0,0,0,0,0,0,0,0
"54007","2","928110","78","0","2010","A","N","Braxton County, West Virginia","State Government","National security","County, NAICS 6-digit -- by ownership sector","All establishment sizes",1,0,0,0,0,0,0,"N",34.79,0,0,0,0,0,0,"N",0,0.0,0,0,0,0,0,0,0,0,0,0,0,0
"54007","3","10","71","0","2010","A","","Braxton County, West Virginia","Local Government","Total, all industries","County, Total -- by ownership sector","All establishment sizes",25,754,19283479,1425171,22706,492,25564,"",3.80,1.67,1.58,2.68,3.70,0.95,0.95,"",0,0.0,23,3.1,254258,1.3,288754,25.4,3814,20.2,-9,-1.8,-486,-1.9
"54007","3","102","72","0","2010","A","","Braxton County, West Virginia","Local Government","Service-providing","County, by Domain -- by ownership sector","All establishment sizes",25,754,19283479,1425171,22706,492,25564,"",3.91,1.69,1.60,2.72,3.79,0.95,0.95,"",0,0.0,23,3.1,254258,1.3,288754,25.4,3814,20.2,-9,-1.8,-486,-1.9
"54007","3","1021","73","0","2010","A","","Braxton County, West Virginia","Local Government","Trade, transportation, and utilities","County, by Supersector -- by ownership sector","All establishment sizes",3,26,812426,401271,6695,599,31147,"",6.40,1.56,1.40,15.01,16.71,0.90,0.90,"",0,0.0,1,4.0,55165,7.3,135036,50.7,2166,47.8,16,2.7,857,2.8
"54007","3","1022","73","0","2010","A","","Braxton County, West Virginia","Local Government","Information","County, by Supersector -- by ownership sector","All establishment sizes",3,6,53197,32108,483,162,8400,"",14.59,1.44,0.73,5.70,7.69,0.48,0.48,"",0,0.0,-2,-25.0,-10910,-17.0,-10752,-25.1,-160,-24.9,-2,-1.2,-148,-1.7
"54007","3","1025","73","0","2010","A","","Braxton County, West Virginia","Local Government","Education and health services","County, by Supersector -- by ownership sector","All establishment sizes",10,617,16252114,0,0,506,26333,"",3.58,2.21,2.24,0.00,0.00,1.01,1.01,"",0,0.0,25,4.2,204832,1.3,0,0.0,0,0.0,-15,-2.9,-778,-2.9
"54007","3","1028","73","0","2010","A","","Braxton County, West Virginia","Local Government","Public administration","County, by Supersector -- by ownership sector","All establishment sizes",9,105,2165742,991792,15528,398,20675,"",3.72,0.82,0.57,4.41,5.42,0.70,0.70,"",0,0.0,-1,-0.9,5171,0.2,164470,19.9,1808,13.2,6,1.5,308,1.5
"54007","3","22","74","0","2010","A","","Braxton County, West Virginia","Local Government","Utilities","County, NAICS Sector -- by ownership sector","All establishment sizes",3,26,812426,401271,6695,599,31147,"",8.89,3.33,2.79,24.43,30.61,0.83,0.83,"",0,0.0,1,4.0,55165,7.3,135036,50.7,2166,47.8,16,2.7,857,2.8
"54007","3","221","75","0","2010","A","","Braxton County, West Virginia","Local Government","Utilities","County, NAICS 3-digit -- by ownership sector","All establishment sizes",3,26,812426,401271,6695,599,31147,"",8.89,3.33,2.79,24.43,30.61,0.83,0.83,"",0,0.0,1,4.0,55165,7.3,135036,50.7,2166,47.8,16,2.7,857,2.8
"54007","3","2213","76","0","2010","A","","Braxton County, West Virginia","Local Government","Water, sewage and other systems","County, NAICS 4-digit -- by ownership sector","All establishment sizes",3,26,812426,401271,6695,599,31147,"",10.37,5.07,4.72,32.64,40.87,0.93,0.93,"",0,0.0,1,4.0,55165,7.3,135036,50.7,2166,47.8,16,2.7,857,2.8
"54007","3","22131","77","0","2010","A","N","Braxton County, West Virginia","Local Government","Water supply and irrigation systems","County, NAICS 5-digit -- by ownership sector","All establishment sizes",2,0,0,0,0,0,0,"N",10.24,0,0,0,0,0,0,"N",0,0.0,0,0,0,0,0,0,0,0,0,0,0,0
"54007","3","221310","78","0","2010","A","N","Braxton County, West Virginia","Local Government","Water supply and irrigation systems","County, NAICS 6-digit -- by ownership sector","All establishment sizes",2,0,0,0,0,0,0,"N",10.24,0,0,0,0,0,0,"N",0,0.0,0,0,0,0,0,0,0,0,0,0,0,0
"54007","3","22132","77","0","2010","A","N","Braxton County, West Virginia","Local Government","Sewage treatment facilities","County, NAICS 5-digit -- by ownership sector","All establishment sizes",1,0,0,0,0,0,0,"N",10.67,0,0,0,0,0,0,"N",0,0.0,0,0,0,0,0,0,0,0,0,0,0,0
"54007","3","221320","78","0","2010","A","N","Braxton County, West Virginia","Local Government","Sewage treatment facilities","County, NAICS 6-digit -- by ownership sector","All establishment sizes",1,0,0,0,0,0,0,"N",10.67,0,0,0,0,0,0,"N",0,0.0,0,0,0,0,0,0,0,0,0,0,0,0
"54007","3","51","74","0","2010","A","","Braxton County, West Virginia","Local Government","Information","County, NAICS Sector -- by ownership sector","All establishment sizes",3,6,53197,32108,483,162,8400,"",14.59,1.44,0.73,5.70,7.69,0.48,0.48,"",0,0.0,-2,-25.0,-10910,-17.0,-10752,-25.1,-160,-24.9,-2,-1.2,-148,-1.7
"54007","3","519","75","0","2010","A","","Braxton County, West Virginia","Local Government","Other information services","County, NAICS 3-digit -- by ownership sector","All establishment sizes",3,6,53197,32108,483,162,8400,"",15.32,1.49,0.78,6.17,9.06,0.50,0.50,"",0,0.0,-2,-25.0,-10910,-17.0,-10752,-25.1,-160,-24.9,-2,-1.2,-148,-1.7
"54007","3","5191","76","0","2010","A","","Braxton County, West Virginia","Local Government","Other information services","County, NAICS 4-digit -- by ownership sector","All establishment sizes",3,6,53197,32108,483,162,8400,"",15.32,1.49,0.78,6.17,9.06,0.50,0.50,"",0,0.0,-2,-25.0,-10910,-17.0,-10752,-25.1,-160,-24.9,-2,-1.2,-148,-1.7
"54007","3","51912","77","0","2010","A","","Braxton County, West Virginia","Local Government","Libraries and archives","County, NAICS 5-digit -- by ownership sector","All establishment sizes",3,6,53197,32108,483,162,8400,"N",15.32,0,0,0,0,0,0,"",0,0.0,-2,-25.0,-10910,-17.0,-10752,-25.1,-160,-24.9,-2,-1.2,-148,-1.7
"54007","3","519120","78","0","2010","A","","Braxton County, West Virginia","Local Government","Libraries and archives","County, NAICS 6-digit -- by ownership sector","All establishment sizes",3,6,53197,32108,483,162,8400,"N",15.32,0,0,0,0,0,0,"",0,0.0,-2,-25.0,-10910,-17.0,-10752,-25.1,-160,-24.9,-2,-1.2,-148,-1.7
"54007","3","61","74","0","2010","A","N","Braxton County, West Virginia","Local Government","Educational services","County, NAICS Sector -- by ownership sector","All establishment sizes",9,0,0,0,0,0,0,"N",3.56,0,0,0,0,0,0,"N",0,0.0,0,0,0,0,0,0,0,0,0,0,0,0
"54007","3","611","75","0","2010","A","N","Braxton County, West Virginia","Local Government","Educational services","County, NAICS 3-digit -- by ownership sector","All establishment sizes",9,0,0,0,0,0,0,"N",3.56,0,0,0,0,0,0,"N",0,0.0,0,0,0,0,0,0,0,0,0,0,0,0
"54007","3","6111","76","0","2010","A","N","Braxton County, West Virginia","Local Government","Elementary and secondary schools","County, NAICS 4-digit -- by ownership sector","All establishment sizes",9,0,0,0,0,0,0,"N",3.69,0,0,0,0,0,0,"N",0,0.0,0,0,0,0,0,0,0,0,0,0,0,0
"54007","3","61111","77","0","2010","A","N","Braxton County, West Virginia","Local Government","Elementary and secondary schools","County, NAICS 5-digit -- by ownership sector","All establishment sizes",9,0,0,0,0,0,0,"N",3.69,0,0,0,0,0,0,"N",0,0.0,0,0,0,0,0,0,0,0,0,0,0,0
"54007","3","611110","78","0","2010","A","N","Braxton County, West Virginia","Local Government","Elementary and secondary schools","County, NAICS 6-digit -- by ownership sector","All establishment sizes",9,0,0,0,0,0,0,"N",3.69,0,0,0,0,0,0,"N",0,0.0,0,0,0,0,0,0,0,0,0,0,0,0
"54007","3","62","74","0","2010","A","N","Braxton County, West Virginia","Local Government","Health care and social assistance","County, NAICS Sector -- by ownership sector","All establishment sizes",1,0,0,0,0,0,0,"N",3.74,0,0,0,0,0,0,"N",0,0.0,0,0,0,0,0,0,0,0,0,0,0,0
"54007","3","624","75","0","2010","A","N","Braxton County, West Virginia","Local Government","Social assistance","County, NAICS 3-digit -- by ownership sector","All establishment sizes",1,0,0,0,0,0,0,"N",9.61,0,0,0,0,0,0,"N",0,0.0,0,0,0,0,0,0,0,0,0,0,0,0
"54007","3","6241","76","0","2010","A","N","Braxton County, West Virginia","Local Government","Individual and family services","County, NAICS 4-digit -- by ownership sector","All establishment sizes",1,0,0,0,0,0,0,"N",14.46,0,0,0,0,0,0,"N",0,0.0,0,0,0,0,0,0,0,0,0,0,0,0
"54007","3","62419","77","0","2010","A","N","Braxton County, West Virginia","Local Government","Other individual and family services","County, NAICS 5-digit -- by ownership sector","All establishment sizes",1,0,0,0,0,0,0,"N",35.75,0,0,0,0,0,0,"N",0,0.0,0,0,0,0,0,0,0,0,0,0,0,0
"54007","3","624190","78","0","2010","A","N","Braxton County, West Virginia","Local Government","Other individual and family services","County, NAICS 6-digit -- by ownership sector","All establishment sizes",1,0,0,0,0,0,0,"N",35.75,0,0,0,0,0,0,"N",0,0.0,0,0,0,0,0,0,0,0,0,0,0,0
"54007","3","92","74","0","2010","A","","Braxton County, West Virginia","Local Government","Public administration","County, NAICS Sector -- by ownership sector","All establishment sizes",9,105,2165742,991792,15528,398,20675,"",3.72,0.82,0.57,4.41,5.42,0.70,0.70,"",0,0.0,-1,-0.9,5171,0.2,164470,19.9,1808,13.2,6,1.5,308,1.5
"54007","3","921","75","0","2010","A","","Braxton County, West Virginia","Local Government","Executive, legislative and general government","County, NAICS 3-digit -- by ownership sector","All establishment sizes",5,81,1579442,779861,12144,376,19560,"",3.42,0.94,0.68,4.54,5.83,0.72,0.72,"",0,0.0,0,0.0,-48862,-3.0,113492,17.0,1049,9.5,-11,-2.8,-584,-2.9
"54007","3","9211","76","0","2010","A","","Braxton County, West Virginia","Local Government","Executive, legislative and general government","County, NAICS 4-digit -- by ownership sector","All establishment sizes",5,81,1579442,779861,12144,376,19560,"",3.42,0.94,0.68,4.54,5.83,0.72,0.72,"",0,0.0,0,0.0,-48862,-3.0,113492,17.0,1049,9.5,-11,-2.8,-584,-2.9
"54007","3","92111","77","0","2010","A","N","Braxton County, West Virginia","Local Government","Executive offices","County, NAICS 5-digit -- by ownership sector","All establishment sizes",4,0,0,0,0,0,0,"N",22.13,0,0,0,0,0,0,"N",0,0.0,0,0,0,0,0,0,0,0,0,0,0,0
"54007","3","921110","78","0","2010","A","N","Braxton County, West Virginia","Local Government","Executive offices","County, NAICS 6-digit -- by ownership sector","All establishment sizes",4,0,0,0,0,0,0,"N",22.13,0,0,0,0,0,0,"N",0,0.0,0,0,0,0,0,0,0,0,0,0,0,0
"54007","3","92112","77","0","2010","A","N","Braxton County, West Virginia","Local Government","Legislative bodies","County, NAICS 5-digit -- by ownership sector","All establishment sizes",1,0,0,0,0,0,0,"N",8.69,0,0,0,0,0,0,"N",0,0.0,0,0,0,0,0,0,0,0,0,0,0,0
"54007","3","921120","78","0","2010","A","N","Braxton County, West Virginia","Local Government","Legislative bodies","County, NAICS 6-digit -- by ownership sector","All establishment sizes",1,0,0,0,0,0,0,"N",8.69,0,0,0,0,0,0,"N",0,0.0,0,0,0,0,0,0,0,0,0,0,0,0
"54007","3","922","75","0","2010","A","N","Braxton County, West Virginia","Local Government","Justice, public order, and safety activities","County, NAICS 3-digit -- by ownership sector","All establishment sizes",1,0,0,0,0,0,0,"N",2.07,0,0,0,0,0,0,"N",0,0.0,0,0,0,0,0,0,0,0,0,0,0,0
"54007","3","9221","76","0","2010","A","N","Braxton County, West Virginia","Local Government","Justice, public order, and safety activities","County, NAICS 4-digit -- by ownership sector","All establishment sizes",1,0,0,0,0,0,0,"N",2.07,0,0,0,0,0,0,"N",0,0.0,0,0,0,0,0,0,0,0,0,0,0,0
"54007","3","92212","77","0","2010","A","N","Braxton County, West Virginia","Local Government","Police protection","County, NAICS 5-digit -- by ownership sector","All establishment sizes",1,0,0,0,0,0,0,"N",8.04,0,0,0,0,0,0,"N",0,0.0,0,0,0,0,0,0,0,0,0,0,0,0
"54007","3","922120","78","0","2010","A","N","Braxton County, West Virginia","Local Government","Police protection","County, NAICS 6-digit -- by ownership sector","All establishment sizes",1,0,0,0,0,0,0,"N",8.04,0,0,0,0,0,0,"N",0,0.0,0,0,0,0,0,0,0,0,0,0,0,0
"54007","3","923","75","0","2010","A","N","Braxton County, West Virginia","Local Government","Administration of human resource programs","County, NAICS 3-digit -- by ownership sector","All establishment sizes",1,0,0,0,0,0,0,"N",13.38,0,0,0,0,0,0,"N",0,0.0,0,0,0,0,0,0,0,0,0,0,0,0
"54007","3","9231","76","0","2010","A","N","Braxton County, West Virginia","Local Government","Administration of human resource programs","County, NAICS 4-digit -- by ownership sector","All establishment sizes",1,0,0,0,0,0,0,"N",13.38,0,0,0,0,0,0,"N",0,0.0,0,0,0,0,0,0,0,0,0,0,0,0
"54007","3","92312","77","0","2010","A","N","Braxton County, West Virginia","Local Government","Administration of public health programs","County, NAICS 5-digit -- by ownership sector","All establishment sizes",1,0,0,0,0,0,0,"N",23.68,0,0,0,0,0,0,"N",0,0.0,0,0,0,0,0,0,0,0,0,0,0,0
"54007","3","923120","78","0","2010","A","N","Braxton County, West Virginia","Local Government","Administration of public health programs","County, NAICS 6-digit -- by ownership sector","All establishment sizes",1,0,0,0,0,0,0,"N",23.68,0,0,0,0,0,0,"N",0,0.0,0,0,0,0,0,0,0,0,0,0,0,0
"54007","3","924","75","0","2010","A","N","Braxton County, West Virginia","Local Government","Administration of environmental programs","County, NAICS 3-digit -- by ownership sector","All establishment sizes",2,0,0,0,0,0,0,"N",13.12,0,0,0,0,0,0,"N",0,0.0,0,0,0,0,0,0,0,0,0,0,0,0
"54007","3","9241","76","0","2010","A","N","Braxton County, West Virginia","Local Government","Administration of environmental programs","County, NAICS 4-digit -- by ownership sector","All establishment sizes",2,0,0,0,0,0,0,"N",13.12,0,0,0,0,0,0,"N",0,0.0,0,0,0,0,0,0,0,0,0,0,0,0
"54007","3","92412","77","0","2010","A","N","Braxton County, West Virginia","Local Government","Administration of conservation programs","County, NAICS 5-digit -- by ownership sector","All establishment sizes",2,0,0,0,0,0,0,"N",20.80,0,0,0,0,0,0,"N",0,0.0,0,0,0,0,0,0,0,0,0,0,0,0
"54007","3","924120","78","0","2010","A","N","Braxton County, West Virginia","Local Government","Administration of conservation programs","County, NAICS 6-digit -- by ownership sector","All establishment sizes",2,0,0,0,0,0,0,"N",20.80,0,0,0,0,0,0,"N",0,0.0,0,0,0,0,0,0,0,0,0,0,0,0
"54007","5","10","71","0","2010","A","","Braxton County, West Virginia","Private","Total, all industries","County, Total -- by ownership sector","All establishment sizes",308,3057,89381555,32860375,1064792,562,29238,"",0.88,0.90,0.91,0.98,0.99,1.01,1.01,"",0,0.0,-34,-1.1,1387928,1.6,-433619,-1.3,137180,14.8,14,2.6,766,2.7
"54007","5","101","72","0","2010","A","","Braxton County, West Virginia","Private","Goods-producing","County, by Domain -- by ownership sector","All establishment sizes",59,659,27400844,9058108,540905,799,41553,"",1.16,1.09,1.34,1.26,1.79,1.23,1.23,"",-5,-7.8,-52,-7.3,-1894493,-6.5,-770574,-7.8,111182,25.9,7,0.9,369,0.9
"54007","5","1011","73","0","2010","A","","Braxton County, West Virginia","Private","Natural resources and mining","County, by Supersector -- by ownership sector","All establishment sizes",10,59,2416420,810246,42662,791,41131,"",1.96,1.02,1.35,1.17,1.78,1.33,1.33,"",-1,-9.1,-42,-41.6,-2298141,-48.7,-601773,-42.6,-13287,-23.7,-107,-11.9,-5586,-12.0
"54007","5","1012","73","0","2010","A","","Braxton County, West Virginia","Private","Construction","County, by Supersector -- by ownership sector","All establishment sizes",35,250,11428335,3574861,235376,880,45774,"",1.10,1.42,2.10,1.55,2.01,1.49,1.49,"",-5,-12.5,-12,-4.6,904717,8.6,-55524,-1.5,9750,4.3,107,13.8,5595,13.9
"54007","5","1013","73","0","2010","A","","Braxton County, West Virginia","Private","Manufacturing","County, by Supersector -- by ownership sector","All establishment sizes",14,351,13556089,4673001,262867,743,38621,"",1.02,0.95,1.03,1.12,1.62,1.08,1.08,"",0,0.0,2,0.6,-501069,-3.6,-113277,-2.4,114719,77.4,-33,-4.3,-1715,-4.3
"54007","5","102","72","0","2010","A","","Braxton County, West Virginia","Private","Service-providing","County, by Domain -- by ownership sector","All establishment sizes",250,2398,61980711,23802267,523887,497,25851,"",0.84,0.85,0.79,0.90,0.67,0.93,0.93,"",6,2.5,19,0.8,3282421,5.6,336955,1.4,25998,5.2,23,4.9,1180,4.8
"54007","5","1021","73","0","2010","A","","Braxton County, West Virginia","Private","Trade, transportation, and utilities","County, by Supersector -- by ownership sector","All establishment sizes",100,831,24779594,9637464,195563,574,29828,"",1.33,1.06,1.30,1.21,0.88,1.23,1.23,"",1,1.0,16,2.0,1591191,6.9,613260,6.8,2891,1.5,27,4.9,1376,4.8
"54007","5","1022","73","0","2010","A","","Braxton County, West Virginia","Private","Information","County, by Supersector -- by ownership sector","All establishment sizes",7,31,1378848,403111,7073,858,44599,"",1.21,0.36,0.34,0.40,0.20,0.97,0.97,"",1,16.7,2,6.9,301323,28.0,88093,28.0,1906,36.9,133,18.3,6901,18.3
"54007","5","1023","73","0","2010","A","","Braxton County, West Virginia","Private","Financial activities","County, by Supersector -- by ownership sector","All establishment sizes",23,117,3235180,1333633,28351,531,27612,"",0.70,0.49,0.30,0.50,0.35,0.60,0.60,"",-2,-8.0,-4,-3.3,-239818,-6.9,-27533,-2.0,-1151,-3.9,-22,-4.0,-1166,-4.1
"54007","5","1024","73","0","2010","A","","Braxton County, West Virginia","Private","Professional and business services","County, by Supersector -- by ownership sector","All establishment sizes",25,195,7658512,3768652,91483,757,39342,"",0.40,0.36,0.38,0.60,0.41,1.05,1.05,"",0,0.0,19,10.8,1159991,17.9,423858,12.7,17896,24.3,47,6.6,2436,6.6
"54007","5","1025","73","0","2010","A","","Braxton County, West Virginia","Private","Education and health services","County, by Supersector -- by ownership sector","All establishment sizes",23,702,16813942,3168029,73852,461,23957,"",0.64,1.17,1.04,0.87,0.82,0.89,0.88,"",1,4.5,-11,-1.5,-282274,-1.7,-1058264,-25.0,-4591,-5.9,0,0.0,-21,-0.1
"54007","5","1026","73","0","2010","A","","Braxton County, West Virginia","Private","Leisure and hospitality","County, by Supersector -- by ownership sector","All establishment sizes",36,448,5990619,4616634,95254,257,13369,"",1.20,1.07,1.19,1.31,1.05,1.11,1.11,"",-1,-2.7,-7,-1.5,388463,6.9,163896,3.7,1901,2.0,20,8.4,1068,8.7
"54007","5","1027","73","0","2010","A","","Braxton County, West Virginia","Private","Other services","County, by Supersector -- by ownership sector","All establishment sizes",36,73,2112942,863670,32012,556,28911,"",0.71,0.52,0.83,0.71,0.93,1.59,1.59,"",5,16.1,3,4.3,352471,20.0,122571,16.5,6847,27.2,75,15.6,3910,15.6
"54007","5","1029","73","0","2010","A","","Braxton County, West Virginia","Private","Unclassified","County, by Supersector -- by ownership sector","All establishment sizes",1,1,11074,11074,299,197,10222,"",0.15,0.20,0.07,0.16,0.13,0.33,0.33,"",0,0.0,1,100.0,11074,100.0,11074,100.0,299,100.0,197,100.0,10222,100.0
"54007","5","11","74","0","2010","A","N","Braxton County, West Virginia","Private","Agriculture, forestry, fishing and hunting","County, NAICS Sector -- by ownership sector","All establishment sizes",4,0,0,0,0,0,0,"N",1.04,0,0,0,0,0,0,"N",-1,-20.0,0,0,0,0,0,0,0,0,0,0,0,0
"54007","5","112","75","0","2010","A","N","Braxton County, West Virginia","Private","Animal production and aquaculture","County, NAICS 3-digit -- by ownership sector","All establishment sizes",1,0,0,0,0,0,0,"N",1.10,0,0,0,0,0,0,"N",0,0.0,0,0,0,0,0,0,0,0,0,0,0,0
"54007","5","1121","76","0","2010","A","N","Braxton County, West Virginia","Private","Cattle ranching and farming","County, NAICS 4-digit -- by ownership sector","All establishment sizes",1,0,0,0,0,0,0,"N",1.70,0,0,0,0,0,0,"N",0,0.0,0,0,0,0,0,0,0,0,0,0,0,0
"54007","5","11211","77","0","2010","A","N","Braxton County, West Virginia","Private","Beef cattle ranching, farming, and feedlots","County, NAICS 5-digit -- by ownership sector","All establishment sizes",1,0,0,0,0,0,0,"N",3.13,0,0,0,0,0,0,"N",0,0.0,0,0,0,0,0,0,0,0,0,0,0,0
"54007","5","112111","78","0","2010","A","N","Braxton County, West Virginia","Private","Beef cattle ranching and farming","County, NAICS 6-digit -- by ownership sector","All establishment sizes",1,0,0,0,0,0,0,"N",3.64,0,0,0,0,0,0,"N",0,0.0,0,0,0,0,0,0,0,0,0,0,0,0
"54007","5","113","75","0","2010","A","N","Braxton County, West Virginia","Private","Forestry and logging","County, NAICS 3-digit -- by ownership sector","All establishment sizes",3,0,0,0,0,0,0,"N",7.78,0,0,0,0,0,0,"N",-1,-25.0,0,0,0,0,0,0,0,0,0,0,0,0
"54007","5","1133","76","0","2010","A","N","Braxton County, West Virginia","Private","Logging","County, NAICS 4-digit -- by ownership sector","All establishment sizes",3,0,0,0,0,0,0,"N",8.58,0,0,0,0,0,0,"N",-1,-25.0,0,0,0,0,0,0,0,0,0,0,0,0
"54007","5","11331","77","0","2010","A","N","Braxton County, West Virginia","Private","Logging","County, NAICS 5-digit -- by ownership sector","All establishment sizes",3,0,0,0,0,0,0,"N",8.58,0,0,0,0,0,0,"N",-1,-25.0,0,0,0,0,0,0,0,0,0,0,0,0
"54007","5","113310","78","0","2010","A","N","Braxton County, West Virginia","Private","Logging","County, NAICS 6-digit -- by ownership sector","All establishment sizes",3,0,0,0,0,0,0,"N",8.58,0,0,0,0,0,0,"N",-1,-25.0,0,0,0,0,0,0,0,0,0,0,0,0
"54007","5","21","74","0","2010","A","N","Braxton County, West Virginia","Private","Mining, quarrying, and oil and gas extraction","County, NAICS Sector -- by ownership sector","All establishment sizes",6,0,0,0,0,0,0,"N",4.73,0,0,0,0,0,0,"N",0,0.0,0,0,0,0,0,0,0,0,0,0,0,0
"54007","5","211","75","0","2010","A","N","Braxton County, West Virginia","Private","Oil and gas extraction","County, NAICS 3-digit -- by ownership sector","All establishment sizes",2,0,0,0,0,0,0,"N",5.46,0,0,0,0,0,0,"N",0,0.0,0,0,0,0,0,0,0,0,0,0,0,0
"54007","5","2111","76","0","2010","A","N","Braxton County, West Virginia","Private","Oil and gas extraction","County, NAICS 4-digit -- by ownership sector","All establishment sizes",2,0,0,0,0,0,0,"N",5.46,0,0,0,0,0,0,"N",0,0.0,0,0,0,0,0,0,0,0,0,0,0,0
"54007","5","21111","77","0","2010","A","N","Braxton County, West Virginia","Private","Oil and gas extraction","County, NAICS 5-digit -- by ownership sector","All establishment sizes",2,0,0,0,0,0,0,"N",5.46,0,0,0,0,0,0,"N",0,0.0,0,0,0,0,0,0,0,0,0,0,0,0
"54007","5","211111","78","0","2010","A","N","Braxton County, West Virginia","Private","Crude petroleum and natural gas extraction","County, NAICS 6-digit -- by ownership sector","All establishment sizes",2,0,0,0,0,0,0,"N",5.60,0,0,0,0,0,0,"N",0,0.0,0,0,0,0,0,0,0,0,0,0,0,0
"54007","5","212","75","0","2010","A","N","Braxton County, West Virginia","Private","Mining, except oil and gas","County, NAICS 3-digit -- by ownership sector","All establishment sizes",1,0,0,0,0,0,0,"N",3.30,0,0,0,0,0,0,"N",-1,-50.0,0,0,0,0,0,0,0,0,0,0,0,0
"54007","5","2123","76","0","2010","A","N","Braxton County, West Virginia","Private","Nonmetallic mineral mining and quarrying","County, NAICS 4-digit -- by ownership sector","All establishment sizes",1,0,0,0,0,0,0,"N",4.25,0,0,0,0,0,0,"N",0,0.0,0,0,0,0,0,0,0,0,0,0,0,0
"54007","5","21231","77","0","2010","A","N","Braxton County, West Virginia","Private","Stone mining and quarrying","County, NAICS 5-digit -- by ownership sector","All establishment sizes",1,0,0,0,0,0,0,"N",9.54,0,0,0,0,0,0,"N",0,0.0,0,0,0,0,0,0,0,0,0,0,0,0
"54007","5","212312","78","0","2010","A","N","Braxton County, West Virginia","Private","Crushed and broken limestone mining","County, NAICS 6-digit -- by ownership sector","All establishment sizes",1,0,0,0,0,0,0,"N",21.58,0,0,0,0,0,0,"N",0,0.0,0,0,0,0,0,0,0,0,0,0,0,0
"54007","5","213","75","0","2010","A","","Braxton County, West Virginia","Private","Support activities for mining","County, NAICS 3-digit -- by ownership sector","All establishment sizes",3,14,679886,168835,8747,940,48854,"",5.01,1.50,1.53,1.27,1.94,1.03,1.03,"N",1,50.0,0,0,0,0,0,0,0,0,0,0,0,0
"54007","5","2131","76","0","2010","A","","Braxton County, West Virginia","Private","Support activities for mining","County, NAICS 4-digit -- by ownership sector","All establishment sizes",3,14,679886,168835,8747,940,48854,"",5.01,1.50,1.53,1.27,1.94,1.03,1.03,"N",1,50.0,0,0,0,0,0,0,0,0,0,0,0,0
"54007","5","21311","77","0","2010","A","","Braxton County, West Virginia","Private","Support activities for mining","County, NAICS 5-digit -- by ownership sector","All establishment sizes",3,14,679886,168835,8747,940,48854,"",5.01,1.50,1.53,1.27,1.94,1.03,1.03,"N",1,50.0,0,0,0,0,0,0,0,0,0,0,0,0
"54007","5","213112","78","0","2010","A","","Braxton County, West Virginia","Private","Support activities for oil and gas operations","County, NAICS 6-digit -- by ownership sector","All establishment sizes",3,14,679886,168835,8747,940,48854,"",6.50,2.16,2.26,1.85,3.24,1.05,1.05,"N",1,50.0,0,0,0,0,0,0,0,0,0,0,0,0
"54007","5","22","74","0","2010","A","","Braxton County, West Virginia","Private","Utilities","County, NAICS Sector -- by ownership sector","All establishment sizes",3,41,3078872,501797,7736,1447,75247,"",4.46,2.31,3.22,2.58,2.30,1.40,1.40,"",0,0.0,-1,-2.4,-64029,-2.0,-7421,-1.5,97,1.3,5,0.3,267,0.4
"54007","5","221","75","0","2010","A","","Braxton County, West Virginia","Private","Utilities","County, NAICS 3-digit -- by ownership sector","All establishment sizes",3,41,3078872,501797,7736,1447,75247,"",4.46,2.31,3.22,2.58,2.30,1.40,1.40,"",0,0.0,-1,-2.4,-64029,-2.0,-7421,-1.5,97,1.3,5,0.3,267,0.4
"54007","5","2211","76","0","2010","A","N","Braxton County, West Virginia","Private","Power generation and supply","County, NAICS 4-digit -- by ownership sector","All establishment sizes",1,0,0,0,0,0,0,"N",3.03,0,0,0,0,0,0,"N",0,0.0,0,0,0,0,0,0,0,0,0,0,0,0
"54007","5","22112","77","0","2010","A","N","Braxton County, West Virginia","Private","Electric power transmission and distribution","County, NAICS 5-digit -- by ownership sector","All establishment sizes",1,0,0,0,0,0,0,"N",4.87,0,0,0,0,0,0,"N",0,0.0,0,0,0,0,0,0,0,0,0,0,0,0
"54007","5","221122","78","0","2010","A","N","Braxton County, West Virginia","Private","Electric power distribution","County, NAICS 6-digit -- by ownership sector","All establishment sizes",1,0,0,0,0,0,0,"N",5.47,0,0,0,0,0,0,"N",0,0.0,0,0,0,0,0,0,0,0,0,0,0,0
"54007","5","2212","76","0","2010","A","N","Braxton County, West Virginia","Private","Natural gas distribution","County, NAICS 4-digit -- by ownership sector","All establishment sizes",1,0,0,0,0,0,0,"N",8.75,0,0,0,0,0,0,"N",0,0.0,0,0,0,0,0,0,0,0,0,0,0,0
"54007","5","22121","77","0","2010","A","N","Braxton County, West Virginia","Private","Natural gas distribution","County, NAICS 5-digit -- by ownership sector","All establishment sizes",1,0,0,0,0,0,0,"N",8.75,0,0,0,0,0,0,"N",0,0.0,0,0,0,0,0,0,0,0,0,0,0,0
"54007","5","221210","78","0","2010","A","N","Braxton County, West Virginia","Private","Natural gas distribution","County, NAICS 6-digit -- by ownership sector","All establishment sizes",1,0,0,0,0,0,0,"N",8.75,0,0,0,0,0,0,"N",0,0.0,0,0,0,0,0,0,0,0,0,0,0,0
"54007","5","2213","76","0","2010","A","N","Braxton County, West Virginia","Private","Water, sewage and other systems","County, NAICS 4-digit -- by ownership sector","All establishment sizes",1,0,0,0,0,0,0,"N",4.40,0,0,0,0,0,0,"N",0,0.0,0,0,0,0,0,0,0,0,0,0,0,0
"54007","5","22131","77","0","2010","A","N","Braxton County, West Virginia","Private","Water supply and irrigation systems","County, NAICS 5-digit -- by ownership sector","All establishment sizes",1,0,0,0,0,0,0,"N",5.13,0,0,0,0,0,0,"N",0,0.0,0,0,0,0,0,0,0,0,0,0,0,0
"54007","5","221310","78","0","2010","A","N","Braxton County, West Virginia","Private","Water supply and irrigation systems","County, NAICS 6-digit -- by ownership sector","All establishment sizes",1,0,0,0,0,0,0,"N",5.13,0,0,0,0,0,0,"N",0,0.0,0,0,0,0,0,0,0,0,0,0,0,0
"54007","5","23","74","0","2010","A","","Braxton County, West Virginia","Private","Construction","County, NAICS Sector -- by ownership sector","All establishment sizes",35,250,11428335,3574861,235376,880,45774,"",1.10,1.42,2.10,1.55,2.01,1.49,1.49,"",-5,-12.5,-12,-4.6,904717,8.6,-55524,-1.5,9750,4.3,107,13.8,5595,13.9
"54007","5","236","75","0","2010","A","","Braxton County, West Virginia","Private","Construction of buildings","County, NAICS 3-digit -- by ownership sector","All establishment sizes",15,72,2530600,937722,45432,675,35107,"",1.58,1.83,1.92,1.84,1.78,1.05,1.05,"",-8,-34.8,-29,-28.7,-350045,-12.2,-376469,-28.6,-9626,-17.5,127,23.2,6609,23.2
"54007","5","2361","76","0","2010","A","","Braxton County, West Virginia","Private","Residential building construction","County, NAICS 4-digit -- by ownership sector","All establishment sizes",10,41,1394784,545340,29119,648,33677,"",1.35,2.21,2.83,2.41,2.98,1.27,1.27,"",-7,-41.2,-20,-32.8,-190796,-12.0,-214687,-28.2,-3105,-9.6,148,29.6,7684,29.6
"54007","5","23611","77","0","2010","A","","Braxton County, West Virginia","Private","Residential building construction","County, NAICS 5-digit -- by ownership sector","All establishment sizes",10,41,1394784,545340,29119,648,33677,"",1.35,2.21,2.83,2.41,2.98,1.27,1.27,"",-7,-41.2,-20,-32.8,-190796,-12.0,-214687,-28.2,-3105,-9.6,148,29.6,7684,29.6
"54007","5","236115","78","0","2010","A","N","Braxton County, West Virginia","Private","New single-family general contractors","County, NAICS 6-digit -- by ownership sector","All establishment sizes",5,0,0,0,0,0,0,"N",1.30,0,0,0,0,0,0,"N",-3,-37.5,0,0,0,0,0,0,0,0,0,0,0,0
"54007","5","236118","78","0","2010","A","N","Braxton County, West Virginia","Private","Residential remodelers","County, NAICS 6-digit -- by ownership sector","All establishment sizes",5,0,0,0,0,0,0,"N",1.55,0,0,0,0,0,0,"N",-3,-37.5,0,0,0,0,0,0,0,0,0,0,0,0
"54007","5","2362","76","0","2010","A","","Braxton County, West Virginia","Private","Nonresidential building construction","County, NAICS 4-digit -- by ownership sector","All establishment sizes",6,31,1135816,392382,16313,712,37037,"",2.89,1.48,1.38,1.38,1.03,0.94,0.94,"",0,0.0,-9,-22.5,-159249,-12.3,-161782,-29.2,-6521,-28.6,91,14.7,4728,14.6
"54007","5","23621","77","0","2010","A","N","Braxton County, West Virginia","Private","Industrial building construction","County, NAICS 5-digit -- by ownership sector","All establishment sizes",1,0,0,0,0,0,0,"N",4.05,0,0,0,0,0,0,"N",0,0.0,0,0,0,0,0,0,0,0,0,0,0,0
"54007","5","236210","78","0","2010","A","N","Braxton County, West Virginia","Private","Industrial building construction","County, NAICS 6-digit -- by ownership sector","All establishment sizes",1,0,0,0,0,0,0,"N",4.05,0,0,0,0,0,0,"N",0,0.0,0,0,0,0,0,0,0,0,0,0,0,0
"54007","5","23622","77","0","2010","A","N","Braxton County, West Virginia","Private","Commercial building construction","County, NAICS 5-digit -- by ownership sector","All establishment sizes",5,0,0,0,0,0,0,"N",2.73,0,0,0,0,0,0,"N",0,0.0,0,0,0,0,0,0,0,0,0,0,0,0
"54007","5","236220","78","0","2010","A","N","Braxton County, West Virginia","Private","Commercial building construction","County, NAICS 6-digit -- by ownership sector","All establishment sizes",5,0,0,0,0,0,0,"N",2.73,0,0,0,0,0,0,"N",0,0.0,0,0,0,0,0,0,0,0,0,0,0,0
"54007","5","237","75","0","2010","A","N","Braxton County, West Virginia","Private","Heavy and civil engineering construction","County, NAICS 3-digit -- by ownership sector","All establishment sizes",4,0,0,0,0,0,0,"N",1.88,0,0,0,0,0,0,"N",1,33.3,0,0,0,0,0,0,0,0,0,0,0,0
"54007","5","2371","76","0","2010","A","N","Braxton County, West Virginia","Private","Utility system construction","County, NAICS 4-digit -- by ownership sector","All establishment sizes",1,0,0,0,0,0,0,"N",1.04,0,0,0,0,0,0,"N",0,0.0,0,0,0,0,0,0,0,0,0,0,0,0
"54007","5","23712","77","0","2010","A","N","Braxton County, West Virginia","Private","Oil and gas pipeline construction","County, NAICS 5-digit -- by ownership sector","All establishment sizes",1,0,0,0,0,0,0,"N",8.36,0,0,0,0,0,0,"N",0,0.0,0,0,0,0,0,0,0,0,0,0,0,0
"54007","5","237120","78","0","2010","A","N","Braxton County, West Virginia","Private","Oil and gas pipeline construction","County, NAICS 6-digit -- by ownership sector","All establishment sizes",1,0,0,0,0,0,0,"N",8.36,0,0,0,0,0,0,"N",0,0.0,0,0,0,0,0,0,0,0,0,0,0,0
"54007","5","2373","76","0","2010","A","N","Braxton County, West Virginia","Private","Highway, street, and bridge construction","County, NAICS 4-digit -- by ownership sector","All establishment sizes",2,0,0,0,0,0,0,"N",4.41,0,0,0,0,0,0,"N",1,100.0,0,0,0,0,0,0,0,0,0,0,0,0
"54007","5","23731","77","0","2010","A","N","Braxton County, West Virginia","Private","Highway, street, and bridge construction","County, NAICS 5-digit -- by ownership sector","All establishment sizes",2,0,0,0,0,0,0,"N",4.41,0,0,0,0,0,0,"N",1,100.0,0,0,0,0,0,0,0,0,0,0,0,0
"54007","5","237310","78","0","2010","A","N","Braxton County, West Virginia","Private","Highway, street, and bridge construction","County, NAICS 6-digit -- by ownership sector","All establishment sizes",2,0,0,0,0,0,0,"N",4.41,0,0,0,0,0,0,"N",1,100.0,0,0,0,0,0,0,0,0,0,0,0,0
"54007","5","2379","76","0","2010","A","N","Braxton County, West Virginia","Private","Other heavy construction","County, NAICS 4-digit -- by ownership sector","All establishment sizes",1,0,0,0,0,0,0,"N",3.21,0,0,0,0,0,0,"N",0,0.0,0,0,0,0,0,0,0,0,0,0,0,0
"54007","5","23799","77","0","2010","A","N","Braxton County, West Virginia","Private","Other heavy construction","County, NAICS 5-digit -- by ownership sector","All establishment sizes",1,0,0,0,0,0,0,"N",3.21,0,0,0,0,0,0,"N",0,0.0,0,0,0,0,0,0,0,0,0,0,0,0
"54007","5","237990","78","0","2010","A","N","Braxton County, West Virginia","Private","Other heavy construction","County, NAICS 6-digit -- by ownership sector","All establishment sizes",1,0,0,0,0,0,0,"N",3.21,0,0,0,0,0,0,"N",0,0.0,0,0,0,0,0,0,0,0,0,0,0,0
"54007","5","238","75","0","2010","A","N","Braxton County, West Virginia","Private","Specialty trade contractors","County, NAICS 3-digit -- by ownership sector","All establishment sizes",16,0,0,0,0,0,0,"N",0.79,0,0,0,0,0,0,"N",2,14.3,0,0,0,0,0,0,0,0,0,0,0,0
"54007","5","2381","76","0","2010","A","","Braxton County, West Virginia","Private","Building foundation and exterior contractors","County, NAICS 4-digit -- by ownership sector","All establishment sizes",4,10,398518,174487,12726,736,38258,"",0.96,0.46,0.74,0.63,0.92,1.55,1.54,"N",1,33.3,0,0,0,0,0,0,0,0,0,0,0,0
"54007","5","23812","77","0","2010","A","N","Braxton County, West Virginia","Private","Steel and precast concrete contractors","County, NAICS 5-digit -- by ownership sector","All establishment sizes",1,0,0,0,0,0,0,"N",4.43,0,0,0,0,0,0,"N",0,0.0,0,0,0,0,0,0,0,0,0,0,0,0
"54007","5","238122","78","0","2010","A","N","Braxton County, West Virginia","Private","Nonresidential structural steel contractors","County, NAICS 6-digit -- by ownership sector","All establishment sizes",1,0,0,0,0,0,0,"N",5.88,0,0,0,0,0,0,"N",0,0.0,0,0,0,0,0,0,0,0,0,0,0,0
"54007","5","23814","77","0","2010","A","N","Braxton County, West Virginia","Private","Masonry contractors","County, NAICS 5-digit -- by ownership sector","All establishment sizes",1,0,0,0,0,0,0,"N",1.01,0,0,0,0,0,0,"N",0,0.0,0,0,0,0,0,0,0,0,0,0,0,0
"54007","5","238141","78","0","2010","A","N","Braxton County, West Virginia","Private","Residential masonry contractors","County, NAICS 6-digit -- by ownership sector","All establishment sizes",1,0,0,0,0,0,0,"N",1.36,0,0,0,0,0,0,"N",0,0.0,0,0,0,0,0,0,0,0,0,0,0,0
"54007","5","23816","77","0","2010","A","N","Braxton County, West Virginia","Private","Roofing contractors","County, NAICS 5-digit -- by ownership sector","All establishment sizes",2,0,0,0,0,0,0,"N",2.45,0,0,0,0,0,0,"N",2,100.0,0,0,0,0,0,0,0,0,0,0,0,0
"54007","5","238161","78","0","2010","A","N","Braxton County, West Virginia","Private","Residential roofing contractors","County, NAICS 6-digit -- by ownership sector","All establishment sizes",1,0,0,0,0,0,0,"N",1.68,0,0,0,0,0,0,"N",1,100.0,0,0,0,0,0,0,0,0,0,0,0,0
"54007","5","238162","78","0","2010","A","N","Braxton County, West Virginia","Private","Nonresidential roofing contractors","County, NAICS 6-digit -- by ownership sector","All establishment sizes",1,0,0,0,0,0,0,"N",4.51,0,0,0,0,0,0,"N",1,100.0,0,0,0,0,0,0,0,0,0,0,0,0
"54007","5","2382","76","0","2010","A","","Braxton County, West Virginia","Private","Building equipment contractors","County, NAICS 4-digit -- by ownership sector","All establishment sizes",4,24,953462,391456,24449,767,39866,"",0.51,0.46,0.57,0.58,0.76,1.24,1.24,"",0,0.0,-3,-11.1,161324,20.4,36592,10.3,-977,-3.8,201,35.5,10437,35.5
"54007","5","23821","77","0","2010","A","N","Braxton County, West Virginia","Private","Electrical and wiring contractors","County, NAICS 5-digit -- by ownership sector","All establishment sizes",2,0,0,0,0,0,0,"N",0.58,0,0,0,0,0,0,"N",0,0.0,0,0,0,0,0,0,0,0,0,0,0,0
"54007","5","238211","78","0","2010","A","N","Braxton County, West Virginia","Private","Residential electrical contractors","County, NAICS 6-digit -- by ownership sector","All establishment sizes",1,0,0,0,0,0,0,"N",0.51,0,0,0,0,0,0,"N",0,0.0,0,0,0,0,0,0,0,0,0,0,0,0
"54007","5","238212","78","0","2010","A","N","Braxton County, West Virginia","Private","Nonresidential electrical contractors","County, NAICS 6-digit -- by ownership sector","All establishment sizes",1,0,0,0,0,0,0,"N",0.68,0,0,0,0,0,0,"N",0,0.0,0,0,0,0,0,0,0,0,0,0,0,0
"54007","5","23822","77","0","2010","A","N","Braxton County, West Virginia","Private","Plumbing and hvac contractors","County, NAICS 5-digit -- by ownership sector","All establishment sizes",1,0,0,0,0,0,0,"N",0.25,0,0,0,0,0,0,"N",0,0.0,0,0,0,0,0,0,0,0,0,0,0,0
"54007","5","238221","78","0","2010","A","N","Braxton County, West Virginia","Private","Residential plumbing and hvac contractors","County, NAICS 6-digit -- by ownership sector","All establishment sizes",1,0,0,0,0,0,0,"N",0.35,0,0,0,0,0,0,"N",0,0.0,0,0,0,0,0,0,0,0,0,0,0,0
"54007","5","23829","77","0","2010","A","N","Braxton County, West Virginia","Private","Other building equipment contractors","County, NAICS 5-digit -- by ownership sector","All establishment sizes",1,0,0,0,0,0,0,"N",2.50,0,0,0,0,0,0,"N",0,0.0,0,0,0,0,0,0,0,0,0,0,0,0
"54007","5","238292","78","0","2010","A","N","Braxton County, West Virginia","Private","Other nonresidential equipment contractors","County, NAICS 6-digit -- by ownership sector","All establishment sizes",1,0,0,0,0,0,0,"N",3.06,0,0,0,0,0,0,"N",0,0.0,0,0,0,0,0,0,0,0,0,0,0,0
"54007","5","2383","76","0","2010","A","N","Braxton County, West Virginia","Private","Building finishing contractors","County, NAICS 4-digit -- by ownership sector","All establishment sizes",3,0,0,0,0,0,0,"N",0.59,0,0,0,0,0,0,"N",1,50.0,0,0,0,0,0,0,0,0,0,0,0,0
"54007","5","23831","77","0","2010","A","N","Braxton County, West Virginia","Private","Drywall and insulation contractors","County, NAICS 5-digit -- by ownership sector","All establishment sizes",2,0,0,0,0,0,0,"N",2.23,0,0,0,0,0,0,"N",1,100.0,0,0,0,0,0,0,0,0,0,0,0,0
"54007","5","238312","78","0","2010","A","N","Braxton County, West Virginia","Private","Nonresidential drywall contractors","County, NAICS 6-digit -- by ownership sector","All establishment sizes",2,0,0,0,0,0,0,"N",6.90,0,0,0,0,0,0,"N",1,100.0,0,0,0,0,0,0,0,0,0,0,0,0
"54007","5","23832","77","0","2010","A","N","Braxton County, West Virginia","Private","Painting and wall covering contractors","County, NAICS 5-digit -- by ownership sector","All establishment sizes",1,0,0,0,0,0,0,"N",0.65,0,0,0,0,0,0,"N",0,0.0,0,0,0,0,0,0,0,0,0,0,0,0
"54007","5","238321","78","0","2010","A","N","Braxton County, West Virginia","Private","Residential painting contractors","County, NAICS 6-digit -- by ownership sector","All establishment sizes",1,0,0,0,0,0,0,"N",0.82,0,0,0,0,0,0,"N",0,0.0,0,0,0,0,0,0,0,0,0,0,0,0
"54007","5","23835","77","0","2010","A","N","Braxton County, West Virginia","Private","Finish carpentry contractors","County, NAICS 5-digit -- by ownership sector","All establishment sizes",1,0,0,0,0,0,0,"N",0.78,0,0,0,0,0,0,"N",1,100.0,0,0,0,0,0,0,0,0,0,0,0,0
"54007","5","238351","78","0","2010","A","N","Braxton County, West Virginia","Private","Residential finish carpentry contractors","County, NAICS 6-digit -- by ownership sector","All establishment sizes",1,0,0,0,0,0,0,"N",0.92,0,0,0,0,0,0,"N",1,100.0,0,0,0,0,0,0,0,0,0,0,0,0
"54007","5","2389","76","0","2010","A","","Braxton County, West Virginia","Private","Other specialty trade contractors","County, NAICS 4-digit -- by ownership sector","All establishment sizes",5,25,1080973,381988,30005,821,42670,"",1.56,1.51,2.43,1.77,2.53,1.59,1.59,"",0,0.0,1,4.2,44158,4.3,25078,7.0,5476,22.3,2,0.2,61,0.1
"54007","5","23891","77","0","2010","A","","Braxton County, West Virginia","Private","Site preparation contractors","County, NAICS 5-digit -- by ownership sector","All establishment sizes",5,25,1080973,381988,30005,821,42670,"",3.13,2.96,4.61,3.38,4.82,1.54,1.54,"",0,0.0,1,4.2,44158,4.3,25078,7.0,5476,22.3,2,0.2,61,0.1
"54007","5","238911","78","0","2010","A","N","Braxton County, West Virginia","Private","Residential site preparation contractors","County, NAICS 6-digit -- by ownership sector","All establishment sizes",3,0,0,0,0,0,0,"N",3.25,0,0,0,0,0,0,"N",0,0.0,0,0,0,0,0,0,0,0,0,0,0,0
"54007","5","238912","78","0","2010","A","N","Braxton County, West Virginia","Private","Nonresidential site preparation contractors","County, NAICS 6-digit -- by ownership sector","All establishment sizes",2,0,0,0,0,0,0,"N",2.98,0,0,0,0,0,0,"N",0,0.0,0,0,0,0,0,0,0,0,0,0,0,0
"54007","5","31-33","74","0","2010","A","","Braxton County, West Virginia","Private","Manufacturing","County, NAICS Sector -- by ownership sector","All establishment sizes",14,351,13556089,4673001,262867,743,38621,"",1.02,0.95,1.03,1.12,1.62,1.08,1.08,"",0,0.0,2,0.6,-501069,-3.6,-113277,-2.4,114719,77.4,-33,-4.3,-1715,-4.3
"54007","5","321","75","0","2010","A","","Braxton County, West Virginia","Private","Wood product manufacturing","County, NAICS 3-digit -- by ownership sector","All establishment sizes",9,316,12514262,4298519,248882,761,39581,"",14.49,28.96,51.20,32.23,45.14,1.77,1.77,"",0,0.0,6,1.9,-484754,-3.7,-107032,-2.4,115271,86.3,-45,-5.6,-2306,-5.5
"54007","5","3211","76","0","2010","A","N","Braxton County, West Virginia","Private","Sawmills and wood preservation","County, NAICS 4-digit -- by ownership sector","All establishment sizes",7,0,0,0,0,0,0,"N",44.56,0,0,0,0,0,0,"N",0,0.0,0,0,0,0,0,0,0,0,0,0,0,0
"54007","5","32111","77","0","2010","A","N","Braxton County, West Virginia","Private","Sawmills and wood preservation","County, NAICS 5-digit -- by ownership sector","All establishment sizes",7,0,0,0,0,0,0,"N",44.56,0,0,0,0,0,0,"N",0,0.0,0,0,0,0,0,0,0,0,0,0,0,0
"54007","5","321113","78","0","2010","A","","Braxton County, West Virginia","Private","Sawmills","County, NAICS 6-digit -- by ownership sector","All establishment sizes",5,117,3124262,1541550,64546,514,26703,"",36.25,49.26,57.16,50.88,54.86,1.16,1.16,"",0,0.0,14,13.6,270418,9.5,181616,13.4,24440,60.9,-19,-3.6,-1027,-3.7
"54007","5","321114","78","0","2010","A","N","Braxton County, West Virginia","Private","Wood preservation","County, NAICS 6-digit -- by ownership sector","All establishment sizes",2,0,0,0,0,0,0,"N",104.38,0,0,0,0,0,0,"N",0,0.0,0,0,0,0,0,0,0,0,0,0,0,0
"54007","5","3212","76","0","2010","A","N","Braxton County, West Virginia","Private","Plywood and engineered wood product mfg.","County, NAICS 4-digit -- by ownership sector","All establishment sizes",2,0,0,0,0,0,0,"N",26.99,0,0,0,0,0,0,"N",0,0.0,0,0,0,0,0,0,0,0,0,0,0,0
"54007","5","32121","77","0","2010","A","N","Braxton County, West Virginia","Private","Plywood and engineered wood product mfg.","County, NAICS 5-digit -- by ownership sector","All establishment sizes",2,0,0,0,0,0,0,"N",26.99,0,0,0,0,0,0,"N",0,0.0,0,0,0,0,0,0,0,0,0,0,0,0
"54007","5","321214","78","0","2010","A","N","Braxton County, West Virginia","Private","Truss manufacturing","County, NAICS 6-digit -- by ownership sector","All establishment sizes",1,0,0,0,0,0,0,"N",26.15,0,0,0,0,0,0,"N",0,0.0,0,0,0,0,0,0,0,0,0,0,0,0
"54007","5","321219","78","0","2010","A","N","Braxton County, West Virginia","Private","Reconstituted wood product manufacturing","County, NAICS 6-digit -- by ownership sector","All establishment sizes",1,0,0,0,0,0,0,"N",106.17,0,0,0,0,0,0,"N",0,0.0,0,0,0,0,0,0,0,0,0,0,0,0
"54007","5","327","75","0","2010","A","N","Braxton County, West Virginia","Private","Nonmetallic mineral product manufacturing","County, NAICS 3-digit -- by ownership sector","All establishment sizes",2,0,0,0,0,0,0,"N",2.89,0,0,0,0,0,0,"N",0,0.0,0,0,0,0,0,0,0,0,0,0,0,0
"54007","5","3272","76","0","2010","A","N","Braxton County, West Virginia","Private","Glass and glass product manufacturing","County, NAICS 4-digit -- by ownership sector","All establishment sizes",1,0,0,0,0,0,0,"N",12.35,0,0,0,0,0,0,"N",0,0.0,0,0,0,0,0,0,0,0,0,0,0,0
"54007","5","32721","77","0","2010","A","N","Braxton County, West Virginia","Private","Glass and glass product manufacturing","County, NAICS 5-digit -- by ownership sector","All establishment sizes",1,0,0,0,0,0,0,"N",12.35,0,0,0,0,0,0,"N",0,0.0,0,0,0,0,0,0,0,0,0,0,0,0
"54007","5","327212","78","0","2010","A","N","Braxton County, West Virginia","Private","Other pressed and blown glass and glassware","County, NAICS 6-digit -- by ownership sector","All establishment sizes",1,0,0,0,0,0,0,"N",57.91,0,0,0,0,0,0,"N",0,0.0,0,0,0,0,0,0,0,0,0,0,0,0
"54007","5","3273","76","0","2010","A","N","Braxton County, West Virginia","Private","Cement and concrete product manufacturing","County, NAICS 4-digit -- by ownership sector","All establishment sizes",1,0,0,0,0,0,0,"N",2.61,0,0,0,0,0,0,"N",0,0.0,0,0,0,0,0,0,0,0,0,0,0,0
"54007","5","32732","77","0","2010","A","N","Braxton County, West Virginia","Private","Ready-mix concrete manufacturing","County, NAICS 5-digit -- by ownership sector","All establishment sizes",1,0,0,0,0,0,0,"N",4.50,0,0,0,0,0,0,"N",0,0.0,0,0,0,0,0,0,0,0,0,0,0,0
"54007","5","327320","78","0","2010","A","N","Braxton County, West Virginia","Private","Ready-mix concrete manufacturing","County, NAICS 6-digit -- by ownership sector","All establishment sizes",1,0,0,0,0,0,0,"N",4.50,0,0,0,0,0,0,"N",0,0.0,0,0,0,0,0,0,0,0,0,0,0,0
"54007","5","332","75","0","2010","A","N","Braxton County, West Virginia","Private","Fabricated metal product manufacturing","County, NAICS 3-digit -- by ownership sector","All establishment sizes",1,0,0,0,0,0,0,"N",0.42,0,0,0,0,0,0,"N",0,0.0,0,0,0,0,0,0,0,0,0,0,0,0
"54007","5","3329","76","0","2010","A","N","Braxton County, West Virginia","Private","Other fabricated metal product manufacturing","County, NAICS 4-digit -- by ownership sector","All establishment sizes",1,0,0,0,0,0,0,"N",3.88,0,0,0,0,0,0,"N",0,0.0,0,0,0,0,0,0,0,0,0,0,0,0
"54007","5","33299","77","0","2010","A","N","Braxton County, West Virginia","Private","All other fabricated metal product mfg.","County, NAICS 5-digit -- by ownership sector","All establishment sizes",1,0,0,0,0,0,0,"N",5.09,0,0,0,0,0,0,"N",0,0.0,0,0,0,0,0,0,0,0,0,0,0,0
"54007","5","332994","78","0","2010","A","N","Braxton County, West Virginia","Private","Small arms, ordnance, and accessories mfg.","County, NAICS 6-digit -- by ownership sector","All establishment sizes",1,0,0,0,0,0,0,"N",93.75,0,0,0,0,0,0,"N",0,0.0,0,0,0,0,0,0,0,0,0,0,0,0
"54007","5","334","75","0","2010","A","N","Braxton County, West Virginia","Private","Computer and electronic product manufacturing","County, NAICS 3-digit -- by ownership sector","All establishment sizes",1,0,0,0,0,0,0,"N",1.32,0,0,0,0,0,0,"N",0,0.0,0,0,0,0,0,0,0,0,0,0,0,0
"54007","5","3345","76","0","2010","A","N","Braxton County, West Virginia","Private","Electronic instrument manufacturing","County, NAICS 4-digit -- by ownership sector","All establishment sizes",1,0,0,0,0,0,0,"N",3.32,0,0,0,0,0,0,"N",0,0.0,0,0,0,0,0,0,0,0,0,0,0,0
"54007","5","33451","77","0","2010","A","N","Braxton County, West Virginia","Private","Electronic instrument manufacturing","County, NAICS 5-digit -- by ownership sector","All establishment sizes",1,0,0,0,0,0,0,"N",3.32,0,0,0,0,0,0,"N",0,0.0,0,0,0,0,0,0,0,0,0,0,0,0
"54007","5","334517","78","0","2010","A","N","Braxton County, West Virginia","Private","Irradiation apparatus manufacturing","County, NAICS 6-digit -- by ownership sector","All establishment sizes",1,0,0,0,0,0,0,"N",86.86,0,0,0,0,0,0,"N",0,0.0,0,0,0,0,0,0,0,0,0,0,0,0
"54007","5","339","75","0","2010","A","N","Braxton County, West Virginia","Private","Miscellaneous manufacturing","County, NAICS 3-digit -- by ownership sector","All establishment sizes",1,0,0,0,0,0,0,"N",0.79,0,0,0,0,0,0,"N",0,0.0,0,0,0,0,0,0,0,0,0,0,0,0
"54007","5","3399","76","0","2010","A","N","Braxton County, West Virginia","Private","Other miscellaneous manufacturing","County, NAICS 4-digit -- by ownership sector","All establishment sizes",1,0,0,0,0,0,0,"N",1.36,0,0,0,0,0,0,"N",0,0.0,0,0,0,0,0,0,0,0,0,0,0,0
"54007","5","33999","77","0","2010","A","N","Braxton County, West Virginia","Private","All other miscellaneous manufacturing","County, NAICS 5-digit -- by ownership sector","All establishment sizes",1,0,0,0,0,0,0,"N",4.40,0,0,0,0,0,0,"N",0,0.0,0,0,0,0,0,0,0,0,0,0,0,0
"54007","5","339999","78","0","2010","A","N","Braxton County, West Virginia","Private","All other miscellaneous manufacturing","County, NAICS 6-digit -- by ownership sector","All establishment sizes",1,0,0,0,0,0,0,"N",6.62,0,0,0,0,0,0,"N",0,0.0,0,0,0,0,0,0,0,0,0,0,0,0
"54007","5","42","74","0","2010","A","","Braxton County, West Virginia","Private","Wholesale trade","County, NAICS Sector -- by ownership sector","All establishment sizes",8,53,1705518,598080,9930,617,32079,"",0.32,0.30,0.25,0.29,0.15,0.81,0.81,"",0,0.0,0,0.0,-3409,-0.2,-9038,-1.5,-238,-2.3,0,0.0,-14,0.0
"54007","5","423","75","0","2010","A","N","Braxton County, West Virginia","Private","Merchant wholesalers, durable goods","County, NAICS 3-digit -- by ownership sector","All establishment sizes",6,0,0,0,0,0,0,"N",0.60,0,0,0,0,0,0,"N",0,0.0,0,0,0,0,0,0,0,0,0,0,0,0
"54007","5","4231","76","0","2010","A","N","Braxton County, West Virginia","Private","Motor vehicle and parts merchant wholesalers","County, NAICS 4-digit -- by ownership sector","All establishment sizes",3,0,0,0,0,0,0,"N",3.23,0,0,0,0,0,0,"N",0,0.0,0,0,0,0,0,0,0,0,0,0,0,0
"54007","5","42312","77","0","2010","A","N","Braxton County, West Virginia","Private","New motor vehicle parts merchant wholesalers","County, NAICS 5-digit -- by ownership sector","All establishment sizes",2,0,0,0,0,0,0,"N",3.87,0,0,0,0,0,0,"N",0,0.0,0,0,0,0,0,0,0,0,0,0,0,0
"54007","5","423120","78","0","2010","A","N","Braxton County, West Virginia","Private","New motor vehicle parts merchant wholesalers","County, NAICS 6-digit -- by ownership sector","All establishment sizes",2,0,0,0,0,0,0,"N",3.87,0,0,0,0,0,0,"N",0,0.0,0,0,0,0,0,0,0,0,0,0,0,0
"54007","5","42314","77","0","2010","A","N","Braxton County, West Virginia","Private","Used motor vehicle parts merchant wholesalers","County, NAICS 5-digit -- by ownership sector","All establishment sizes",1,0,0,0,0,0,0,"N",9.07,0,0,0,0,0,0,"N",0,0.0,0,0,0,0,0,0,0,0,0,0,0,0
"54007","5","423140","78","0","2010","A","N","Braxton County, West Virginia","Private","Used motor vehicle parts merchant wholesalers","County, NAICS 6-digit -- by ownership sector","All establishment sizes",1,0,0,0,0,0,0,"N",9.07,0,0,0,0,0,0,"N",0,0.0,0,0,0,0,0,0,0,0,0,0,0,0
"54007","5","4232","76","0","2010","A","N","Braxton County, West Virginia","Private","Furniture and furnishing merchant wholesalers","County, NAICS 4-digit -- by ownership sector","All establishment sizes",1,0,0,0,0,0,0,"N",2.41,0,0,0,0,0,0,"N",0,0.0,0,0,0,0,0,0,0,0,0,0,0,0
"54007","5","42321","77","0","2010","A","N","Braxton County, West Virginia","Private","Furniture merchant wholesalers","County, NAICS 5-digit -- by ownership sector","All establishment sizes",1,0,0,0,0,0,0,"N",5.64,0,0,0,0,0,0,"N",0,0.0,0,0,0,0,0,0,0,0,0,0,0,0
"54007","5","423210","78","0","2010","A","N","Braxton County, West Virginia","Private","Furniture merchant wholesalers","County, NAICS 6-digit -- by ownership sector","All establishment sizes",1,0,0,0,0,0,0,"N",5.64,0,0,0,0,0,0,"N",0,0.0,0,0,0,0,0,0,0,0,0,0,0,0
"54007","5","4237","76","0","2010","A","N","Braxton County, West Virginia","Private","Hardware and plumbing merchant wholesalers","County, NAICS 4-digit -- by ownership sector","All establishment sizes",1,0,0,0,0,0,0,"N",1.20,0,0,0,0,0,0,"N",0,0.0,0,0,0,0,0,0,0,0,0,0,0,0
"54007","5","42372","77","0","2010","A","N","Braxton County, West Virginia","Private","Plumbing equip. merchant wholesalers","County, NAICS 5-digit -- by ownership sector","All establishment sizes",1,0,0,0,0,0,0,"N",3.14,0,0,0,0,0,0,"N",0,0.0,0,0,0,0,0,0,0,0,0,0,0,0
"54007","5","423720","78","0","2010","A","N","Braxton County, West Virginia","Private","Plumbing and heating equip. merch. whls.","County, NAICS 6-digit -- by ownership sector","All establishment sizes",1,0,0,0,0,0,0,"N",3.14,0,0,0,0,0,0,"N",0,0.0,0,0,0,0,0,0,0,0,0,0,0,0
"54007","5","4238","76","0","2010","A","N","Braxton County, West Virginia","Private","Machinery and supply merchant wholesalers","County, NAICS 4-digit -- by ownership sector","All establishment sizes",1,0,0,0,0,0,0,"N",0.41,0,0,0,0,0,0,"N",0,0.0,0,0,0,0,0,0,0,0,0,0,0,0
"54007","5","42382","77","0","2010","A","N","Braxton County, West Virginia","Private","Farm and garden equip. merchant wholesalers","County, NAICS 5-digit -- by ownership sector","All establishment sizes",1,0,0,0,0,0,0,"N",2.97,0,0,0,0,0,0,"N",0,0.0,0,0,0,0,0,0,0,0,0,0,0,0
"54007","5","423820","78","0","2010","A","N","Braxton County, West Virginia","Private","Farm and garden equip. merchant wholesalers","County, NAICS 6-digit -- by ownership sector","All establishment sizes",1,0,0,0,0,0,0,"N",2.97,0,0,0,0,0,0,"N",0,0.0,0,0,0,0,0,0,0,0,0,0,0,0
"54007","5","424","75","0","2010","A","N","Braxton County, West Virginia","Private","Merchant wholesalers, nondurable goods","County, NAICS 3-digit -- by ownership sector","All establishment sizes",2,0,0,0,0,0,0,"N",0.36,0,0,0,0,0,0,"N",0,0.0,0,0,0,0,0,0,0,0,0,0,0,0
"54007","5","4244","76","0","2010","A","N","Braxton County, West Virginia","Private","Grocery and related product wholesalers","County, NAICS 4-digit -- by ownership sector","All establishment sizes",1,0,0,0,0,0,0,"N",0.70,0,0,0,0,0,0,"N",0,0.0,0,0,0,0,0,0,0,0,0,0,0,0
"54007","5","42449","77","0","2010","A","N","Braxton County, West Virginia","Private","Other grocery product merchant wholesalers","County, NAICS 5-digit -- by ownership sector","All establishment sizes",1,0,0,0,0,0,0,"N",1.92,0,0,0,0,0,0,"N",0,0.0,0,0,0,0,0,0,0,0,0,0,0,0
"54007","5","424490","78","0","2010","A","N","Braxton County, West Virginia","Private","Other grocery product merchant wholesalers","County, NAICS 6-digit -- by ownership sector","All establishment sizes",1,0,0,0,0,0,0,"N",1.92,0,0,0,0,0,0,"N",0,0.0,0,0,0,0,0,0,0,0,0,0,0,0
"54007","5","4249","76","0","2010","A","N","Braxton County, West Virginia","Private","Misc. nondurable goods merchant wholesalers","County, NAICS 4-digit -- by ownership sector","All establishment sizes",1,0,0,0,0,0,0,"N",0.75,0,0,0,0,0,0,"N",0,0.0,0,0,0,0,0,0,0,0,0,0,0,0
"54007","5","42491","77","0","2010","A","N","Braxton County, West Virginia","Private","Farm supplies merchant wholesalers","County, NAICS 5-digit -- by ownership sector","All establishment sizes",1,0,0,0,0,0,0,"N",2.30,0,0,0,0,0,0,"N",0,0.0,0,0,0,0,0,0,0,0,0,0,0,0
"54007","5","424910","78","0","2010","A","N","Braxton County, West Virginia","Private","Farm supplies merchant wholesalers","County, NAICS 6-digit -- by ownership sector","All establishment sizes",1,0,0,0,0,0,0,"N",2.30,0,0,0,0,0,0,"N",0,0.0,0,0,0,0,0,0,0,0,0,0,0,0
"54007","5","44-45","74","0","2010","A","","Braxton County, West Virginia","Private","Retail trade","County, NAICS Sector -- by ownership sector","All establishment sizes",80,687,17870199,7819870,151253,500,26002,"",1.94,1.48,2.32,1.83,1.41,1.57,1.57,"",5,6.7,37,5.7,2108154,13.4,815942,11.6,18739,14.1,34,7.3,1753,7.2
"54007","5","441","75","0","2010","A","","Braxton County, West Virginia","Private","Motor vehicle and parts dealers","County, NAICS 3-digit -- by ownership sector","All establishment sizes",16,173,7533839,2137523,48515,838,43590,"",3.47,3.30,5.58,3.66,2.59,1.69,1.69,"",1,6.7,23,15.3,1711448,29.4,559082,35.4,12290,33.9,92,12.3,4796,12.4
"54007","5","4411","76","0","2010","A","","Braxton County, West Virginia","Private","Automobile dealers","County, NAICS 4-digit -- by ownership sector","All establishment sizes",7,127,6219493,1530418,38153,944,49101,"",3.87,3.90,6.51,4.09,2.93,1.67,1.67,"",1,16.7,20,18.7,1594747,34.5,404137,35.9,9343,32.4,110,13.2,5710,13.2
"54007","5","44111","77","0","2010","A","","Braxton County, West Virginia","Private","New car dealers","County, NAICS 5-digit -- by ownership sector","All establishment sizes",3,115,6004347,1408216,35716,1001,52061,"",3.55,3.98,6.88,4.23,3.04,1.72,1.72,"",0,0.0,17,17.3,1537563,34.4,393378,38.8,8783,32.6,122,13.9,6365,13.9
"54007","5","441110","78","0","2010","A","","Braxton County, West Virginia","Private","New car dealers","County, NAICS 6-digit -- by ownership sector","All establishment sizes",3,115,6004347,1408216,35716,1001,52061,"",3.55,3.98,6.88,4.23,3.04,1.72,1.72,"",0,0.0,17,17.3,1537563,34.4,393378,38.8,8783,32.6,122,13.9,6365,13.9
"54007","5","44112","77","0","2010","A","","Braxton County, West Virginia","Private","Used car dealers","County, NAICS 5-digit -- by ownership sector","All establishment sizes",4,11,215146,122202,2437,365,18983,"",4.16,2.98,2.58,2.98,1.93,0.84,0.84,"",1,33.3,2,22.2,57184,36.2,10759,9.7,560,29.8,21,6.1,1101,6.2
"54007","5","441120","78","0","2010","A","","Braxton County, West Virginia","Private","Used car dealers","County, NAICS 6-digit -- by ownership sector","All establishment sizes",4,11,215146,122202,2437,365,18983,"",4.16,2.98,2.58,2.98,1.93,0.84,0.84,"",1,33.3,2,22.2,57184,36.2,10759,9.7,560,29.8,21,6.1,1101,6.2
"54007","5","4412","76","0","2010","A","N","Braxton County, West Virginia","Private","Other motor vehicle dealers","County, NAICS 4-digit -- by ownership sector","All establishment sizes",2,0,0,0,0,0,0,"N",3.22,0,0,0,0,0,0,"N",0,0.0,0,0,0,0,0,0,0,0,0,0,0,0
"54007","5","44122","77","0","2010","A","N","Braxton County, West Virginia","Private","Motorcycle, boat, and other vehicle dealers","County, NAICS 5-digit -- by ownership sector","All establishment sizes",2,0,0,0,0,0,0,"N",3.87,0,0,0,0,0,0,"N",0,0.0,0,0,0,0,0,0,0,0,0,0,0,0
"54007","5","441221","78","0","2010","A","N","Braxton County, West Virginia","Private","Motorcycle, atv, personal watercraft dealers","County, NAICS 6-digit -- by ownership sector","All establishment sizes",2,0,0,0,0,0,0,"N",8.89,0,0,0,0,0,0,"N",0,0.0,0,0,0,0,0,0,0,0,0,0,0,0
"54007","5","4413","76","0","2010","A","N","Braxton County, West Virginia","Private","Auto parts, accessories, and tire stores","County, NAICS 4-digit -- by ownership sector","All establishment sizes",7,0,0,0,0,0,0,"N",3.22,0,0,0,0,0,0,"N",0,0.0,0,0,0,0,0,0,0,0,0,0,0,0
"54007","5","44131","77","0","2010","A","","Braxton County, West Virginia","Private","Automotive parts and accessories stores","County, NAICS 5-digit -- by ownership sector","All establishment sizes",3,14,466642,171886,2876,649,33733,"",2.10,1.34,2.60,1.67,1.20,1.97,1.96,"",0,0.0,1,7.7,33289,7.7,35005,25.6,822,40.0,8,1.2,398,1.2
"54007","5","441310","78","0","2010","A","","Braxton County, West Virginia","Private","Automotive parts and accessories stores","County, NAICS 6-digit -- by ownership sector","All establishment sizes",3,14,466642,171886,2876,649,33733,"",2.10,1.34,2.60,1.67,1.20,1.97,1.96,"",0,0.0,1,7.7,33289,7.7,35005,25.6,822,40.0,8,1.2,398,1.2
"54007","5","44132","77","0","2010","A","N","Braxton County, West Virginia","Private","Tire dealers","County, NAICS 5-digit -- by ownership sector","All establishment sizes",4,0,0,0,0,0,0,"N",5.32,0,0,0,0,0,0,"N",0,0.0,0,0,0,0,0,0,0,0,0,0,0,0
"54007","5","441320","78","0","2010","A","N","Braxton County, West Virginia","Private","Tire dealers","County, NAICS 6-digit -- by ownership sector","All establishment sizes",4,0,0,0,0,0,0,"N",5.32,0,0,0,0,0,0,"N",0,0.0,0,0,0,0,0,0,0,0,0,0,0,0
"54007","5","442","75","0","2010","A","","Braxton County, West Virginia","Private","Furniture and home furnishings stores","County, NAICS 3-digit -- by ownership sector","All establishment sizes",6,22,329670,220575,5197,285,14817,"",2.83,1.57,1.25,1.61,1.21,0.79,0.79,"",1,20.0,1,4.8,39243,13.5,43432,24.5,1721,49.5,15,5.6,764,5.4
"54007","5","4421","76","0","2010","A","N","Braxton County, West Virginia","Private","Furniture stores","County, NAICS 4-digit -- by ownership sector","All establishment sizes",3,0,0,0,0,0,0,"N",3.14,0,0,0,0,0,0,"N",1,50.0,0,0,0,0,0,0,0,0,0,0,0,0
"54007","5","44211","77","0","2010","A","N","Braxton County, West Virginia","Private","Furniture stores","County, NAICS 5-digit -- by ownership sector","All establishment sizes",3,0,0,0,0,0,0,"N",3.14,0,0,0,0,0,0,"N",1,50.0,0,0,0,0,0,0,0,0,0,0,0,0
"54007","5","442110","78","0","2010","A","N","Braxton County, West Virginia","Private","Furniture stores","County, NAICS 6-digit -- by ownership sector","All establishment sizes",3,0,0,0,0,0,0,"N",3.14,0,0,0,0,0,0,"N",1,50.0,0,0,0,0,0,0,0,0,0,0,0,0
"54007","5","4422","76","0","2010","A","N","Braxton County, West Virginia","Private","Home furnishings stores","County, NAICS 4-digit -- by ownership sector","All establishment sizes",3,0,0,0,0,0,0,"N",2.58,0,0,0,0,0,0,"N",0,0.0,0,0,0,0,0,0,0,0,0,0,0,0
"54007","5","44221","77","0","2010","A","N","Braxton County, West Virginia","Private","Floor covering stores","County, NAICS 5-digit -- by ownership sector","All establishment sizes",1,0,0,0,0,0,0,"N",2.02,0,0,0,0,0,0,"N",0,0.0,0,0,0,0,0,0,0,0,0,0,0,0
"54007","5","442210","78","0","2010","A","N","Braxton County, West Virginia","Private","Floor covering stores","County, NAICS 6-digit -- by ownership sector","All establishment sizes",1,0,0,0,0,0,0,"N",2.02,0,0,0,0,0,0,"N",0,0.0,0,0,0,0,0,0,0,0,0,0,0,0
"54007","5","44229","77","0","2010","A","N","Braxton County, West Virginia","Private","Other home furnishings stores","County, NAICS 5-digit -- by ownership sector","All establishment sizes",2,0,0,0,0,0,0,"N",2.99,0,0,0,0,0,0,"N",0,0.0,0,0,0,0,0,0,0,0,0,0,0,0
"54007","5","442299","78","0","2010","A","N","Braxton County, West Virginia","Private","All other home furnishings stores","County, NAICS 6-digit -- by ownership sector","All establishment sizes",2,0,0,0,0,0,0,"N",3.54,0,0,0,0,0,0,"N",0,0.0,0,0,0,0,0,0,0,0,0,0,0,0
"54007","5","444","75","0","2010","A","","Braxton County, West Virginia","Private","Building material and garden supply stores","County, NAICS 3-digit -- by ownership sector","All establishment sizes",6,47,1123503,620223,11826,456,23736,"",2.01,1.28,1.63,1.65,1.09,1.27,1.27,"",0,0.0,-1,-2.1,48632,4.5,63687,11.4,1605,15.7,27,6.3,1420,6.4
"54007","5","4441","76","0","2010","A","","Braxton County, West Virginia","Private","Building material and supplies dealers","County, NAICS 4-digit -- by ownership sector","All establishment sizes",6,47,1123503,620223,11826,456,23736,"",2.58,1.44,1.82,1.86,1.26,1.25,1.25,"",0,0.0,-1,-2.1,48632,4.5,63687,11.4,1605,15.7,27,6.3,1420,6.4
"54007","5","44411","77","0","2010","A","N","Braxton County, West Virginia","Private","Home centers","County, NAICS 5-digit -- by ownership sector","All establishment sizes",1,0,0,0,0,0,0,"N",2.32,0,0,0,0,0,0,"N",0,0.0,0,0,0,0,0,0,0,0,0,0,0,0
"54007","5","444110","78","0","2010","A","N","Braxton County, West Virginia","Private","Home centers","County, NAICS 6-digit -- by ownership sector","All establishment sizes",1,0,0,0,0,0,0,"N",2.32,0,0,0,0,0,0,"N",0,0.0,0,0,0,0,0,0,0,0,0,0,0,0
"54007","5","44413","77","0","2010","A","","Braxton County, West Virginia","Private","Hardware stores","County, NAICS 5-digit -- by ownership sector","All establishment sizes",4,31,510501,377296,6725,322,16738,"",6.43,6.82,7.22,8.85,7.05,1.08,1.08,"",0,0.0,0,0.0,38743,8.2,21895,6.2,452,7.2,29,9.9,1520,10.0
"54007","5","444130","78","0","2010","A","","Braxton County, West Virginia","Private","Hardware stores","County, NAICS 6-digit -- by ownership sector","All establishment sizes",4,31,510501,377296,6725,322,16738,"",6.43,6.82,7.22,8.85,7.05,1.08,1.08,"",0,0.0,0,0.0,38743,8.2,21895,6.2,452,7.2,29,9.9,1520,10.0
"54007","5","44419","77","0","2010","A","N","Braxton County, West Virginia","Private","Other building material dealers","County, NAICS 5-digit -- by ownership sector","All establishment sizes",1,0,0,0,0,0,0,"N",0.98,0,0,0,0,0,0,"N",0,0.0,0,0,0,0,0,0,0,0,0,0,0,0
"54007","5","444190","78","0","2010","A","N","Braxton County, West Virginia","Private","Other building material dealers","County, NAICS 6-digit -- by ownership sector","All establishment sizes",1,0,0,0,0,0,0,"N",0.98,0,0,0,0,0,0,"N",0,0.0,0,0,0,0,0,0,0,0,0,0,0,0
"54007","5","445","75","0","2010","A","","Braxton County, West Virginia","Private","Food and beverage stores","County, NAICS 3-digit -- by ownership sector","All establishment sizes",8,134,2919070,1544942,23952,418,21744,"",1.41,1.48,2.33,1.98,1.57,1.57,1.57,"",0,0.0,3,2.3,36742,1.3,15617,1.0,102,0.4,-5,-1.2,-231,-1.1
"54007","5","4451","76","0","2010","A","N","Braxton County, West Virginia","Private","Grocery stores","County, NAICS 4-digit -- by ownership sector","All establishment sizes",6,0,0,0,0,0,0,"N",1.72,0,0,0,0,0,0,"N",0,0.0,0,0,0,0,0,0,0,0,0,0,0,0
"54007","5","44511","77","0","2010","A","","Braxton County, West Virginia","Private","Supermarkets and other grocery stores","County, NAICS 5-digit -- by ownership sector","All establishment sizes",4,130,2869075,1505951,22745,425,22098,"",1.65,1.74,2.75,2.35,1.94,1.59,1.58,"",0,0.0,4,3.2,48693,1.7,24097,1.6,518,2.3,-6,-1.4,-301,-1.3
"54007","5","445110","78","0","2010","A","","Braxton County, West Virginia","Private","Supermarkets and other grocery stores","County, NAICS 6-digit -- by ownership sector","All establishment sizes",4,130,2869075,1505951,22745,425,22098,"",1.65,1.74,2.75,2.35,1.94,1.59,1.58,"",0,0.0,4,3.2,48693,1.7,24097,1.6,518,2.3,-6,-1.4,-301,-1.3
"54007","5","44512","77","0","2010","A","N","Braxton County, West Virginia","Private","Convenience stores","County, NAICS 5-digit -- by ownership sector","All establishment sizes",2,0,0,0,0,0,0,"N",1.86,0,0,0,0,0,0,"N",0,0.0,0,0,0,0,0,0,0,0,0,0,0,0
"54007","5","445120","78","0","2010","A","N","Braxton County, West Virginia","Private","Convenience stores","County, NAICS 6-digit -- by ownership sector","All establishment sizes",2,0,0,0,0,0,0,"N",1.86,0,0,0,0,0,0,"N",0,0.0,0,0,0,0,0,0,0,0,0,0,0,0
"54007","5","4453","76","0","2010","A","N","Braxton County, West Virginia","Private","Beer, wine, and liquor stores","County, NAICS 4-digit -- by ownership sector","All establishment sizes",2,0,0,0,0,0,0,"N",1.81,0,0,0,0,0,0,"N",0,0.0,0,0,0,0,0,0,0,0,0,0,0,0
"54007","5","44531","77","0","2010","A","N","Braxton County, West Virginia","Private","Beer, wine, and liquor stores","County, NAICS 5-digit -- by ownership sector","All establishment sizes",2,0,0,0,0,0,0,"N",1.81,0,0,0,0,0,0,"N",0,0.0,0,0,0,0,0,0,0,0,0,0,0,0
"54007","5","445310","78","0","2010","A","N","Braxton County, West Virginia","Private","Beer, wine, and liquor stores","County, NAICS 6-digit -- by ownership sector","All establishment sizes",2,0,0,0,0,0,0,"N",1.81,0,0,0,0,0,0,"N",0,0.0,0,0,0,0,0,0,0,0,0,0,0,0
"54007","5","446","75","0","2010","A","","Braxton County, West Virginia","Private","Health and personal care stores","County, NAICS 3-digit -- by ownership sector","All establishment sizes",4,39,1291524,465762,7050,634,32975,"",1.02,1.24,1.90,1.60,1.08,1.53,1.53,"",0,0.0,-2,-4.9,14782,1.2,3937,0.9,120,1.7,34,5.7,1772,5.7
"54007","5","4461","76","0","2010","A","","Braxton County, West Virginia","Private","Health and personal care stores","County, NAICS 4-digit -- by ownership sector","All establishment sizes",4,39,1291524,465762,7050,634,32975,"",1.02,1.24,1.90,1.60,1.08,1.53,1.53,"",0,0.0,-2,-4.9,14782,1.2,3937,0.9,120,1.7,34,5.7,1772,5.7
"54007","5","44611","77","0","2010","A","","Braxton County, West Virginia","Private","Pharmacies and drug stores","County, NAICS 5-digit -- by ownership sector","All establishment sizes",4,39,1291524,465762,7050,634,32975,"",1.82,1.71,2.51,2.19,1.59,1.47,1.46,"",0,0.0,-2,-4.9,14782,1.2,3937,0.9,120,1.7,34,5.7,1772,5.7
"54007","5","446110","78","0","2010","A","","Braxton County, West Virginia","Private","Pharmacies and drug stores","County, NAICS 6-digit -- by ownership sector","All establishment sizes",4,39,1291524,465762,7050,634,32975,"",1.82,1.71,2.51,2.19,1.59,1.47,1.46,"",0,0.0,-2,-4.9,14782,1.2,3937,0.9,120,1.7,34,5.7,1772,5.7
"54007","5","447","75","0","2010","A","","Braxton County, West Virginia","Private","Gasoline stations","County, NAICS 3-digit -- by ownership sector","All establishment sizes",17,154,2739113,1674727,27336,342,17767,"",4.07,5.86,8.93,7.22,5.30,1.53,1.52,"",4,30.8,11,7.7,209297,8.3,101760,6.5,2860,11.7,2,0.6,86,0.5
"54007","5","4471","76","0","2010","A","","Braxton County, West Virginia","Private","Gasoline stations","County, NAICS 4-digit -- by ownership sector","All establishment sizes",17,154,2739113,1674727,27336,342,17767,"",4.07,5.86,8.93,7.22,5.30,1.53,1.52,"",4,30.8,11,7.7,209297,8.3,101760,6.5,2860,11.7,2,0.6,86,0.5
"54007","5","44711","77","0","2010","A","N","Braxton County, West Virginia","Private","Gasoline stations with convenience stores","County, NAICS 5-digit -- by ownership sector","All establishment sizes",16,0,0,0,0,0,0,"N",4.38,0,0,0,0,0,0,"N",4,33.3,0,0,0,0,0,0,0,0,0,0,0,0
"54007","5","447110","78","0","2010","A","N","Braxton County, West Virginia","Private","Gasoline stations with convenience stores","County, NAICS 6-digit -- by ownership sector","All establishment sizes",16,0,0,0,0,0,0,"N",4.38,0,0,0,0,0,0,"N",4,33.3,0,0,0,0,0,0,0,0,0,0,0,0
"54007","5","44719","77","0","2010","A","N","Braxton County, West Virginia","Private","Other gasoline stations","County, NAICS 5-digit -- by ownership sector","All establishment sizes",1,0,0,0,0,0,0,"N",1.90,0,0,0,0,0,0,"N",0,0.0,0,0,0,0,0,0,0,0,0,0,0,0
"54007","5","447190","78","0","2010","A","N","Braxton County, West Virginia","Private","Other gasoline stations","County, NAICS 6-digit -- by ownership sector","All establishment sizes",1,0,0,0,0,0,0,"N",1.90,0,0,0,0,0,0,"N",0,0.0,0,0,0,0,0,0,0,0,0,0,0,0
"54007","5","448","75","0","2010","A","","Braxton County, West Virginia","Private","Clothing and clothing accessories stores","County, NAICS 3-digit -- by ownership sector","All establishment sizes",7,57,954373,516773,13906,320,16622,"",1.34,1.29,1.85,1.55,1.56,1.43,1.43,"",0,0.0,0,0.0,-7213,-0.8,-25514,-4.7,-933,-6.3,-6,-1.8,-347,-2.0
"54007","5","4481","76","0","2010","A","","Braxton County, West Virginia","Private","Clothing stores","County, NAICS 4-digit -- by ownership sector","All establishment sizes",5,43,635124,386972,11959,283,14742,"",1.48,1.26,1.76,1.57,1.82,1.40,1.40,"",0,0.0,1,2.4,-14887,-2.3,-13188,-3.3,684,6.1,-13,-4.4,-643,-4.2
"54007","5","44812","77","0","2010","A","N","Braxton County, West Virginia","Private","Women's clothing stores","County, NAICS 5-digit -- by ownership sector","All establishment sizes",2,0,0,0,0,0,0,"N",1.87,0,0,0,0,0,0,"N",-1,-33.3,0,0,0,0,0,0,0,0,0,0,0,0
"54007","5","448120","78","0","2010","A","N","Braxton County, West Virginia","Private","Women's clothing stores","County, NAICS 6-digit -- by ownership sector","All establishment sizes",2,0,0,0,0,0,0,"N",1.87,0,0,0,0,0,0,"N",-1,-33.3,0,0,0,0,0,0,0,0,0,0,0,0
"54007","5","44814","77","0","2010","A","N","Braxton County, West Virginia","Private","Family clothing stores","County, NAICS 5-digit -- by ownership sector","All establishment sizes",2,0,0,0,0,0,0,"N",2.08,0,0,0,0,0,0,"N",1,100.0,0,0,0,0,0,0,0,0,0,0,0,0
"54007","5","448140","78","0","2010","A","N","Braxton County, West Virginia","Private","Family clothing stores","County, NAICS 6-digit -- by ownership sector","All establishment sizes",2,0,0,0,0,0,0,"N",2.08,0,0,0,0,0,0,"N",1,100.0,0,0,0,0,0,0,0,0,0,0,0,0
"54007","5","44815","77","0","2010","A","N","Braxton County, West Virginia","Private","Clothing accessories stores","County, NAICS 5-digit -- by ownership sector","All establishment sizes",1,0,0,0,0,0,0,"N",3.00,0,0,0,0,0,0,"N",0,0.0,0,0,0,0,0,0,0,0,0,0,0,0
"54007","5","448150","78","0","2010","A","N","Braxton County, West Virginia","Private","Clothing accessories stores","County, NAICS 6-digit -- by ownership sector","All establishment sizes",1,0,0,0,0,0,0,"N",3.00,0,0,0,0,0,0,"N",0,0.0,0,0,0,0,0,0,0,0,0,0,0,0
"54007","5","4482","76","0","2010","A","N","Braxton County, West Virginia","Private","Shoe stores","County, NAICS 4-digit -- by ownership sector","All establishment sizes",1,0,0,0,0,0,0,"N",1.13,0,0,0,0,0,0,"N",0,0.0,0,0,0,0,0,0,0,0,0,0,0,0
"54007","5","44821","77","0","2010","A","N","Braxton County, West Virginia","Private","Shoe stores","County, NAICS 5-digit -- by ownership sector","All establishment sizes",1,0,0,0,0,0,0,"N",1.13,0,0,0,0,0,0,"N",0,0.0,0,0,0,0,0,0,0,0,0,0,0,0
"54007","5","448210","78","0","2010","A","N","Braxton County, West Virginia","Private","Shoe stores","County, NAICS 6-digit -- by ownership sector","All establishment sizes",1,0,0,0,0,0,0,"N",1.13,0,0,0,0,0,0,"N",0,0.0,0,0,0,0,0,0,0,0,0,0,0,0
"54007","5","4483","76","0","2010","A","N","Braxton County, West Virginia","Private","Jewelry, luggage, and leather goods stores","County, NAICS 4-digit -- by ownership sector","All establishment sizes",1,0,0,0,0,0,0,"N",1.03,0,0,0,0,0,0,"N",0,0.0,0,0,0,0,0,0,0,0,0,0,0,0
"54007","5","44832","77","0","2010","A","N","Braxton County, West Virginia","Private","Luggage and leather goods stores","County, NAICS 5-digit -- by ownership sector","All establishment sizes",1,0,0,0,0,0,0,"N",18.19,0,0,0,0,0,0,"N",0,0.0,0,0,0,0,0,0,0,0,0,0,0,0
"54007","5","448320","78","0","2010","A","N","Braxton County, West Virginia","Private","Luggage and leather goods stores","County, NAICS 6-digit -- by ownership sector","All establishment sizes",1,0,0,0,0,0,0,"N",18.19,0,0,0,0,0,0,"N",0,0.0,0,0,0,0,0,0,0,0,0,0,0,0
"54007","5","451","75","0","2010","A","","Braxton County, West Virginia","Private","Sporting goods, hobby, book and music stores","County, NAICS 3-digit -- by ownership sector","All establishment sizes",4,16,298438,162840,4305,362,18849,"",1.71,0.82,1.32,1.04,1.17,1.62,1.62,"N",0,0.0,0,0,0,0,0,0,0,0,0,0,0,0
"54007","5","4511","76","0","2010","A","N","Braxton County, West Virginia","Private","Sporting goods and musical instrument stores","County, NAICS 4-digit -- by ownership sector","All establishment sizes",3,0,0,0,0,0,0,"N",1.68,0,0,0,0,0,0,"N",0,0.0,0,0,0,0,0,0,0,0,0,0,0,0
"54007","5","45111","77","0","2010","A","N","Braxton County, West Virginia","Private","Sporting goods stores","County, NAICS 5-digit -- by ownership sector","All establishment sizes",3,0,0,0,0,0,0,"N",3.22,0,0,0,0,0,0,"N",0,0.0,0,0,0,0,0,0,0,0,0,0,0,0
"54007","5","451110","78","0","2010","A","N","Braxton County, West Virginia","Private","Sporting goods stores","County, NAICS 6-digit -- by ownership sector","All establishment sizes",3,0,0,0,0,0,0,"N",3.22,0,0,0,0,0,0,"N",0,0.0,0,0,0,0,0,0,0,0,0,0,0,0
"54007","5","4512","76","0","2010","A","N","Braxton County, West Virginia","Private","Book, periodical, and music stores","County, NAICS 4-digit -- by ownership sector","All establishment sizes",1,0,0,0,0,0,0,"N",1.82,0,0,0,0,0,0,"N",0,0.0,0,0,0,0,0,0,0,0,0,0,0,0
"54007","5","45121","77","0","2010","A","N","Braxton County, West Virginia","Private","Book stores and news dealers","County, NAICS 5-digit -- by ownership sector","All establishment sizes",1,0,0,0,0,0,0,"N",2.39,0,0,0,0,0,0,"N",0,0.0,0,0,0,0,0,0,0,0,0,0,0,0
"54007","5","451211","78","0","2010","A","N","Braxton County, West Virginia","Private","Book stores","County, NAICS 6-digit -- by ownership sector","All establishment sizes",1,0,0,0,0,0,0,"N",2.73,0,0,0,0,0,0,"N",0,0.0,0,0,0,0,0,0,0,0,0,0,0,0
"54007","5","452","75","0","2010","A","","Braxton County, West Virginia","Private","General merchandise stores","County, NAICS 3-digit -- by ownership sector","All establishment sizes",4,25,405153,284091,4979,316,16425,"",1.90,0.26,0.32,0.34,0.27,1.24,1.24,"",0,0.0,0,0.0,15235,3.9,8095,2.9,-332,-6.3,20,6.8,1033,6.7
"54007","5","4521","76","0","2010","A","N","Braxton County, West Virginia","Private","Department stores","County, NAICS 4-digit -- by ownership sector","All establishment sizes",1,0,0,0,0,0,0,"N",1.90,0,0,0,0,0,0,"N",0,0.0,0,0,0,0,0,0,0,0,0,0,0,0
"54007","5","45211","77","0","2010","A","N","Braxton County, West Virginia","Private","Department stores","County, NAICS 5-digit -- by ownership sector","All establishment sizes",1,0,0,0,0,0,0,"N",1.90,0,0,0,0,0,0,"N",0,0.0,0,0,0,0,0,0,0,0,0,0,0,0
"54007","5","452112","78","0","2010","A","N","Braxton County, West Virginia","Private","Discount department stores","County, NAICS 6-digit -- by ownership sector","All establishment sizes",1,0,0,0,0,0,0,"N",3.01,0,0,0,0,0,0,"N",0,0.0,0,0,0,0,0,0,0,0,0,0,0,0
"54007","5","4529","76","0","2010","A","N","Braxton County, West Virginia","Private","Other general merchandise stores","County, NAICS 4-digit -- by ownership sector","All establishment sizes",3,0,0,0,0,0,0,"N",1.89,0,0,0,0,0,0,"N",0,0.0,0,0,0,0,0,0,0,0,0,0,0,0
"54007","5","45299","77","0","2010","A","N","Braxton County, West Virginia","Private","All other general merchandise stores","County, NAICS 5-digit -- by ownership sector","All establishment sizes",3,0,0,0,0,0,0,"N",2.15,0,0,0,0,0,0,"N",0,0.0,0,0,0,0,0,0,0,0,0,0,0,0
"54007","5","452990","78","0","2010","A","N","Braxton County, West Virginia","Private","All other general merchandise stores","County, NAICS 6-digit -- by ownership sector","All establishment sizes",3,0,0,0,0,0,0,"N",2.15,0,0,0,0,0,0,"N",0,0.0,0,0,0,0,0,0,0,0,0,0,0,0
"54007","5","453","75","0","2010","A","N","Braxton County, West Virginia","Private","Miscellaneous store retailers","County, NAICS 3-digit -- by ownership sector","All establishment sizes",8,0,0,0,0,0,0,"N",1.73,0,0,0,0,0,0,"N",0,0.0,0,0,0,0,0,0,0,0,0,0,0,0
"54007","5","4531","76","0","2010","A","","Braxton County, West Virginia","Private","Florists","County, NAICS 4-digit -- by ownership sector","All establishment sizes",3,4,52180,42269,634,227,11814,"",4.52,1.85,2.24,2.39,1.61,1.10,1.10,"",0,0.0,-1,-20.0,-13036,-20.0,-5346,-11.2,-79,-11.1,-8,-3.4,-414,-3.4
"54007","5","45311","77","0","2010","A","","Braxton County, West Virginia","Private","Florists","County, NAICS 5-digit -- by ownership sector","All establishment sizes",3,4,52180,42269,634,227,11814,"",4.52,1.85,2.24,2.39,1.61,1.10,1.10,"",0,0.0,-1,-20.0,-13036,-20.0,-5346,-11.2,-79,-11.1,-8,-3.4,-414,-3.4
"54007","5","453110","78","0","2010","A","","Braxton County, West Virginia","Private","Florists","County, NAICS 6-digit -- by ownership sector","All establishment sizes",3,4,52180,42269,634,227,11814,"",4.52,1.85,2.24,2.39,1.61,1.10,1.10,"",0,0.0,-1,-20.0,-13036,-20.0,-5346,-11.2,-79,-11.1,-8,-3.4,-414,-3.4
"54007","5","4532","76","0","2010","A","N","Braxton County, West Virginia","Private","Office supplies, stationery, and gift stores","County, NAICS 4-digit -- by ownership sector","All establishment sizes",2,0,0,0,0,0,0,"N",1.35,0,0,0,0,0,0,"N",0,0.0,0,0,0,0,0,0,0,0,0,0,0,0
"54007","5","45322","77","0","2010","A","N","Braxton County, West Virginia","Private","Gift, novelty, and souvenir stores","County, NAICS 5-digit -- by ownership sector","All establishment sizes",2,0,0,0,0,0,0,"N",1.93,0,0,0,0,0,0,"N",0,0.0,0,0,0,0,0,0,0,0,0,0,0,0
"54007","5","453220","78","0","2010","A","N","Braxton County, West Virginia","Private","Gift, novelty, and souvenir stores","County, NAICS 6-digit -- by ownership sector","All establishment sizes",2,0,0,0,0,0,0,"N",1.93,0,0,0,0,0,0,"N",0,0.0,0,0,0,0,0,0,0,0,0,0,0,0
"54007","5","4539","76","0","2010","A","","Braxton County, West Virginia","Private","Other miscellaneous store retailers","County, NAICS 4-digit -- by ownership sector","All establishment sizes",3,5,46201,45437,1017,187,9727,"",1.64,0.58,0.32,0.56,0.44,0.59,0.59,"N",0,0.0,0,0,0,0,0,0,0,0,0,0,0,0
"54007","5","45391","77","0","2010","A","N","Braxton County, West Virginia","Private","Pet and pet supplies stores","County, NAICS 5-digit -- by ownership sector","All establishment sizes",1,0,0,0,0,0,0,"N",2.85,0,0,0,0,0,0,"N",0,0.0,0,0,0,0,0,0,0,0,0,0,0,0
"54007","5","453910","78","0","2010","A","N","Braxton County, West Virginia","Private","Pet and pet supplies stores","County, NAICS 6-digit -- by ownership sector","All establishment sizes",1,0,0,0,0,0,0,"N",2.85,0,0,0,0,0,0,"N",0,0.0,0,0,0,0,0,0,0,0,0,0,0,0
"54007","5","45399","77","0","2010","A","N","Braxton County, West Virginia","Private","All other miscellaneous store retailers","County, NAICS 5-digit -- by ownership sector","All establishment sizes",2,0,0,0,0,0,0,"N",1.77,0,0,0,0,0,0,"N",0,0.0,0,0,0,0,0,0,0,0,0,0,0,0
"54007","5","453998","78","0","2010","A","N","Braxton County, West Virginia","Private","Store retailers not specified elsewhere","County, NAICS 6-digit -- by ownership sector","All establishment sizes",2,0,0,0,0,0,0,"N",2.22,0,0,0,0,0,0,"N",0,0.0,0,0,0,0,0,0,0,0,0,0,0,0
"54007","5","454","75","0","2010","A","N","Braxton County, West Virginia","Private","Nonstore retailers","County, NAICS 3-digit -- by ownership sector","All establishment sizes",1,0,0,0,0,0,0,"N",0.65,0,0,0,0,0,0,"N",0,0.0,0,0,0,0,0,0,0,0,0,0,0,0
"54007","5","4542","76","0","2010","A","N","Braxton County, West Virginia","Private","Vending machine operators","County, NAICS 4-digit -- by ownership sector","All establishment sizes",1,0,0,0,0,0,0,"N",5.28,0,0,0,0,0,0,"N",0,0.0,0,0,0,0,0,0,0,0,0,0,0,0
"54007","5","45421","77","0","2010","A","N","Braxton County, West Virginia","Private","Vending machine operators","County, NAICS 5-digit -- by ownership sector","All establishment sizes",1,0,0,0,0,0,0,"N",5.28,0,0,0,0,0,0,"N",0,0.0,0,0,0,0,0,0,0,0,0,0,0,0
"54007","5","454210","78","0","2010","A","N","Braxton County, West Virginia","Private","Vending machine operators","County, NAICS 6-digit -- by ownership sector","All establishment sizes",1,0,0,0,0,0,0,"N",5.28,0,0,0,0,0,0,"N",0,0.0,0,0,0,0,0,0,0,0,0,0,0,0
"54007","5","48-49","74","0","2010","A","","Braxton County, West Virginia","Private","Transportation and warehousing","County, NAICS Sector -- by ownership sector","All establishment sizes",9,49,2125005,717717,26644,827,43002,"",1.04,0.39,0.61,0.49,0.58,1.57,1.57,"",-4,-30.8,-21,-30.0,-449525,-17.5,-186223,-20.6,-15707,-37.1,118,16.6,6135,16.6
"54007","5","484","75","0","2010","A","N","Braxton County, West Virginia","Private","Truck transportation","County, NAICS 3-digit -- by ownership sector","All establishment sizes",8,0,0,0,0,0,0,"N",1.80,0,0,0,0,0,0,"N",-4,-33.3,0,0,0,0,0,0,0,0,0,0,0,0
"54007","5","4841","76","0","2010","A","N","Braxton County, West Virginia","Private","General freight trucking","County, NAICS 4-digit -- by ownership sector","All establishment sizes",3,0,0,0,0,0,0,"N",1.14,0,0,0,0,0,0,"N",-1,-25.0,0,0,0,0,0,0,0,0,0,0,0,0
"54007","5","48411","77","0","2010","A","N","Braxton County, West Virginia","Private","General freight trucking, local","County, NAICS 5-digit -- by ownership sector","All establishment sizes",3,0,0,0,0,0,0,"N",2.66,0,0,0,0,0,0,"N",0,0.0,0,0,0,0,0,0,0,0,0,0,0,0
"54007","5","484110","78","0","2010","A","N","Braxton County, West Virginia","Private","General freight trucking, local","County, NAICS 6-digit -- by ownership sector","All establishment sizes",3,0,0,0,0,0,0,"N",2.66,0,0,0,0,0,0,"N",0,0.0,0,0,0,0,0,0,0,0,0,0,0,0
"54007","5","4842","76","0","2010","A","","Braxton County, West Virginia","Private","Specialized freight trucking","County, NAICS 4-digit -- by ownership sector","All establishment sizes",5,39,1678429,589385,23518,831,43221,"",2.78,3.19,5.45,3.91,4.34,1.72,1.72,"",-3,-37.5,-16,-29.1,-177892,-9.6,-112129,-16.0,-13646,-36.7,187,29.0,9723,29.0
"54007","5","48422","77","0","2010","A","","Braxton County, West Virginia","Private","Other specialized trucking, local","County, NAICS 5-digit -- by ownership sector","All establishment sizes",5,39,1678429,589385,23518,831,43221,"",4.37,6.42,11.00,7.71,7.66,1.72,1.72,"",-3,-37.5,-16,-29.1,-177892,-9.6,-112129,-16.0,-13646,-36.7,187,29.0,9723,29.0
"54007","5","484220","78","0","2010","A","","Braxton County, West Virginia","Private","Other specialized trucking, local","County, NAICS 6-digit -- by ownership sector","All establishment sizes",5,39,1678429,589385,23518,831,43221,"",4.37,6.42,11.00,7.71,7.66,1.72,1.72,"",-3,-37.5,-16,-29.1,-177892,-9.6,-112129,-16.0,-13646,-36.7,187,29.0,9723,29.0
"54007","5","486","75","0","2010","A","N","Braxton County, West Virginia","Private","Pipeline transportation","County, NAICS 3-digit -- by ownership sector","All establishment sizes",1,0,0,0,0,0,0,"N",9.74,0,0,0,0,0,0,"N",0,0.0,0,0,0,0,0,0,0,0,0,0,0,0
"54007","5","4862","76","0","2010","A","N","Braxton County, West Virginia","Private","Pipeline transportation of natural gas","County, NAICS 4-digit -- by ownership sector","All establishment sizes",1,0,0,0,0,0,0,"N",15.85,0,0,0,0,0,0,"N",0,0.0,0,0,0,0,0,0,0,0,0,0,0,0
"54007","5","48621","77","0","2010","A","N","Braxton County, West Virginia","Private","Pipeline transportation of natural gas","County, NAICS 5-digit -- by ownership sector","All establishment sizes",1,0,0,0,0,0,0,"N",15.85,0,0,0,0,0,0,"N",0,0.0,0,0,0,0,0,0,0,0,0,0,0,0
"54007","5","486210","78","0","2010","A","N","Braxton County, West Virginia","Private","Pipeline transportation of natural gas","County, NAICS 6-digit -- by ownership sector","All establishment sizes",1,0,0,0,0,0,0,"N",15.85,0,0,0,0,0,0,"N",0,0.0,0,0,0,0,0,0,0,0,0,0,0,0
"54007","5","51","74","0","2010","A","","Braxton County, West Virginia","Private","Information","County, NAICS Sector -- by ownership sector","All establishment sizes",7,31,1378848,403111,7073,858,44599,"",1.21,0.36,0.34,0.40,0.20,0.97,0.97,"",1,16.7,2,6.9,301323,28.0,88093,28.0,1906,36.9,133,18.3,6901,18.3
"54007","5","511","75","0","2010","A","N","Braxton County, West Virginia","Private","Publishing industries, except internet","County, NAICS 3-digit -- by ownership sector","All establishment sizes",2,0,0,0,0,0,0,"N",1.44,0,0,0,0,0,0,"N",0,0.0,0,0,0,0,0,0,0,0,0,0,0,0
"54007","5","5111","76","0","2010","A","N","Braxton County, West Virginia","Private","Newspaper, book, and directory publishers","County, NAICS 4-digit -- by ownership sector","All establishment sizes",2,0,0,0,0,0,0,"N",2.07,0,0,0,0,0,0,"N",0,0.0,0,0,0,0,0,0,0,0,0,0,0,0
"54007","5","51111","77","0","2010","A","N","Braxton County, West Virginia","Private","Newspaper publishers","County, NAICS 5-digit -- by ownership sector","All establishment sizes",2,0,0,0,0,0,0,"N",5.84,0,0,0,0,0,0,"N",0,0.0,0,0,0,0,0,0,0,0,0,0,0,0
"54007","5","511110","78","0","2010","A","N","Braxton County, West Virginia","Private","Newspaper publishers","County, NAICS 6-digit -- by ownership sector","All establishment sizes",2,0,0,0,0,0,0,"N",5.84,0,0,0,0,0,0,"N",0,0.0,0,0,0,0,0,0,0,0,0,0,0,0
"54007","5","515","75","0","2010","A","","Braxton County, West Virginia","Private","Broadcasting, except internet","County, NAICS 3-digit -- by ownership sector","All establishment sizes",3,13,309647,123293,2876,458,23819,"",7.56,1.38,0.75,1.32,0.90,0.55,0.55,"N",0,0.0,0,0,0,0,0,0,0,0,0,0,0,0
"54007","5","5151","76","0","2010","A","","Braxton County, West Virginia","Private","Radio and television broadcasting","County, NAICS 4-digit -- by ownership sector","All establishment sizes",3,13,309647,123293,2876,458,23819,"",9.09,1.93,1.12,1.87,1.29,0.58,0.58,"N",0,0.0,0,0,0,0,0,0,0,0,0,0,0,0
"54007","5","51511","77","0","2010","A","","Braxton County, West Virginia","Private","Radio broadcasting","County, NAICS 5-digit -- by ownership sector","All establishment sizes",3,13,309647,123293,2876,458,23819,"",13.22,4.36,3.28,4.28,2.75,0.75,0.75,"N",0,0.0,0,0,0,0,0,0,0,0,0,0,0,0
"54007","5","515112","78","0","2010","A","","Braxton County, West Virginia","Private","Radio stations","County, NAICS 6-digit -- by ownership sector","All establishment sizes",3,13,309647,123293,2876,458,23819,"",17.49,5.59,4.38,5.49,3.53,0.78,0.78,"N",0,0.0,0,0,0,0,0,0,0,0,0,0,0,0
"54007","5","517","75","0","2010","A","N","Braxton County, West Virginia","Private","Telecommunications","County, NAICS 3-digit -- by ownership sector","All establishment sizes",2,0,0,0,0,0,0,"N",1.09,0,0,0,0,0,0,"N",1,100.0,0,0,0,0,0,0,0,0,0,0,0,0
"54007","5","5171","76","0","2010","A","N","Braxton County, West Virginia","Private","Wired telecommunications carriers","County, NAICS 4-digit -- by ownership sector","All establishment sizes",2,0,0,0,0,0,0,"N",1.84,0,0,0,0,0,0,"N",1,100.0,0,0,0,0,0,0,0,0,0,0,0,0
"54007","5","51711","77","0","2010","A","N","Braxton County, West Virginia","Private","Wired telecommunications carriers","County, NAICS 5-digit -- by ownership sector","All establishment sizes",2,0,0,0,0,0,0,"N",1.84,0,0,0,0,0,0,"N",1,100.0,0,0,0,0,0,0,0,0,0,0,0,0
"54007","5","517110","78","0","2010","A","N","Braxton County, West Virginia","Private","Wired telecommunications carriers","County, NAICS 6-digit -- by ownership sector","All establishment sizes",2,0,0,0,0,0,0,"N",1.84,0,0,0,0,0,0,"N",1,100.0,0,0,0,0,0,0,0,0,0,0,0,0
"54007","5","52","74","0","2010","A","","Braxton County, West Virginia","Private","Finance and insurance","County, NAICS Sector -- by ownership sector","All establishment sizes",14,92,2895128,1095308,20612,605,31469,"",0.75,0.52,0.31,0.54,0.34,0.60,0.60,"",-1,-6.7,3,3.4,139781,5.1,77153,7.6,2224,12.1,9,1.5,481,1.6
"54007","5","522","75","0","2010","A","N","Braxton County, West Virginia","Private","Credit intermediation and related activities","County, NAICS 3-digit -- by ownership sector","All establishment sizes",7,0,0,0,0,0,0,"N",0.94,0,0,0,0,0,0,"N",0,0.0,0,0,0,0,0,0,0,0,0,0,0,0
"54007","5","5221","76","0","2010","A","N","Braxton County, West Virginia","Private","Depository credit intermediation","County, NAICS 4-digit -- by ownership sector","All establishment sizes",7,0,0,0,0,0,0,"N",1.60,0,0,0,0,0,0,"N",0,0.0,0,0,0,0,0,0,0,0,0,0,0,0
"54007","5","52211","77","0","2010","A","N","Braxton County, West Virginia","Private","Commercial banking","County, NAICS 5-digit -- by ownership sector","All establishment sizes",7,0,0,0,0,0,0,"N",2.19,0,0,0,0,0,0,"N",0,0.0,0,0,0,0,0,0,0,0,0,0,0,0
"54007","5","522110","78","0","2010","A","N","Braxton County, West Virginia","Private","Commercial banking","County, NAICS 6-digit -- by ownership sector","All establishment sizes",7,0,0,0,0,0,0,"N",2.19,0,0,0,0,0,0,"N",0,0.0,0,0,0,0,0,0,0,0,0,0,0,0
"54007","5","523","75","0","2010","A","N","Braxton County, West Virginia","Private","Securities, commodity contracts, investments","County, NAICS 3-digit -- by ownership sector","All establishment sizes",1,0,0,0,0,0,0,"N",0.27,0,0,0,0,0,0,"N",0,0.0,0,0,0,0,0,0,0,0,0,0,0,0
"54007","5","5239","76","0","2010","A","N","Braxton County, West Virginia","Private","Other financial investment activities","County, NAICS 4-digit -- by ownership sector","All establishment sizes",1,0,0,0,0,0,0,"N",0.44,0,0,0,0,0,0,"N",0,0.0,0,0,0,0,0,0,0,0,0,0,0,0
"54007","5","52391","77","0","2010","A","N","Braxton County, West Virginia","Private","Miscellaneous intermediation","County, NAICS 5-digit -- by ownership sector","All establishment sizes",1,0,0,0,0,0,0,"N",4.21,0,0,0,0,0,0,"N",0,0.0,0,0,0,0,0,0,0,0,0,0,0,0
"54007","5","523910","78","0","2010","A","N","Braxton County, West Virginia","Private","Miscellaneous intermediation","County, NAICS 6-digit -- by ownership sector","All establishment sizes",1,0,0,0,0,0,0,"N",4.21,0,0,0,0,0,0,"N",0,0.0,0,0,0,0,0,0,0,0,0,0,0,0
"54007","5","524","75","0","2010","A","","Braxton County, West Virginia","Private","Insurance carriers and related activities","County, NAICS 3-digit -- by ownership sector","All establishment sizes",6,23,597618,292867,8559,498,25890,"",0.82,0.35,0.21,0.39,0.41,0.60,0.60,"",-1,-14.3,4,21.1,124548,26.3,43153,17.3,1698,24.7,17,3.5,882,3.5
"54007","5","5242","76","0","2010","A","","Braxton County, West Virginia","Private","Insurance agencies and brokerages","County, NAICS 4-digit -- by ownership sector","All establishment sizes",6,23,597618,292867,8559,498,25890,"",1.01,0.82,0.55,0.93,1.00,0.67,0.67,"",-1,-14.3,4,21.1,124548,26.3,43153,17.3,1698,24.7,17,3.5,882,3.5
"54007","5","52421","77","0","2010","A","N","Braxton County, West Virginia","Private","Insurance agencies and brokerages","County, NAICS 5-digit -- by ownership sector","All establishment sizes",5,0,0,0,0,0,0,"N",0.97,0,0,0,0,0,0,"N",-1,-16.7,0,0,0,0,0,0,0,0,0,0,0,0
"54007","5","524210","78","0","2010","A","N","Braxton County, West Virginia","Private","Insurance agencies and brokerages","County, NAICS 6-digit -- by ownership sector","All establishment sizes",5,0,0,0,0,0,0,"N",0.97,0,0,0,0,0,0,"N",-1,-16.7,0,0,0,0,0,0,0,0,0,0,0,0
"54007","5","52429","77","0","2010","A","N","Braxton County, West Virginia","Private","Other insurance related activities","County, NAICS 5-digit -- by ownership sector","All establishment sizes",1,0,0,0,0,0,0,"N",1.36,0,0,0,0,0,0,"N",0,0.0,0,0,0,0,0,0,0,0,0,0,0,0
"54007","5","524292","78","0","2010","A","N","Braxton County, West Virginia","Private","Third party administration of insurance funds","County, NAICS 6-digit -- by ownership sector","All establishment sizes",1,0,0,0,0,0,0,"N",4.33,0,0,0,0,0,0,"N",0,0.0,0,0,0,0,0,0,0,0,0,0,0,0
"54007","5","53","74","0","2010","A","","Braxton County, West Virginia","Private","Real estate and rental and leasing","County, NAICS Sector -- by ownership sector","All establishment sizes",9,25,340052,238325,7739,260,13512,"",0.64,0.41,0.20,0.37,0.36,0.50,0.50,"",-1,-10.0,-7,-21.9,-379599,-52.7,-104686,-30.5,-3375,-30.4,-175,-40.2,-9095,-40.2
"54007","5","531","75","0","2010","A","","Braxton County, West Virginia","Private","Real estate","County, NAICS 3-digit -- by ownership sector","All establishment sizes",6,21,264065,189328,7004,237,12330,"",0.52,0.47,0.22,0.41,0.46,0.45,0.45,"",0,0.0,3,16.7,12508,5.0,5414,2.9,-1703,-19.6,-34,-12.5,-1776,-12.6
"54007","5","5311","76","0","2010","A","N","Braxton County, West Virginia","Private","Lessors of real estate","County, NAICS 4-digit -- by ownership sector","All establishment sizes",5,0,0,0,0,0,0,"N",1.16,0,0,0,0,0,0,"N",0,0.0,0,0,0,0,0,0,0,0,0,0,0,0
"54007","5","53111","77","0","2010","A","N","Braxton County, West Virginia","Private","Lessors of residential buildings","County, NAICS 5-digit -- by ownership sector","All establishment sizes",2,0,0,0,0,0,0,"N",0.82,0,0,0,0,0,0,"N",0,0.0,0,0,0,0,0,0,0,0,0,0,0,0
"54007","5","531110","78","0","2010","A","N","Braxton County, West Virginia","Private","Lessors of residential buildings","County, NAICS 6-digit -- by ownership sector","All establishment sizes",2,0,0,0,0,0,0,"N",0.82,0,0,0,0,0,0,"N",0,0.0,0,0,0,0,0,0,0,0,0,0,0,0
"54007","5","53112","77","0","2010","A","N","Braxton County, West Virginia","Private","Lessors of nonresidential buildings","County, NAICS 5-digit -- by ownership sector","All establishment sizes",3,0,0,0,0,0,0,"N",3.23,0,0,0,0,0,0,"N",0,0.0,0,0,0,0,0,0,0,0,0,0,0,0
"54007","5","531120","78","0","2010","A","N","Braxton County, West Virginia","Private","Lessors of nonresidential buildings","County, NAICS 6-digit -- by ownership sector","All establishment sizes",3,0,0,0,0,0,0,"N",3.23,0,0,0,0,0,0,"N",0,0.0,0,0,0,0,0,0,0,0,0,0,0,0
"54007","5","5313","76","0","2010","A","N","Braxton County, West Virginia","Private","Activities related to real estate","County, NAICS 4-digit -- by ownership sector","All establishment sizes",1,0,0,0,0,0,0,"N",0.29,0,0,0,0,0,0,"N",0,0.0,0,0,0,0,0,0,0,0,0,0,0,0
"54007","5","53131","77","0","2010","A","N","Braxton County, West Virginia","Private","Real estate property managers","County, NAICS 5-digit -- by ownership sector","All establishment sizes",1,0,0,0,0,0,0,"N",0.41,0,0,0,0,0,0,"N",0,0.0,0,0,0,0,0,0,0,0,0,0,0,0
"54007","5","531311","78","0","2010","A","N","Braxton County, West Virginia","Private","Residential property managers","County, NAICS 6-digit -- by ownership sector","All establishment sizes",1,0,0,0,0,0,0,"N",0.57,0,0,0,0,0,0,"N",0,0.0,0,0,0,0,0,0,0,0,0,0,0,0
"54007","5","532","75","0","2010","A","","Braxton County, West Virginia","Private","Rental and leasing services","County, NAICS 3-digit -- by ownership sector","All establishment sizes",3,4,75987,48997,735,390,20263,"",1.29,0.25,0.18,0.29,0.13,0.80,0.80,"",-1,-25.0,-10,-71.4,-392107,-83.8,-110100,-69.2,-1672,-69.5,-253,-39.3,-13172,-39.4
"54007","5","5322","76","0","2010","A","N","Braxton County, West Virginia","Private","Consumer goods rental","County, NAICS 4-digit -- by ownership sector","All establishment sizes",2,0,0,0,0,0,0,"N",1.86,0,0,0,0,0,0,"N",0,0.0,0,0,0,0,0,0,0,0,0,0,0,0
"54007","5","53223","77","0","2010","A","N","Braxton County, West Virginia","Private","Video tape and disc rental","County, NAICS 5-digit -- by ownership sector","All establishment sizes",1,0,0,0,0,0,0,"N",2.42,0,0,0,0,0,0,"N",0,0.0,0,0,0,0,0,0,0,0,0,0,0,0
"54007","5","532230","78","0","2010","A","N","Braxton County, West Virginia","Private","Video tape and disc rental","County, NAICS 6-digit -- by ownership sector","All establishment sizes",1,0,0,0,0,0,0,"N",2.42,0,0,0,0,0,0,"N",0,0.0,0,0,0,0,0,0,0,0,0,0,0,0
"54007","5","53229","77","0","2010","A","N","Braxton County, West Virginia","Private","Other consumer goods rental","County, NAICS 5-digit -- by ownership sector","All establishment sizes",1,0,0,0,0,0,0,"N",2.26,0,0,0,0,0,0,"N",0,0.0,0,0,0,0,0,0,0,0,0,0,0,0
"54007","5","532291","78","0","2010","A","N","Braxton County, West Virginia","Private","Home health equipment rental","County, NAICS 6-digit -- by ownership sector","All establishment sizes",1,0,0,0,0,0,0,"N",7.51,0,0,0,0,0,0,"N",0,0.0,0,0,0,0,0,0,0,0,0,0,0,0
"54007","5","5324","76","0","2010","A","N","Braxton County, West Virginia","Private","Machinery and equipment rental and leasing","County, NAICS 4-digit -- by ownership sector","All establishment sizes",1,0,0,0,0,0,0,"N",1.99,0,0,0,0,0,0,"N",0,0.0,0,0,0,0,0,0,0,0,0,0,0,0
"54007","5","53241","77","0","2010","A","N","Braxton County, West Virginia","Private","Heavy machinery rental and leasing","County, NAICS 5-digit -- by ownership sector","All establishment sizes",1,0,0,0,0,0,0,"N",4.22,0,0,0,0,0,0,"N",0,0.0,0,0,0,0,0,0,0,0,0,0,0,0
"54007","5","532412","78","0","2010","A","N","Braxton County, West Virginia","Private","Other heavy machinery rental and leasing","County, NAICS 6-digit -- by ownership sector","All establishment sizes",1,0,0,0,0,0,0,"N",4.97,0,0,0,0,0,0,"N",0,0.0,0,0,0,0,0,0,0,0,0,0,0,0
"54007","5","54","74","0","2010","A","","Braxton County, West Virginia","Private","Professional and technical services","County, NAICS Sector -- by ownership sector","All establishment sizes",15,52,1366590,649371,27065,510,26536,"",0.37,0.22,0.12,0.24,0.29,0.55,0.55,"",0,0.0,1,2.0,143543,11.7,24817,4.0,9791,56.7,48,10.4,2515,10.5
"54007","5","541","75","0","2010","A","","Braxton County, West Virginia","Private","Professional and technical services","County, NAICS 3-digit -- by ownership sector","All establishment sizes",15,52,1366590,649371,27065,510,26536,"",0.37,0.22,0.12,0.24,0.29,0.55,0.55,"",0,0.0,1,2.0,143543,11.7,24817,4.0,9791,56.7,48,10.4,2515,10.5
"54007","5","5411","76","0","2010","A","N","Braxton County, West Virginia","Private","Legal services","County, NAICS 4-digit -- by ownership sector","All establishment sizes",4,0,0,0,0,0,0,"N",0.53,0,0,0,0,0,0,"N",1,33.3,0,0,0,0,0,0,0,0,0,0,0,0
"54007","5","54111","77","0","2010","A","N","Braxton County, West Virginia","Private","Offices of lawyers","County, NAICS 5-digit -- by ownership sector","All establishment sizes",4,0,0,0,0,0,0,"N",0.57,0,0,0,0,0,0,"N",1,33.3,0,0,0,0,0,0,0,0,0,0,0,0
"54007","5","541110","78","0","2010","A","N","Braxton County, West Virginia","Private","Offices of lawyers","County, NAICS 6-digit -- by ownership sector","All establishment sizes",4,0,0,0,0,0,0,"N",0.57,0,0,0,0,0,0,"N",1,33.3,0,0,0,0,0,0,0,0,0,0,0,0
"54007","5","5412","76","0","2010","A","N","Braxton County, West Virginia","Private","Accounting and bookkeeping services","County, NAICS 4-digit -- by ownership sector","All establishment sizes",4,0,0,0,0,0,0,"N",0.77,0,0,0,0,0,0,"N",0,0.0,0,0,0,0,0,0,0,0,0,0,0,0
"54007","5","54121","77","0","2010","A","N","Braxton County, West Virginia","Private","Accounting and bookkeeping services","County, NAICS 5-digit -- by ownership sector","All establishment sizes",4,0,0,0,0,0,0,"N",0.77,0,0,0,0,0,0,"N",0,0.0,0,0,0,0,0,0,0,0,0,0,0,0
"54007","5","541211","78","0","2010","A","N","Braxton County, West Virginia","Private","Offices of certified public accountants","County, NAICS 6-digit -- by ownership sector","All establishment sizes",1,0,0,0,0,0,0,"N",0.46,0,0,0,0,0,0,"N",0,0.0,0,0,0,0,0,0,0,0,0,0,0,0
"54007","5","541219","78","0","2010","A","N","Braxton County, West Virginia","Private","Other accounting services","County, NAICS 6-digit -- by ownership sector","All establishment sizes",3,0,0,0,0,0,0,"N",1.76,0,0,0,0,0,0,"N",0,0.0,0,0,0,0,0,0,0,0,0,0,0,0
"54007","5","5413","76","0","2010","A","","Braxton County, West Virginia","Private","Architectural and engineering services","County, NAICS 4-digit -- by ownership sector","All establishment sizes",5,26,681567,356179,20409,509,26469,"",0.99,0.63,0.35,0.74,1.14,0.56,0.56,"",0,0.0,6,30.0,271281,66.1,95526,36.6,10679,109.8,118,30.2,6124,30.1
"54007","5","54131","77","0","2010","A","N","Braxton County, West Virginia","Private","Architectural services","County, NAICS 5-digit -- by ownership sector","All establishment sizes",1,0,0,0,0,0,0,"N",1.04,0,0,0,0,0,0,"N",0,0.0,0,0,0,0,0,0,0,0,0,0,0,0
"54007","5","541310","78","0","2010","A","N","Braxton County, West Virginia","Private","Architectural services","County, NAICS 6-digit -- by ownership sector","All establishment sizes",1,0,0,0,0,0,0,"N",1.04,0,0,0,0,0,0,"N",0,0.0,0,0,0,0,0,0,0,0,0,0,0,0
"54007","5","54133","77","0","2010","A","N","Braxton County, West Virginia","Private","Engineering services","County, NAICS 5-digit -- by ownership sector","All establishment sizes",1,0,0,0,0,0,0,"N",0.37,0,0,0,0,0,0,"N",0,0.0,0,0,0,0,0,0,0,0,0,0,0,0
"54007","5","541330","78","0","2010","A","N","Braxton County, West Virginia","Private","Engineering services","County, NAICS 6-digit -- by ownership sector","All establishment sizes",1,0,0,0,0,0,0,"N",0.37,0,0,0,0,0,0,"N",0,0.0,0,0,0,0,0,0,0,0,0,0,0,0
"54007","5","54136","77","0","2010","A","N","Braxton County, West Virginia","Private","Geophysical surveying and mapping services","County, NAICS 5-digit -- by ownership sector","All establishment sizes",1,0,0,0,0,0,0,"N",13.48,0,0,0,0,0,0,"N",0,0.0,0,0,0,0,0,0,0,0,0,0,0,0
"54007","5","541360","78","0","2010","A","N","Braxton County, West Virginia","Private","Geophysical surveying and mapping services","County, NAICS 6-digit -- by ownership sector","All establishment sizes",1,0,0,0,0,0,0,"N",13.48,0,0,0,0,0,0,"N",0,0.0,0,0,0,0,0,0,0,0,0,0,0,0
"54007","5","54137","77","0","2010","A","N","Braxton County, West Virginia","Private","Other surveying and mapping services","County, NAICS 5-digit -- by ownership sector","All establishment sizes",1,0,0,0,0,0,0,"N",2.89,0,0,0,0,0,0,"N",0,0.0,0,0,0,0,0,0,0,0,0,0,0,0
"54007","5","541370","78","0","2010","A","N","Braxton County, West Virginia","Private","Other surveying and mapping services","County, NAICS 6-digit -- by ownership sector","All establishment sizes",1,0,0,0,0,0,0,"N",2.89,0,0,0,0,0,0,"N",0,0.0,0,0,0,0,0,0,0,0,0,0,0,0
"54007","5","54138","77","0","2010","A","N","Braxton County, West Virginia","Private","Testing laboratories","County, NAICS 5-digit -- by ownership sector","All establishment sizes",1,0,0,0,0,0,0,"N",2.82,0,0,0,0,0,0,"N",0,0.0,0,0,0,0,0,0,0,0,0,0,0,0
"54007","5","541380","78","0","2010","A","N","Braxton County, West Virginia","Private","Testing laboratories","County, NAICS 6-digit -- by ownership sector","All establishment sizes",1,0,0,0,0,0,0,"N",2.82,0,0,0,0,0,0,"N",0,0.0,0,0,0,0,0,0,0,0,0,0,0,0
"54007","5","5415","76","0","2010","A","N","Braxton County, West Virginia","Private","Computer systems design and related services","County, NAICS 4-digit -- by ownership sector","All establishment sizes",1,0,0,0,0,0,0,"N",0.13,0,0,0,0,0,0,"N",-1,-50.0,0,0,0,0,0,0,0,0,0,0,0,0
"54007","5","54151","77","0","2010","A","N","Braxton County, West Virginia","Private","Computer systems design and related services","County, NAICS 5-digit -- by ownership sector","All establishment sizes",1,0,0,0,0,0,0,"N",0.13,0,0,0,0,0,0,"N",-1,-50.0,0,0,0,0,0,0,0,0,0,0,0,0
"54007","5","541512","78","0","2010","A","N","Braxton County, West Virginia","Private","Computer systems design services","County, NAICS 6-digit -- by ownership sector","All establishment sizes",1,0,0,0,0,0,0,"N",0.27,0,0,0,0,0,0,"N",-1,-50.0,0,0,0,0,0,0,0,0,0,0,0,0
"54007","5","5419","76","0","2010","A","N","Braxton County, West Virginia","Private","Other professional and technical services","County, NAICS 4-digit -- by ownership sector","All establishment sizes",1,0,0,0,0,0,0,"N",0.33,0,0,0,0,0,0,"N",0,0.0,0,0,0,0,0,0,0,0,0,0,0,0
"54007","5","54194","77","0","2010","A","N","Braxton County, West Virginia","Private","Veterinary services","County, NAICS 5-digit -- by ownership sector","All establishment sizes",1,0,0,0,0,0,0,"N",0.87,0,0,0,0,0,0,"N",0,0.0,0,0,0,0,0,0,0,0,0,0,0,0
"54007","5","541940","78","0","2010","A","N","Braxton County, West Virginia","Private","Veterinary services","County, NAICS 6-digit -- by ownership sector","All establishment sizes",1,0,0,0,0,0,0,"N",0.87,0,0,0,0,0,0,"N",0,0.0,0,0,0,0,0,0,0,0,0,0,0,0
"54007","5","55","74","0","2010","A","N","Braxton County, West Virginia","Private","Management of companies and enterprises","County, NAICS Sector -- by ownership sector","All establishment sizes",2,0,0,0,0,0,0,"N",0.95,0,0,0,0,0,0,"N",0,0.0,0,0,0,0,0,0,0,0,0,0,0,0
"54007","5","551","75","0","2010","A","N","Braxton County, West Virginia","Private","Management of companies and enterprises","County, NAICS 3-digit -- by ownership sector","All establishment sizes",2,0,0,0,0,0,0,"N",0.95,0,0,0,0,0,0,"N",0,0.0,0,0,0,0,0,0,0,0,0,0,0,0
"54007","5","5511","76","0","2010","A","N","Braxton County, West Virginia","Private","Management of companies and enterprises","County, NAICS 4-digit -- by ownership sector","All establishment sizes",2,0,0,0,0,0,0,"N",0.95,0,0,0,0,0,0,"N",0,0.0,0,0,0,0,0,0,0,0,0,0,0,0
"54007","5","55111","77","0","2010","A","N","Braxton County, West Virginia","Private","Management of companies and enterprises","County, NAICS 5-digit -- by ownership sector","All establishment sizes",2,0,0,0,0,0,0,"N",0.95,0,0,0,0,0,0,"N",0,0.0,0,0,0,0,0,0,0,0,0,0,0,0
"54007","5","551114","78","0","2010","A","N","Braxton County, West Virginia","Private","Managing offices","County, NAICS 6-digit -- by ownership sector","All establishment sizes",2,0,0,0,0,0,0,"N",1.17,0,0,0,0,0,0,"N",0,0.0,0,0,0,0,0,0,0,0,0,0,0,0
"54007","5","56","74","0","2010","A","N","Braxton County, West Virginia","Private","Administrative and waste services","County, NAICS Sector -- by ownership sector","All establishment sizes",8,0,0,0,0,0,0,"N",0.43,0,0,0,0,0,0,"N",0,0.0,0,0,0,0,0,0,0,0,0,0,0,0
"54007","5","561","75","0","2010","A","N","Braxton County, West Virginia","Private","Administrative and support services","County, NAICS 3-digit -- by ownership sector","All establishment sizes",8,0,0,0,0,0,0,"N",0.45,0,0,0,0,0,0,"N",0,0.0,0,0,0,0,0,0,0,0,0,0,0,0
"54007","5","5611","76","0","2010","A","N","Braxton County, West Virginia","Private","Office administrative services","County, NAICS 4-digit -- by ownership sector","All establishment sizes",1,0,0,0,0,0,0,"N",0.58,0,0,0,0,0,0,"N",0,0.0,0,0,0,0,0,0,0,0,0,0,0,0
"54007","5","56111","77","0","2010","A","N","Braxton County, West Virginia","Private","Office administrative services","County, NAICS 5-digit -- by ownership sector","All establishment sizes",1,0,0,0,0,0,0,"N",0.58,0,0,0,0,0,0,"N",0,0.0,0,0,0,0,0,0,0,0,0,0,0,0
"54007","5","561110","78","0","2010","A","N","Braxton County, West Virginia","Private","Office administrative services","County, NAICS 6-digit -- by ownership sector","All establishment sizes",1,0,0,0,0,0,0,"N",0.58,0,0,0,0,0,0,"N",0,0.0,0,0,0,0,0,0,0,0,0,0,0,0
"54007","5","5616","76","0","2010","A","N","Braxton County, West Virginia","Private","Investigation and security services","County, NAICS 4-digit -- by ownership sector","All establishment sizes",1,0,0,0,0,0,0,"N",0.80,0,0,0,0,0,0,"N",0,0.0,0,0,0,0,0,0,0,0,0,0,0,0
"54007","5","56161","77","0","2010","A","N","Braxton County, West Virginia","Private","Security and armored car services","County, NAICS 5-digit -- by ownership sector","All establishment sizes",1,0,0,0,0,0,0,"N",1.27,0,0,0,0,0,0,"N",0,0.0,0,0,0,0,0,0,0,0,0,0,0,0
"54007","5","561612","78","0","2010","A","N","Braxton County, West Virginia","Private","Security guards and patrol services","County, NAICS 6-digit -- by ownership sector","All establishment sizes",1,0,0,0,0,0,0,"N",1.81,0,0,0,0,0,0,"N",0,0.0,0,0,0,0,0,0,0,0,0,0,0,0
"54007","5","5617","76","0","2010","A","","Braxton County, West Virginia","Private","Services to buildings and dwellings","County, NAICS 4-digit -- by ownership sector","All establishment sizes",6,38,760728,496491,18898,383,19932,"",0.78,0.68,0.91,0.90,0.98,1.32,1.32,"N",0,0.0,0,0,0,0,0,0,0,0,0,0,0,0
"54007","5","56171","77","0","2010","A","N","Braxton County, West Virginia","Private","Exterminating and pest control services","County, NAICS 5-digit -- by ownership sector","All establishment sizes",1,0,0,0,0,0,0,"N",1.97,0,0,0,0,0,0,"N",0,0.0,0,0,0,0,0,0,0,0,0,0,0,0
"54007","5","561710","78","0","2010","A","N","Braxton County, West Virginia","Private","Exterminating and pest control services","County, NAICS 6-digit -- by ownership sector","All establishment sizes",1,0,0,0,0,0,0,"N",1.97,0,0,0,0,0,0,"N",0,0.0,0,0,0,0,0,0,0,0,0,0,0,0
"54007","5","56172","77","0","2010","A","N","Braxton County, West Virginia","Private","Janitorial services","County, NAICS 5-digit -- by ownership sector","All establishment sizes",2,0,0,0,0,0,0,"N",0.84,0,0,0,0,0,0,"N",0,0.0,0,0,0,0,0,0,0,0,0,0,0,0
"54007","5","561720","78","0","2010","A","N","Braxton County, West Virginia","Private","Janitorial services","County, NAICS 6-digit -- by ownership sector","All establishment sizes",2,0,0,0,0,0,0,"N",0.84,0,0,0,0,0,0,"N",0,0.0,0,0,0,0,0,0,0,0,0,0,0,0
"54007","5","56173","77","0","2010","A","N","Braxton County, West Virginia","Private","Landscaping services","County, NAICS 5-digit -- by ownership sector","All establishment sizes",2,0,0,0,0,0,0,"N",0.51,0,0,0,0,0,0,"N",0,0.0,0,0,0,0,0,0,0,0,0,0,0,0
"54007","5","561730","78","0","2010","A","N","Braxton County, West Virginia","Private","Landscaping services","County, NAICS 6-digit -- by ownership sector","All establishment sizes",2,0,0,0,0,0,0,"N",0.51,0,0,0,0,0,0,"N",0,0.0,0,0,0,0,0,0,0,0,0,0,0,0
"54007","5","56179","77","0","2010","A","N","Braxton County, West Virginia","Private","Other services to buildings and dwellings","County, NAICS 5-digit -- by ownership sector","All establishment sizes",1,0,0,0,0,0,0,"N",1.84,0,0,0,0,0,0,"N",0,0.0,0,0,0,0,0,0,0,0,0,0,0,0
"54007","5","561790","78","0","2010","A","N","Braxton County, West Virginia","Private","Other services to buildings and dwellings","County, NAICS 6-digit -- by ownership sector","All establishment sizes",1,0,0,0,0,0,0,"N",1.84,0,0,0,0,0,0,"N",0,0.0,0,0,0,0,0,0,0,0,0,0,0,0
"54007","5","61","74","0","2010","A","N","Braxton County, West Virginia","Private","Educational services","County, NAICS Sector -- by ownership sector","All establishment sizes",1,0,0,0,0,0,0,"N",0.27,0,0,0,0,0,0,"N",0,0.0,0,0,0,0,0,0,0,0,0,0,0,0
"54007","5","611","75","0","2010","A","N","Braxton County, West Virginia","Private","Educational services","County, NAICS 3-digit -- by ownership sector","All establishment sizes",1,0,0,0,0,0,0,"N",0.27,0,0,0,0,0,0,"N",0,0.0,0,0,0,0,0,0,0,0,0,0,0,0
"54007","5","6117","76","0","2010","A","N","Braxton County, West Virginia","Private","Educational support services","County, NAICS 4-digit -- by ownership sector","All establishment sizes",1,0,0,0,0,0,0,"N",2.13,0,0,0,0,0,0,"N",0,0.0,0,0,0,0,0,0,0,0,0,0,0,0
"54007","5","61171","77","0","2010","A","N","Braxton County, West Virginia","Private","Educational support services","County, NAICS 5-digit -- by ownership sector","All establishment sizes",1,0,0,0,0,0,0,"N",2.13,0,0,0,0,0,0,"N",0,0.0,0,0,0,0,0,0,0,0,0,0,0,0
"54007","5","611710","78","0","2010","A","N","Braxton County, West Virginia","Private","Educational support services","County, NAICS 6-digit -- by ownership sector","All establishment sizes",1,0,0,0,0,0,0,"N",2.13,0,0,0,0,0,0,"N",0,0.0,0,0,0,0,0,0,0,0,0,0,0,0
"54007","5","62","74","0","2010","A","N","Braxton County, West Virginia","Private","Health care and social assistance","County, NAICS Sector -- by ownership sector","All establishment sizes",22,0,0,0,0,0,0,"N",0.69,0,0,0,0,0,0,"N",1,4.8,0,0,0,0,0,0,0,0,0,0,0,0
"54007","5","621","75","0","2010","A","","Braxton County, West Virginia","Private","Ambulatory health care services","County, NAICS 3-digit -- by ownership sector","All establishment sizes",13,282,5376440,1013483,25629,367,19077,"",0.60,1.47,0.83,0.57,0.62,0.57,0.57,"",0,0.0,2,0.7,-206381,-3.7,-1648985,-61.9,-24687,-49.1,-17,-4.4,-868,-4.4
"54007","5","6211","76","0","2010","A","","Braxton County, West Virginia","Private","Offices of physicians","County, NAICS 4-digit -- by ownership sector","All establishment sizes",4,33,1447054,471447,9889,839,43630,"",0.46,0.44,0.41,0.68,0.63,0.92,0.92,"",0,0.0,1,3.1,-9268,-0.6,12730,2.8,-8,-0.1,-25,-2.9,-1295,-2.9
"54007","5","62111","77","0","2010","A","","Braxton County, West Virginia","Private","Offices of physicians","County, NAICS 5-digit -- by ownership sector","All establishment sizes",4,33,1447054,471447,9889,839,43630,"",0.46,0.44,0.41,0.68,0.63,0.92,0.92,"",0,0.0,1,3.1,-9268,-0.6,12730,2.8,-8,-0.1,-25,-2.9,-1295,-2.9
"54007","5","621111","78","0","2010","A","","Braxton County, West Virginia","Private","Offices of physicians, except mental health","County, NAICS 6-digit -- by ownership sector","All establishment sizes",4,33,1447054,471447,9889,839,43630,"",0.48,0.45,0.42,0.69,0.65,0.92,0.92,"",0,0.0,1,3.1,-9268,-0.6,12730,2.8,-8,-0.1,-25,-2.9,-1295,-2.9
"54007","5","6212","76","0","2010","A","","Braxton County, West Virginia","Private","Offices of dentists","County, NAICS 4-digit -- by ownership sector","All establishment sizes",3,19,409036,209142,4388,412,21434,"",0.60,0.72,0.54,0.73,0.71,0.76,0.76,"",0,0.0,-2,-9.5,-50438,-11.0,-114492,-35.4,-1659,-27.4,-9,-2.1,-446,-2.0
"54007","5","62121","77","0","2010","A","","Braxton County, West Virginia","Private","Offices of dentists","County, NAICS 5-digit -- by ownership sector","All establishment sizes",3,19,409036,209142,4388,412,21434,"",0.60,0.72,0.54,0.73,0.71,0.76,0.76,"",0,0.0,-2,-9.5,-50438,-11.0,-114492,-35.4,-1659,-27.4,-9,-2.1,-446,-2.0
"54007","5","621210","78","0","2010","A","","Braxton County, West Virginia","Private","Offices of dentists","County, NAICS 6-digit -- by ownership sector","All establishment sizes",3,19,409036,209142,4388,412,21434,"",0.60,0.72,0.54,0.73,0.71,0.76,0.76,"",0,0.0,-2,-9.5,-50438,-11.0,-114492,-35.4,-1659,-27.4,-9,-2.1,-446,-2.0
"54007","5","6213","76","0","2010","A","N","Braxton County, West Virginia","Private","Offices of other health practitioners","County, NAICS 4-digit -- by ownership sector","All establishment sizes",2,0,0,0,0,0,0,"N",0.41,0,0,0,0,0,0,"N",0,0.0,0,0,0,0,0,0,0,0,0,0,0,0
"54007","5","62131","77","0","2010","A","N","Braxton County, West Virginia","Private","Offices of chiropractors","County, NAICS 5-digit -- by ownership sector","All establishment sizes",1,0,0,0,0,0,0,"N",0.67,0,0,0,0,0,0,"N",0,0.0,0,0,0,0,0,0,0,0,0,0,0,0
"54007","5","621310","78","0","2010","A","N","Braxton County, West Virginia","Private","Offices of chiropractors","County, NAICS 6-digit -- by ownership sector","All establishment sizes",1,0,0,0,0,0,0,"N",0.67,0,0,0,0,0,0,"N",0,0.0,0,0,0,0,0,0,0,0,0,0,0,0
"54007","5","62134","77","0","2010","A","N","Braxton County, West Virginia","Private","Offices of specialty therapists","County, NAICS 5-digit -- by ownership sector","All establishment sizes",1,0,0,0,0,0,0,"N",0.85,0,0,0,0,0,0,"N",0,0.0,0,0,0,0,0,0,0,0,0,0,0,0
"54007","5","621340","78","0","2010","A","N","Braxton County, West Virginia","Private","Offices of specialty therapists","County, NAICS 6-digit -- by ownership sector","All establishment sizes",1,0,0,0,0,0,0,"N",0.85,0,0,0,0,0,0,"N",0,0.0,0,0,0,0,0,0,0,0,0,0,0,0
"54007","5","6214","76","0","2010","A","N","Braxton County, West Virginia","Private","Outpatient care centers","County, NAICS 4-digit -- by ownership sector","All establishment sizes",1,0,0,0,0,0,0,"N",0.99,0,0,0,0,0,0,"N",0,0.0,0,0,0,0,0,0,0,0,0,0,0,0
"54007","5","62142","77","0","2010","A","N","Braxton County, West Virginia","Private","Outpatient mental health centers","County, NAICS 5-digit -- by ownership sector","All establishment sizes",1,0,0,0,0,0,0,"N",3.39,0,0,0,0,0,0,"N",0,0.0,0,0,0,0,0,0,0,0,0,0,0,0
"54007","5","621420","78","0","2010","A","N","Braxton County, West Virginia","Private","Outpatient mental health centers","County, NAICS 6-digit -- by ownership sector","All establishment sizes",1,0,0,0,0,0,0,"N",3.39,0,0,0,0,0,0,"N",0,0.0,0,0,0,0,0,0,0,0,0,0,0,0
"54007","5","6215","76","0","2010","A","N","Braxton County, West Virginia","Private","Medical and diagnostic laboratories","County, NAICS 4-digit -- by ownership sector","All establishment sizes",1,0,0,0,0,0,0,"N",1.57,0,0,0,0,0,0,"N",1,100.0,0,0,0,0,0,0,0,0,0,0,0,0
"54007","5","62151","77","0","2010","A","N","Braxton County, West Virginia","Private","Medical and diagnostic laboratories","County, NAICS 5-digit -- by ownership sector","All establishment sizes",1,0,0,0,0,0,0,"N",1.57,0,0,0,0,0,0,"N",1,100.0,0,0,0,0,0,0,0,0,0,0,0,0
"54007","5","621511","78","0","2010","A","N","Braxton County, West Virginia","Private","Medical laboratories","County, NAICS 6-digit -- by ownership sector","All establishment sizes",1,0,0,0,0,0,0,"N",2.58,0,0,0,0,0,0,"N",1,100.0,0,0,0,0,0,0,0,0,0,0,0,0
"54007","5","6216","76","0","2010","A","N","Braxton County, West Virginia","Private","Home health care services","County, NAICS 4-digit -- by ownership sector","All establishment sizes",2,0,0,0,0,0,0,"N",1.90,0,0,0,0,0,0,"N",-1,-33.3,0,0,0,0,0,0,0,0,0,0,0,0
"54007","5","62161","77","0","2010","A","N","Braxton County, West Virginia","Private","Home health care services","County, NAICS 5-digit -- by ownership sector","All establishment sizes",2,0,0,0,0,0,0,"N",1.90,0,0,0,0,0,0,"N",-1,-33.3,0,0,0,0,0,0,0,0,0,0,0,0
"54007","5","621610","78","0","2010","A","N","Braxton County, West Virginia","Private","Home health care services","County, NAICS 6-digit -- by ownership sector","All establishment sizes",2,0,0,0,0,0,0,"N",1.90,0,0,0,0,0,0,"N",-1,-33.3,0,0,0,0,0,0,0,0,0,0,0,0
"54007","5","622","75","0","2010","A","N","Braxton County, West Virginia","Private","Hospitals","County, NAICS 3-digit -- by ownership sector","All establishment sizes",1,0,0,0,0,0,0,"N",3.10,0,0,0,0,0,0,"N",0,0.0,0,0,0,0,0,0,0,0,0,0,0,0
"54007","5","6221","76","0","2010","A","N","Braxton County, West Virginia","Private","General medical and surgical hospitals","County, NAICS 4-digit -- by ownership sector","All establishment sizes",1,0,0,0,0,0,0,"N",4.29,0,0,0,0,0,0,"N",0,0.0,0,0,0,0,0,0,0,0,0,0,0,0
"54007","5","62211","77","0","2010","A","N","Braxton County, West Virginia","Private","General medical and surgical hospitals","County, NAICS 5-digit -- by ownership sector","All establishment sizes",1,0,0,0,0,0,0,"N",4.29,0,0,0,0,0,0,"N",0,0.0,0,0,0,0,0,0,0,0,0,0,0,0
"54007","5","622110","78","0","2010","A","N","Braxton County, West Virginia","Private","General medical and surgical hospitals","County, NAICS 6-digit -- by ownership sector","All establishment sizes",1,0,0,0,0,0,0,"N",4.29,0,0,0,0,0,0,"N",0,0.0,0,0,0,0,0,0,0,0,0,0,0,0
"54007","5","623","75","0","2010","A","N","Braxton County, West Virginia","Private","Nursing and residential care facilities","County, NAICS 3-digit -- by ownership sector","All establishment sizes",1,0,0,0,0,0,0,"N",0.35,0,0,0,0,0,0,"N",0,0.0,0,0,0,0,0,0,0,0,0,0,0,0
"54007","5","6231","76","0","2010","A","N","Braxton County, West Virginia","Private","Nursing care facilities","County, NAICS 4-digit -- by ownership sector","All establishment sizes",1,0,0,0,0,0,0,"N",1.49,0,0,0,0,0,0,"N",0,0.0,0,0,0,0,0,0,0,0,0,0,0,0
"54007","5","62311","77","0","2010","A","N","Braxton County, West Virginia","Private","Nursing care facilities","County, NAICS 5-digit -- by ownership sector","All establishment sizes",1,0,0,0,0,0,0,"N",1.49,0,0,0,0,0,0,"N",0,0.0,0,0,0,0,0,0,0,0,0,0,0,0
"54007","5","623110","78","0","2010","A","N","Braxton County, West Virginia","Private","Nursing care facilities","County, NAICS 6-digit -- by ownership sector","All establishment sizes",1,0,0,0,0,0,0,"N",1.49,0,0,0,0,0,0,"N",0,0.0,0,0,0,0,0,0,0,0,0,0,0,0
"54007","5","624","75","0","2010","A","","Braxton County, West Virginia","Private","Social assistance","County, NAICS 3-digit -- by ownership sector","All establishment sizes",7,167,2906634,1224458,34272,334,17379,"",0.97,2.11,2.60,2.27,2.18,1.23,1.23,"",1,16.7,-11,-6.2,15162,0.5,517624,73.2,19049,125.1,21,6.7,1120,6.9
"54007","5","6241","76","0","2010","A","N","Braxton County, West Virginia","Private","Individual and family services","County, NAICS 4-digit -- by ownership sector","All establishment sizes",4,0,0,0,0,0,0,"N",1.10,0,0,0,0,0,0,"N",1,33.3,0,0,0,0,0,0,0,0,0,0,0,0
"54007","5","62411","77","0","2010","A","N","Braxton County, West Virginia","Private","Child and youth services","County, NAICS 5-digit -- by ownership sector","All establishment sizes",2,0,0,0,0,0,0,"N",4.99,0,0,0,0,0,0,"N",1,100.0,0,0,0,0,0,0,0,0,0,0,0,0
"54007","5","624110","78","0","2010","A","N","Braxton County, West Virginia","Private","Child and youth services","County, NAICS 6-digit -- by ownership sector","All establishment sizes",2,0,0,0,0,0,0,"N",4.99,0,0,0,0,0,0,"N",1,100.0,0,0,0,0,0,0,0,0,0,0,0,0
"54007","5","62412","77","0","2010","A","N","Braxton County, West Virginia","Private","Services for the elderly and disabled","County, NAICS 5-digit -- by ownership sector","All establishment sizes",1,0,0,0,0,0,0,"N",0.45,0,0,0,0,0,0,"N",0,0.0,0,0,0,0,0,0,0,0,0,0,0,0
"54007","5","624120","78","0","2010","A","N","Braxton County, West Virginia","Private","Services for the elderly and disabled","County, NAICS 6-digit -- by ownership sector","All establishment sizes",1,0,0,0,0,0,0,"N",0.45,0,0,0,0,0,0,"N",0,0.0,0,0,0,0,0,0,0,0,0,0,0,0
"54007","5","62419","77","0","2010","A","N","Braxton County, West Virginia","Private","Other individual and family services","County, NAICS 5-digit -- by ownership sector","All establishment sizes",1,0,0,0,0,0,0,"N",0.99,0,0,0,0,0,0,"N",0,0.0,0,0,0,0,0,0,0,0,0,0,0,0
"54007","5","624190","78","0","2010","A","N","Braxton County, West Virginia","Private","Other individual and family services","County, NAICS 6-digit -- by ownership sector","All establishment sizes",1,0,0,0,0,0,0,"N",0.99,0,0,0,0,0,0,"N",0,0.0,0,0,0,0,0,0,0,0,0,0,0,0
"54007","5","6242","76","0","2010","A","N","Braxton County, West Virginia","Private","Emergency and other relief services","County, NAICS 4-digit -- by ownership sector","All establishment sizes",1,0,0,0,0,0,0,"N",2.52,0,0,0,0,0,0,"N",0,0.0,0,0,0,0,0,0,0,0,0,0,0,0
"54007","5","62421","77","0","2010","A","N","Braxton County, West Virginia","Private","Community food services","County, NAICS 5-digit -- by ownership sector","All establishment sizes",1,0,0,0,0,0,0,"N",8.97,0,0,0,0,0,0,"N",0,0.0,0,0,0,0,0,0,0,0,0,0,0,0
"54007","5","624210","78","0","2010","A","N","Braxton County, West Virginia","Private","Community food services","County, NAICS 6-digit -- by ownership sector","All establishment sizes",1,0,0,0,0,0,0,"N",8.97,0,0,0,0,0,0,"N",0,0.0,0,0,0,0,0,0,0,0,0,0,0,0
"54007","5","6243","76","0","2010","A","N","Braxton County, West Virginia","Private","Vocational rehabilitation services","County, NAICS 4-digit -- by ownership sector","All establishment sizes",1,0,0,0,0,0,0,"N",2.60,0,0,0,0,0,0,"N",0,0.0,0,0,0,0,0,0,0,0,0,0,0,0
"54007","5","62431","77","0","2010","A","N","Braxton County, West Virginia","Private","Vocational rehabilitation services","County, NAICS 5-digit -- by ownership sector","All establishment sizes",1,0,0,0,0,0,0,"N",2.60,0,0,0,0,0,0,"N",0,0.0,0,0,0,0,0,0,0,0,0,0,0,0
"54007","5","624310","78","0","2010","A","N","Braxton County, West Virginia","Private","Vocational rehabilitation services","County, NAICS 6-digit -- by ownership sector","All establishment sizes",1,0,0,0,0,0,0,"N",2.60,0,0,0,0,0,0,"N",0,0.0,0,0,0,0,0,0,0,0,0,0,0,0
"54007","5","6244","76","0","2010","A","N","Braxton County, West Virginia","Private","Child day care services","County, NAICS 4-digit -- by ownership sector","All establishment sizes",1,0,0,0,0,0,0,"N",0.36,0,0,0,0,0,0,"N",0,0.0,0,0,0,0,0,0,0,0,0,0,0,0
"54007","5","62441","77","0","2010","A","N","Braxton County, West Virginia","Private","Child day care services","County, NAICS 5-digit -- by ownership sector","All establishment sizes",1,0,0,0,0,0,0,"N",0.36,0,0,0,0,0,0,"N",0,0.0,0,0,0,0,0,0,0,0,0,0,0,0
"54007","5","624410","78","0","2010","A","N","Braxton County, West Virginia","Private","Child day care services","County, NAICS 6-digit -- by ownership sector","All establishment sizes",1,0,0,0,0,0,0,"N",0.36,0,0,0,0,0,0,"N",0,0.0,0,0,0,0,0,0,0,0,0,0,0,0
"54007","5","71","74","0","2010","A","","Braxton County, West Virginia","Private","Arts, entertainment, and recreation","County, NAICS Sector -- by ownership sector","All establishment sizes",6,13,126928,120628,2854,185,9640,"",1.20,0.21,0.10,0.25,0.17,0.48,0.48,"",0,0.0,-5,-27.8,-26186,-17.1,-29936,-19.9,-830,-22.5,19,11.4,1014,11.8
"54007","5","713","75","0","2010","A","","Braxton County, West Virginia","Private","Amusements, gambling, and recreation","County, NAICS 3-digit -- by ownership sector","All establishment sizes",6,13,126928,120628,2854,185,9640,"",2.10,0.29,0.23,0.35,0.25,0.79,0.79,"",0,0.0,-5,-27.8,-26186,-17.1,-29936,-19.9,-830,-22.5,19,11.4,1014,11.8
"54007","5","7139","76","0","2010","A","","Braxton County, West Virginia","Private","Other amusement and recreation industries","County, NAICS 4-digit -- by ownership sector","All establishment sizes",6,13,126928,120628,2854,185,9640,"",2.28,0.37,0.32,0.45,0.31,0.85,0.85,"",0,0.0,-5,-27.8,-26186,-17.1,-29936,-19.9,-830,-22.5,19,11.4,1014,11.8
"54007","5","71393","77","0","2010","A","","Braxton County, West Virginia","Private","Marinas","County, NAICS 5-digit -- by ownership sector","All establishment sizes",3,8,91228,84928,2083,211,10947,"",19.19,8.35,5.14,8.74,5.02,0.59,0.59,"",0,0.0,-1,-11.1,-1951,-2.1,-5701,-6.3,-161,-7.2,16,8.2,782,7.7
"54007","5","713930","78","0","2010","A","","Braxton County, West Virginia","Private","Marinas","County, NAICS 6-digit -- by ownership sector","All establishment sizes",3,8,91228,84928,2083,211,10947,"",19.19,8.35,5.14,8.74,5.02,0.59,0.59,"",0,0.0,-1,-11.1,-1951,-2.1,-5701,-6.3,-161,-7.2,16,8.2,782,7.7
"54007","5","71394","77","0","2010","A","N","Braxton County, West Virginia","Private","Fitness and recreational sports centers","County, NAICS 5-digit -- by ownership sector","All establishment sizes",2,0,0,0,0,0,0,"N",1.71,0,0,0,0,0,0,"N",0,0.0,0,0,0,0,0,0,0,0,0,0,0,0
"54007","5","713940","78","0","2010","A","N","Braxton County, West Virginia","Private","Fitness and recreational sports centers","County, NAICS 6-digit -- by ownership sector","All establishment sizes",2,0,0,0,0,0,0,"N",1.71,0,0,0,0,0,0,"N",0,0.0,0,0,0,0,0,0,0,0,0,0,0,0
"54007","5","71395","77","0","2010","A","N","Braxton County, West Virginia","Private","Bowling centers","County, NAICS 5-digit -- by ownership sector","All establishment sizes",1,0,0,0,0,0,0,"N",5.81,0,0,0,0,0,0,"N",0,0.0,0,0,0,0,0,0,0,0,0,0,0,0
"54007","5","713950","78","0","2010","A","N","Braxton County, West Virginia","Private","Bowling centers","County, NAICS 6-digit -- by ownership sector","All establishment sizes",1,0,0,0,0,0,0,"N",5.81,0,0,0,0,0,0,"N",0,0.0,0,0,0,0,0,0,0,0,0,0,0,0
"54007","5","72","74","0","2010","A","","Braxton County, West Virginia","Private","Accommodation and food services","County, NAICS Sector -- by ownership sector","All establishment sizes",30,435,5863691,4496006,92400,259,13482,"",1.20,1.22,1.54,1.47,1.25,1.26,1.26,"",-2,-6.2,-3,-0.7,414649,7.6,193832,4.5,2731,3.0,20,8.4,1032,8.3
"54007","5","721","75","0","2010","A","","Braxton County, West Virginia","Private","Accommodation","County, NAICS 3-digit -- by ownership sector","All establishment sizes",5,114,2022367,1428811,32557,342,17766,"",1.92,2.03,2.24,2.29,1.95,1.10,1.10,"",0,0.0,4,3.6,394847,24.3,223324,18.5,5011,18.2,57,20.0,2937,19.8
"54007","5","7211","76","0","2010","A","N","Braxton County, West Virginia","Private","Traveler accommodation","County, NAICS 4-digit -- by ownership sector","All establishment sizes",4,0,0,0,0,0,0,"N",1.77,0,0,0,0,0,0,"N",0,0.0,0,0,0,0,0,0,0,0,0,0,0,0
"54007","5","72111","77","0","2010","A","N","Braxton County, West Virginia","Private","Hotels and motels, except casino hotels","County, NAICS 5-digit -- by ownership sector","All establishment sizes",4,0,0,0,0,0,0,"N",1.94,0,0,0,0,0,0,"N",0,0.0,0,0,0,0,0,0,0,0,0,0,0,0
"54007","5","721110","78","0","2010","A","N","Braxton County, West Virginia","Private","Hotels and motels, except casino hotels","County, NAICS 6-digit -- by ownership sector","All establishment sizes",4,0,0,0,0,0,0,"N",1.94,0,0,0,0,0,0,"N",0,0.0,0,0,0,0,0,0,0,0,0,0,0,0
"54007","5","7212","76","0","2010","A","N","Braxton County, West Virginia","Private","Rv parks and recreational camps","County, NAICS 4-digit -- by ownership sector","All establishment sizes",1,0,0,0,0,0,0,"N",3.71,0,0,0,0,0,0,"N",0,0.0,0,0,0,0,0,0,0,0,0,0,0,0
"54007","5","72121","77","0","2010","A","N","Braxton County, West Virginia","Private","Rv parks and recreational camps","County, NAICS 5-digit -- by ownership sector","All establishment sizes",1,0,0,0,0,0,0,"N",3.71,0,0,0,0,0,0,"N",0,0.0,0,0,0,0,0,0,0,0,0,0,0,0
"54007","5","721211","78","0","2010","A","N","Braxton County, West Virginia","Private","Rv parks and campgrounds","County, NAICS 6-digit -- by ownership sector","All establishment sizes",1,0,0,0,0,0,0,"N",6.05,0,0,0,0,0,0,"N",0,0.0,0,0,0,0,0,0,0,0,0,0,0,0
"54007","5","722","75","0","2010","A","","Braxton County, West Virginia","Private","Food services and drinking places","County, NAICS 3-digit -- by ownership sector","All establishment sizes",26,321,3841324,3067195,59843,230,11964,"",1.16,1.07,1.32,1.26,1.05,1.24,1.24,"",-1,-3.7,-7,-2.1,19802,0.5,-29492,-1.0,-2280,-3.7,6,2.7,310,2.7
"54007","5","7221","76","0","2010","A","N","Braxton County, West Virginia","Private","Full-service restaurants","County, NAICS 4-digit -- by ownership sector","All establishment sizes",13,0,0,0,0,0,0,"N",1.47,0,0,0,0,0,0,"N",0,0.0,0,0,0,0,0,0,0,0,0,0,0,0
"54007","5","72211","77","0","2010","A","N","Braxton County, West Virginia","Private","Full-service restaurants","County, NAICS 5-digit -- by ownership sector","All establishment sizes",13,0,0,0,0,0,0,"N",1.47,0,0,0,0,0,0,"N",0,0.0,0,0,0,0,0,0,0,0,0,0,0,0
"54007","5","722110","78","0","2010","A","N","Braxton County, West Virginia","Private","Full-service restaurants","County, NAICS 6-digit -- by ownership sector","All establishment sizes",13,0,0,0,0,0,0,"N",1.47,0,0,0,0,0,0,"N",0,0.0,0,0,0,0,0,0,0,0,0,0,0,0
"54007","5","7222","76","0","2010","A","","Braxton County, West Virginia","Private","Limited-service eating places","County, NAICS 4-digit -- by ownership sector","All establishment sizes",12,197,2179432,1730758,35134,213,11072,"",1.14,1.53,2.01,1.81,1.77,1.32,1.32,"",1,9.1,16,8.8,150382,7.4,99459,6.1,2455,7.5,-2,-0.9,-118,-1.1
"54007","5","72221","77","0","2010","A","","Braxton County, West Virginia","Private","Limited-service eating places","County, NAICS 5-digit -- by ownership sector","All establishment sizes",12,197,2179432,1730758,35134,213,11072,"",1.14,1.53,2.01,1.81,1.77,1.32,1.32,"",1,9.1,16,8.8,150382,7.4,99459,6.1,2455,7.5,-2,-0.9,-118,-1.1
"54007","5","722211","78","0","2010","A","N","Braxton County, West Virginia","Private","Limited-service restaurants","County, NAICS 6-digit -- by ownership sector","All establishment sizes",10,0,0,0,0,0,0,"N",1.20,0,0,0,0,0,0,"N",0,0.0,0,0,0,0,0,0,0,0,0,0,0,0
"54007","5","722213","78","0","2010","A","N","Braxton County, West Virginia","Private","Snack and nonalcoholic beverage bars","County, NAICS 6-digit -- by ownership sector","All establishment sizes",2,0,0,0,0,0,0,"N",1.06,0,0,0,0,0,0,"N",1,100.0,0,0,0,0,0,0,0,0,0,0,0,0
"54007","5","7224","76","0","2010","A","N","Braxton County, West Virginia","Private","Drinking places, alcoholic beverages","County, NAICS 4-digit -- by ownership sector","All establishment sizes",1,0,0,0,0,0,0,"N",0.54,0,0,0,0,0,0,"N",-1,-50.0,0,0,0,0,0,0,0,0,0,0,0,0
"54007","5","72241","77","0","2010","A","N","Braxton County, West Virginia","Private","Drinking places, alcoholic beverages","County, NAICS 5-digit -- by ownership sector","All establishment sizes",1,0,0,0,0,0,0,"N",0.54,0,0,0,0,0,0,"N",-1,-50.0,0,0,0,0,0,0,0,0,0,0,0,0
"54007","5","722410","78","0","2010","A","N","Braxton County, West Virginia","Private","Drinking places, alcoholic beverages","County, NAICS 6-digit -- by ownership sector","All establishment sizes",1,0,0,0,0,0,0,"N",0.54,0,0,0,0,0,0,"N",-1,-50.0,0,0,0,0,0,0,0,0,0,0,0,0
"54007","5","81","74","0","2010","A","","Braxton County, West Virginia","Private","Other services, except public administration","County, NAICS Sector -- by ownership sector","All establishment sizes",36,73,2112942,863670,32012,556,28911,"",0.71,0.52,0.83,0.71,0.93,1.59,1.59,"",5,16.1,3,4.3,352471,20.0,122571,16.5,6847,27.2,75,15.6,3910,15.6
"54007","5","811","75","0","2010","A","","Braxton County, West Virginia","Private","Repair and maintenance","County, NAICS 3-digit -- by ownership sector","All establishment sizes",11,39,1393131,510887,24102,683,35494,"",1.24,1.07,1.69,1.28,2.06,1.57,1.57,"",0,0.0,4,11.4,325659,30.5,116014,29.4,6596,37.7,88,14.8,4553,14.7
"54007","5","8111","76","0","2010","A","","Braxton County, West Virginia","Private","Automotive repair and maintenance","County, NAICS 4-digit -- by ownership sector","All establishment sizes",8,15,397448,182636,8203,510,26497,"",1.26,0.59,0.78,0.67,1.10,1.34,1.33,"",0,0.0,1,7.1,111019,38.8,19863,12.2,1308,19.0,126,32.8,6514,32.6
"54007","5","81111","77","0","2010","A","N","Braxton County, West Virginia","Private","Automotive mechanical and electrical repair","County, NAICS 5-digit -- by ownership sector","All establishment sizes",6,0,0,0,0,0,0,"N",1.63,0,0,0,0,0,0,"N",0,0.0,0,0,0,0,0,0,0,0,0,0,0,0
"54007","5","811111","78","0","2010","A","N","Braxton County, West Virginia","Private","General automotive repair","County, NAICS 6-digit -- by ownership sector","All establishment sizes",6,0,0,0,0,0,0,"N",1.96,0,0,0,0,0,0,"N",0,0.0,0,0,0,0,0,0,0,0,0,0,0,0
"54007","5","81112","77","0","2010","A","N","Braxton County, West Virginia","Private","Automotive body, interior, and glass repair","County, NAICS 5-digit -- by ownership sector","All establishment sizes",2,0,0,0,0,0,0,"N",1.23,0,0,0,0,0,0,"N",0,0.0,0,0,0,0,0,0,0,0,0,0,0,0
"54007","5","811121","78","0","2010","A","N","Braxton County, West Virginia","Private","Automotive body and interior repair","County, NAICS 6-digit -- by ownership sector","All establishment sizes",2,0,0,0,0,0,0,"N",1.43,0,0,0,0,0,0,"N",0,0.0,0,0,0,0,0,0,0,0,0,0,0,0
"54007","5","8113","76","0","2010","A","","Braxton County, West Virginia","Private","Commercial machinery repair and maintenance","County, NAICS 4-digit -- by ownership sector","All establishment sizes",3,24,995683,328251,15899,790,41059,"",2.78,4.31,5.78,4.81,6.75,1.33,1.33,"",0,0.0,4,20.0,214640,27.5,96151,41.4,5288,49.8,45,6.0,2330,6.0
"54007","5","81131","77","0","2010","A","","Braxton County, West Virginia","Private","Commercial machinery repair and maintenance","County, NAICS 5-digit -- by ownership sector","All establishment sizes",3,24,995683,328251,15899,790,41059,"",2.78,4.31,5.78,4.81,6.75,1.33,1.33,"",0,0.0,4,20.0,214640,27.5,96151,41.4,5288,49.8,45,6.0,2330,6.0
"54007","5","811310","78","0","2010","A","","Braxton County, West Virginia","Private","Commercial machinery repair and maintenance","County, NAICS 6-digit -- by ownership sector","All establishment sizes",3,24,995683,328251,15899,790,41059,"",2.78,4.31,5.78,4.81,6.75,1.33,1.33,"",0,0.0,4,20.0,214640,27.5,96151,41.4,5288,49.8,45,6.0,2330,6.0
"54007","5","812","75","0","2010","A","","Braxton County, West Virginia","Private","Personal and laundry services","County, NAICS 3-digit -- by ownership sector","All establishment sizes",3,7,280903,93930,2047,728,37875,"",0.39,0.17,0.49,0.26,0.23,2.68,2.68,"",0,0.0,-2,-22.2,-22182,-7.3,-28308,-23.2,-735,-26.4,62,9.3,3237,9.3
"54007","5","8122","76","0","2010","A","","Braxton County, West Virginia","Private","Death care services","County, NAICS 4-digit -- by ownership sector","All establishment sizes",3,7,280903,93930,2047,728,37875,"",4.07,1.67,3.24,2.52,2.18,1.83,1.83,"",0,0.0,-2,-22.2,-22182,-7.3,-28308,-23.2,-735,-26.4,62,9.3,3237,9.3
"54007","5","81221","77","0","2010","A","","Braxton County, West Virginia","Private","Funeral homes and funeral services","County, NAICS 5-digit -- by ownership sector","All establishment sizes",3,7,280903,93930,2047,728,37875,"",5.38,2.15,4.16,3.28,3.37,1.83,1.83,"",0,0.0,-2,-22.2,-22182,-7.3,-28308,-23.2,-735,-26.4,62,9.3,3237,9.3
"54007","5","812210","78","0","2010","A","","Braxton County, West Virginia","Private","Funeral homes and funeral services","County, NAICS 6-digit -- by ownership sector","All establishment sizes",3,7,280903,93930,2047,728,37875,"",5.38,2.15,4.16,3.28,3.37,1.83,1.83,"",0,0.0,-2,-22.2,-22182,-7.3,-28308,-23.2,-735,-26.4,62,9.3,3237,9.3
"54007","5","813","75","0","2010","A","","Braxton County, West Virginia","Private","Membership associations and organizations","County, NAICS 3-digit -- by ownership sector","All establishment sizes",6,13,247458,97734,1666,368,19158,"",1.07,0.31,0.27,0.36,0.21,0.87,0.87,"",1,20.0,-1,-7.1,16951,7.4,12514,14.7,341,25.7,49,15.4,2595,15.7
"54007","5","8131","76","0","2010","A","N","Braxton County, West Virginia","Private","Religious organizations","County, NAICS 4-digit -- by ownership sector","All establishment sizes",2,0,0,0,0,0,0,"N",2.34,0,0,0,0,0,0,"N",1,100.0,0,0,0,0,0,0,0,0,0,0,0,0
"54007","5","81311","77","0","2010","A","N","Braxton County, West Virginia","Private","Religious organizations","County, NAICS 5-digit -- by ownership sector","All establishment sizes",2,0,0,0,0,0,0,"N",2.34,0,0,0,0,0,0,"N",1,100.0,0,0,0,0,0,0,0,0,0,0,0,0
"54007","5","813110","78","0","2010","A","N","Braxton County, West Virginia","Private","Religious organizations","County, NAICS 6-digit -- by ownership sector","All establishment sizes",2,0,0,0,0,0,0,"N",2.34,0,0,0,0,0,0,"N",1,100.0,0,0,0,0,0,0,0,0,0,0,0,0
"54007","5","8133","76","0","2010","A","N","Braxton County, West Virginia","Private","Social advocacy organizations","County, NAICS 4-digit -- by ownership sector","All establishment sizes",1,0,0,0,0,0,0,"N",1.35,0,0,0,0,0,0,"N",0,0.0,0,0,0,0,0,0,0,0,0,0,0,0
"54007","5","81331","77","0","2010","A","N","Braxton County, West Virginia","Private","Social advocacy organizations","County, NAICS 5-digit -- by ownership sector","All establishment sizes",1,0,0,0,0,0,0,"N",1.35,0,0,0,0,0,0,"N",0,0.0,0,0,0,0,0,0,0,0,0,0,0,0
"54007","5","813319","78","0","2010","A","N","Braxton County, West Virginia","Private","Other social advocacy organizations","County, NAICS 6-digit -- by ownership sector","All establishment sizes",1,0,0,0,0,0,0,"N",2.67,0,0,0,0,0,0,"N",0,0.0,0,0,0,0,0,0,0,0,0,0,0,0
"54007","5","8134","76","0","2010","A","N","Braxton County, West Virginia","Private","Civic and social organizations","County, NAICS 4-digit -- by ownership sector","All establishment sizes",1,0,0,0,0,0,0,"N",0.91,0,0,0,0,0,0,"N",0,0.0,0,0,0,0,0,0,0,0,0,0,0,0
"54007","5","81341","77","0","2010","A","N","Braxton County, West Virginia","Private","Civic and social organizations","County, NAICS 5-digit -- by ownership sector","All establishment sizes",1,0,0,0,0,0,0,"N",0.91,0,0,0,0,0,0,"N",0,0.0,0,0,0,0,0,0,0,0,0,0,0,0
"54007","5","813410","78","0","2010","A","N","Braxton County, West Virginia","Private","Civic and social organizations","County, NAICS 6-digit -- by ownership sector","All establishment sizes",1,0,0,0,0,0,0,"N",0.91,0,0,0,0,0,0,"N",0,0.0,0,0,0,0,0,0,0,0,0,0,0,0
"54007","5","8139","76","0","2010","A","N","Braxton County, West Virginia","Private","Professional and similar organizations","County, NAICS 4-digit -- by ownership sector","All establishment sizes",2,0,0,0,0,0,0,"N",0.84,0,0,0,0,0,0,"N",0,0.0,0,0,0,0,0,0,0,0,0,0,0,0
"54007","5","81392","77","0","2010","A","N","Braxton County, West Virginia","Private","Professional organizations","County, NAICS 5-digit -- by ownership sector","All establishment sizes",1,0,0,0,0,0,0,"N",3.52,0,0,0,0,0,0,"N",0,0.0,0,0,0,0,0,0,0,0,0,0,0,0
"54007","5","813920","78","0","2010","A","N","Braxton County, West Virginia","Private","Professional organizations","County, NAICS 6-digit -- by ownership sector","All establishment sizes",1,0,0,0,0,0,0,"N",3.52,0,0,0,0,0,0,"N",0,0.0,0,0,0,0,0,0,0,0,0,0,0,0
"54007","5","81393","77","0","2010","A","N","Braxton County, West Virginia","Private","Labor unions and similar labor organizations","County, NAICS 5-digit -- by ownership sector","All establishment sizes",1,0,0,0,0,0,0,"N",1.71,0,0,0,0,0,0,"N",0,0.0,0,0,0,0,0,0,0,0,0,0,0,0
"54007","5","813930","78","0","2010","A","N","Braxton County, West Virginia","Private","Labor unions and similar labor organizations","County, NAICS 6-digit -- by ownership sector","All establishment sizes",1,0,0,0,0,0,0,"N",1.71,0,0,0,0,0,0,"N",0,0.0,0,0,0,0,0,0,0,0,0,0,0,0
"54007","5","814","75","0","2010","A","","Braxton County, West Virginia","Private","Private households","County, NAICS 3-digit -- by ownership sector","All establishment sizes",16,14,191450,161119,4197,273,14181,"",0.56,0.69,0.87,0.87,0.69,1.31,1.31,"",4,33.3,1,7.7,32043,20.1,22351,16.1,645,18.2,42,18.2,2150,17.9
"54007","5","8141","76","0","2010","A","","Braxton County, West Virginia","Private","Private households","County, NAICS 4-digit -- by ownership sector","All establishment sizes",16,14,191450,161119,4197,273,14181,"",0.56,0.69,0.87,0.87,0.69,1.31,1.31,"",4,33.3,1,7.7,32043,20.1,22351,16.1,645,18.2,42,18.2,2150,17.9
"54007","5","81411","77","0","2010","A","","Braxton County, West Virginia","Private","Private households","County, NAICS 5-digit -- by ownership sector","All establishment sizes",16,14,191450,161119,4197,273,14181,"",0.56,0.69,0.87,0.87,0.69,1.31,1.31,"",4,33.3,1,7.7,32043,20.1,22351,16.1,645,18.2,42,18.2,2150,17.9
"54007","5","814110","78","0","2010","A","","Braxton County, West Virginia","Private","Private households","County, NAICS 6-digit -- by ownership sector","All establishment sizes",16,14,191450,161119,4197,273,14181,"",0.56,0.69,0.87,0.87,0.69,1.31,1.31,"",4,33.3,1,7.7,32043,20.1,22351,16.1,645,18.2,42,18.2,2150,17.9
"54007","5","99","74","0","2010","A","","Braxton County, West Virginia","Private","Unclassified","County, NAICS Sector -- by ownership sector","All establishment sizes",1,1,11074,11074,299,197,10222,"",0.15,0.20,0.07,0.16,0.13,0.33,0.33,"",0,0.0,1,100.0,11074,100.0,11074,100.0,299,100.0,197,100.0,10222,100.0
"54007","5","999","75","0","2010","A","","Braxton County, West Virginia","Private","Unclassified","County, NAICS 3-digit -- by ownership sector","All establishment sizes",1,1,11074,11074,299,197,10222,"",0.15,0.20,0.07,0.16,0.13,0.33,0.33,"",0,0.0,1,100.0,11074,100.0,11074,100.0,299,100.0,197,100.0,10222,100.0
"54007","5","9999","76","0","2010","A","","Braxton County, West Virginia","Private","Unclassified","County, NAICS 4-digit -- by ownership sector","All establishment sizes",1,1,11074,11074,299,197,10222,"",0.15,0.20,0.07,0.16,0.13,0.33,0.33,"",0,0.0,1,100.0,11074,100.0,11074,100.0,299,100.0,197,100.0,10222,100.0
"54007","5","99999","77","0","2010","A","","Braxton County, West Virginia","Private","Unclassified","County, NAICS 5-digit -- by ownership sector","All establishment sizes",1,1,11074,11074,299,197,10222,"",0.15,0.20,0.07,0.16,0.13,0.33,0.33,"",0,0.0,1,100.0,11074,100.0,11074,100.0,299,100.0,197,100.0,10222,100.0
"54007","5","999999","78","0","2010","A","","Braxton County, West Virginia","Private","Unclassified","County, NAICS 6-digit -- by ownership sector","All establishment sizes",1,1,11074,11074,299,197,10222,"",0.15,0.20,0.07,0.16,0.13,0.33,0.33,"",0,0.0,1,100.0,11074,100.0,11074,100.0,299,100.0,197,100.0,10222,100.0
