"area_fips","own_code","industry_code","agglvl_code","size_code","year","qtr","disclosure_code","area_title","own_title","industry_title","agglvl_title","size_title","annual_avg_estabs_count","annual_avg_emplvl","total_annual_wages","taxable_annual_wages","annual_contributions","annual_avg_wkly_wage","avg_annual_pay","lq_disclosure_code","lq_annual_avg_estabs_count","lq_annual_avg_emplvl","lq_total_annual_wages","lq_taxable_annual_wages","lq_annual_contributions","lq_annual_avg_wkly_wage","lq_avg_annual_pay","oty_disclosure_code","oty_annual_avg_estabs_count_chg","oty_annual_avg_estabs_count_pct_chg","oty_annual_avg_emplvl_chg","oty_annual_avg_emplvl_pct_chg","oty_total_annual_wages_chg","oty_total_annual_wages_pct_chg","oty_taxable_annual_wages_chg","oty_taxable_annual_wages_pct_chg","oty_annual_contributions_chg","oty_annual_contributions_pct_chg","oty_annual_avg_wkly_wage_chg","oty_annual_avg_wkly_wage_pct_chg","oty_avg_annual_pay_chg","oty_avg_annual_pay_pct_chg"
"39141","0","10","70","0","2008","A","","Ross County, Ohio","Total Covered","Total, all industries","County, Total Covered","All establishment sizes",1441,26216,993721555,164679706,4480718,729,37905,"",1.00,1.00,1.00,1.00,1.00,1.00,1.00,"",-5,-0.3,-616,-2.3,8404089,0.9,-10045111,-5.7,73768,1.7,23,3.3,1183,3.2
"39141","1","10","71","0","2008","A","","Ross County, Ohio","Federal Government","Total, all industries","County, Total -- by ownership sector","All establishment sizes",25,1463,106621516,0,0,1402,72887,"",2.45,2.72,3.60,0.00,0.00,1.32,1.32,"",0,0.0,113,8.4,13171307,14.1,0,0.0,0,0.0,71,5.3,3656,5.3
"39141","1","102","72","0","2008","A","","Ross County, Ohio","Federal Government","Service-providing","County, by Domain -- by ownership sector","All establishment sizes",25,1463,106621516,0,0,1402,72887,"",2.45,2.77,3.66,0.00,0.00,1.32,1.32,"",0,0.0,113,8.4,13171307,14.1,0,0.0,0,0.0,71,5.3,3656,5.3
"39141","1","1021","73","0","2008","A","","Ross County, Ohio","Federal Government","Trade, transportation, and utilities","County, by Supersector -- by ownership sector","All establishment sizes",10,162,7375898,0,0,876,45530,"",2.00,1.01,1.05,0.00,0.00,1.05,1.05,"",-1,-9.1,0,0.0,100063,1.4,0,0.0,0,0.0,10,1.2,502,1.1
"39141","1","1024","73","0","2008","A","","Ross County, Ohio","Federal Government","Professional and business services","County, by Supersector -- by ownership sector","All establishment sizes",1,5,278262,0,0,1036,53857,"",4.00,0.39,0.34,0.00,0.00,0.85,0.85,"",0,0.0,1,25.0,73158,35.7,0,0.0,0,0.0,-16,-1.5,-837,-1.5
"39141","1","1025","73","0","2008","A","","Ross County, Ohio","Federal Government","Education and health services","County, by Supersector -- by ownership sector","All establishment sizes",1,1208,94898914,0,0,1511,78564,"",8.77,20.46,31.03,0.00,0.00,1.52,1.52,"",0,0.0,106,9.6,12758623,15.5,0,0.0,0,0.0,77,5.4,3998,5.4
"39141","1","1026","73","0","2008","A","","Ross County, Ohio","Federal Government","Leisure and hospitality","County, by Supersector -- by ownership sector","All establishment sizes",2,36,991419,0,0,527,27413,"",10.30,3.33,2.99,0.00,0.00,0.89,0.90,"",0,0.0,1,2.9,17640,1.8,0,0.0,0,0.0,-9,-1.7,-476,-1.7
"39141","1","1028","73","0","2008","A","","Ross County, Ohio","Federal Government","Public administration","County, by Supersector -- by ownership sector","All establishment sizes",11,52,3077023,0,0,1147,59651,"",2.49,0.19,0.17,0.00,0.00,0.95,0.95,"",1,10.0,4,8.3,221823,7.8,0,0.0,0,0.0,3,0.3,168,0.3
"39141","1","48-49","74","0","2008","A","","Ross County, Ohio","Federal Government","Transportation and warehousing","County, NAICS Sector -- by ownership sector","All establishment sizes",10,162,7375898,0,0,876,45530,"",2.05,1.09,1.12,0.00,0.00,1.02,1.02,"",-1,-9.1,0,0.0,100063,1.4,0,0.0,0,0.0,10,1.2,502,1.1
"39141","1","491","75","0","2008","A","","Ross County, Ohio","Federal Government","Postal service","County, NAICS 3-digit -- by ownership sector","All establishment sizes",10,162,7375898,0,0,876,45530,"",2.07,1.11,1.15,0.00,0.00,1.04,1.04,"",-1,-9.1,0,0.0,100063,1.4,0,0.0,0,0.0,10,1.2,502,1.1
"39141","1","4911","76","0","2008","A","","Ross County, Ohio","Federal Government","Postal service","County, NAICS 4-digit -- by ownership sector","All establishment sizes",10,162,7375898,0,0,876,45530,"",2.07,1.11,1.15,0.00,0.00,1.04,1.04,"",-1,-9.1,0,0.0,100063,1.4,0,0.0,0,0.0,10,1.2,502,1.1
"39141","1","49111","77","0","2008","A","","Ross County, Ohio","Federal Government","Postal service","County, NAICS 5-digit -- by ownership sector","All establishment sizes",10,162,7375898,0,0,876,45530,"",2.07,1.11,1.15,0.00,0.00,1.04,1.04,"",-1,-9.1,0,0.0,100063,1.4,0,0.0,0,0.0,10,1.2,502,1.1
"39141","1","491110","78","0","2008","A","","Ross County, Ohio","Federal Government","Postal service","County, NAICS 6-digit -- by ownership sector","All establishment sizes",10,162,7375898,0,0,876,45530,"",2.07,1.11,1.15,0.00,0.00,1.04,1.04,"",-1,-9.1,0,0.0,100063,1.4,0,0.0,0,0.0,10,1.2,502,1.1
"39141","1","54","74","0","2008","A","","Ross County, Ohio","Federal Government","Professional and technical services","County, NAICS Sector -- by ownership sector","All establishment sizes",1,5,278262,0,0,1036,53857,"",4.22,0.40,0.35,0.00,0.00,0.83,0.83,"",0,0.0,1,25.0,73158,35.7,0,0.0,0,0.0,-16,-1.5,-837,-1.5
"39141","1","541","75","0","2008","A","","Ross County, Ohio","Federal Government","Professional and technical services","County, NAICS 3-digit -- by ownership sector","All establishment sizes",1,5,278262,0,0,1036,53857,"",4.22,0.40,0.35,0.00,0.00,0.83,0.83,"",0,0.0,1,25.0,73158,35.7,0,0.0,0,0.0,-16,-1.5,-837,-1.5
"39141","1","5413","76","0","2008","A","","Ross County, Ohio","Federal Government","Architectural and engineering services","County, NAICS 4-digit -- by ownership sector","All establishment sizes",1,5,278262,0,0,1036,53857,"",7.43,0.57,0.50,0.00,0.00,0.85,0.85,"",0,0.0,1,25.0,73158,35.7,0,0.0,0,0.0,-16,-1.5,-837,-1.5
"39141","1","54133","77","0","2008","A","","Ross County, Ohio","Federal Government","Engineering services","County, NAICS 5-digit -- by ownership sector","All establishment sizes",1,5,278262,0,0,1036,53857,"",7.45,0.59,0.52,0.00,0.00,0.84,0.84,"",0,0.0,1,25.0,73158,35.7,0,0.0,0,0.0,-16,-1.5,-837,-1.5
"39141","1","541330","78","0","2008","A","","Ross County, Ohio","Federal Government","Engineering services","County, NAICS 6-digit -- by ownership sector","All establishment sizes",1,5,278262,0,0,1036,53857,"",7.45,0.59,0.52,0.00,0.00,0.84,0.84,"",0,0.0,1,25.0,73158,35.7,0,0.0,0,0.0,-16,-1.5,-837,-1.5
"39141","1","62","74","0","2008","A","","Ross County, Ohio","Federal Government","Health care and social assistance","County, NAICS Sector -- by ownership sector","All establishment sizes",1,1208,94898914,0,0,1511,78564,"",10.17,21.14,32.08,0.00,0.00,1.52,1.52,"",0,0.0,106,9.6,12758623,15.5,0,0.0,0,0.0,77,5.4,3998,5.4
"39141","1","622","75","0","2008","A","","Ross County, Ohio","Federal Government","Hospitals","County, NAICS 3-digit -- by ownership sector","All establishment sizes",1,1208,94898914,0,0,1511,78564,"",21.96,22.72,33.86,0.00,0.00,1.49,1.49,"",0,0.0,106,9.6,12758623,15.5,0,0.0,0,0.0,77,5.4,3998,5.4
"39141","1","6222","76","0","2008","A","","Ross County, Ohio","Federal Government","Psychiatric and substance abuse hospitals","County, NAICS 4-digit -- by ownership sector","All establishment sizes",1,1208,94898914,0,0,1511,78564,"",787.83,867.67,1142.40,0.00,0.00,1.32,1.32,"",0,0.0,106,9.6,12758623,15.5,0,0.0,0,0.0,77,5.4,3998,5.4
"39141","1","62221","77","0","2008","A","","Ross County, Ohio","Federal Government","Psychiatric and substance abuse hospitals","County, NAICS 5-digit -- by ownership sector","All establishment sizes",1,1208,94898914,0,0,1511,78564,"",787.83,867.67,1142.40,0.00,0.00,1.32,1.32,"",0,0.0,106,9.6,12758623,15.5,0,0.0,0,0.0,77,5.4,3998,5.4
"39141","1","622210","78","0","2008","A","","Ross County, Ohio","Federal Government","Psychiatric and substance abuse hospitals","County, NAICS 6-digit -- by ownership sector","All establishment sizes",1,1208,94898914,0,0,1511,78564,"",787.83,867.67,1142.40,0.00,0.00,1.32,1.32,"",0,0.0,106,9.6,12758623,15.5,0,0.0,0,0.0,77,5.4,3998,5.4
"39141","1","71","74","0","2008","A","","Ross County, Ohio","Federal Government","Arts, entertainment, and recreation","County, NAICS Sector -- by ownership sector","All establishment sizes",1,17,686443,0,0,765,39794,"",6.69,2.16,2.47,0.00,0.00,1.13,1.13,"",0,0.0,1,6.2,-35320,-4.9,0,0.0,0,0.0,-89,-10.4,-4622,-10.4
"39141","1","712","75","0","2008","A","","Ross County, Ohio","Federal Government","Museums, historical sites, zoos, and parks","County, NAICS 3-digit -- by ownership sector","All establishment sizes",1,17,686443,0,0,765,39794,"",10.35,3.54,3.14,0.00,0.00,0.87,0.88,"",0,0.0,1,6.2,-35320,-4.9,0,0.0,0,0.0,-89,-10.4,-4622,-10.4
"39141","1","7121","76","0","2008","A","","Ross County, Ohio","Federal Government","Museums, historical sites, zoos, and parks","County, NAICS 4-digit -- by ownership sector","All establishment sizes",1,17,686443,0,0,765,39794,"",10.35,3.54,3.14,0.00,0.00,0.87,0.88,"",0,0.0,1,6.2,-35320,-4.9,0,0.0,0,0.0,-89,-10.4,-4622,-10.4
"39141","1","71219","77","0","2008","A","","Ross County, Ohio","Federal Government","Nature parks and other similar institutions","County, NAICS 5-digit -- by ownership sector","All establishment sizes",1,17,686443,0,0,765,39794,"",11.25,4.90,4.86,0.00,0.00,0.98,0.98,"",0,0.0,1,6.2,-35320,-4.9,0,0.0,0,0.0,-89,-10.4,-4622,-10.4
"39141","1","712190","78","0","2008","A","","Ross County, Ohio","Federal Government","Nature parks and other similar institutions","County, NAICS 6-digit -- by ownership sector","All establishment sizes",1,17,686443,0,0,765,39794,"",11.25,4.90,4.86,0.00,0.00,0.98,0.98,"",0,0.0,1,6.2,-35320,-4.9,0,0.0,0,0.0,-89,-10.4,-4622,-10.4
"39141","1","72","74","0","2008","A","","Ross County, Ohio","Federal Government","Accommodation and food services","County, NAICS Sector -- by ownership sector","All establishment sizes",1,19,304976,0,0,310,16122,"",22.27,6.49,5.77,0.00,0.00,0.89,0.89,"",0,0.0,0,0.0,52960,21.0,0,0.0,0,0.0,50,19.2,2621,19.4
"39141","1","722","75","0","2008","A","","Ross County, Ohio","Federal Government","Food services and drinking places","County, NAICS 3-digit -- by ownership sector","All establishment sizes",1,19,304976,0,0,310,16122,"",46.00,15.18,13.42,0.00,0.00,0.89,0.89,"",0,0.0,0,0.0,52960,21.0,0,0.0,0,0.0,50,19.2,2621,19.4
"39141","1","7222","76","0","2008","A","","Ross County, Ohio","Federal Government","Limited-service eating places","County, NAICS 4-digit -- by ownership sector","All establishment sizes",1,19,304976,0,0,310,16122,"",106.82,37.80,31.36,0.00,0.00,0.83,0.83,"",0,0.0,0,0.0,52960,21.0,0,0.0,0,0.0,50,19.2,2621,19.4
"39141","1","72221","77","0","2008","A","","Ross County, Ohio","Federal Government","Limited-service eating places","County, NAICS 5-digit -- by ownership sector","All establishment sizes",1,19,304976,0,0,310,16122,"",106.82,37.80,31.36,0.00,0.00,0.83,0.83,"",0,0.0,0,0.0,52960,21.0,0,0.0,0,0.0,50,19.2,2621,19.4
"39141","1","722212","78","0","2008","A","","Ross County, Ohio","Federal Government","Cafeterias, grill buffets, and buffets","County, NAICS 6-digit -- by ownership sector","All establishment sizes",1,19,304976,0,0,310,16122,"",252.10,84.66,76.39,0.00,0.00,0.91,0.91,"",0,0.0,0,0.0,52960,21.0,0,0.0,0,0.0,50,19.2,2621,19.4
"39141","1","92","74","0","2008","A","","Ross County, Ohio","Federal Government","Public administration","County, NAICS Sector -- by ownership sector","All establishment sizes",11,52,3077023,0,0,1147,59651,"",2.49,0.19,0.17,0.00,0.00,0.95,0.95,"",1,10.0,4,8.3,221823,7.8,0,0.0,0,0.0,3,0.3,168,0.3
"39141","1","921","75","0","2008","A","","Ross County, Ohio","Federal Government","Executive, legislative and general government","County, NAICS 3-digit -- by ownership sector","All establishment sizes",1,4,338799,0,0,1564,81312,"",2.56,0.12,0.18,0.00,0.00,1.39,1.39,"",0,0.0,0,0.0,119825,54.7,0,0.0,0,0.0,361,30.0,18748,30.0
"39141","1","9211","76","0","2008","A","","Ross County, Ohio","Federal Government","Executive, legislative and general government","County, NAICS 4-digit -- by ownership sector","All establishment sizes",1,4,338799,0,0,1564,81312,"",2.56,0.12,0.18,0.00,0.00,1.39,1.39,"",0,0.0,0,0.0,119825,54.7,0,0.0,0,0.0,361,30.0,18748,30.0
"39141","1","92113","77","0","2008","A","","Ross County, Ohio","Federal Government","Public finance activities","County, NAICS 5-digit -- by ownership sector","All establishment sizes",1,4,338799,0,0,1564,81312,"",9.39,0.19,0.27,0.00,0.00,1.36,1.37,"",0,0.0,0,0.0,119825,54.7,0,0.0,0,0.0,361,30.0,18748,30.0
"39141","1","921130","78","0","2008","A","","Ross County, Ohio","Federal Government","Public finance activities","County, NAICS 6-digit -- by ownership sector","All establishment sizes",1,4,338799,0,0,1564,81312,"",9.39,0.19,0.27,0.00,0.00,1.36,1.37,"",0,0.0,0,0.0,119825,54.7,0,0.0,0,0.0,361,30.0,18748,30.0
"39141","1","922","75","0","2008","A","","Ross County, Ohio","Federal Government","Justice, public order, and safety activities","County, NAICS 3-digit -- by ownership sector","All establishment sizes",1,1,73184,0,0,1689,87821,"",1.54,0.02,0.02,0.00,0.00,1.21,1.21,"",0,0.0,0,0.0,25160,52.4,0,0.0,0,0.0,-158,-8.6,-8227,-8.6
"39141","1","9221","76","0","2008","A","","Ross County, Ohio","Federal Government","Justice, public order, and safety activities","County, NAICS 4-digit -- by ownership sector","All establishment sizes",1,1,73184,0,0,1689,87821,"",1.54,0.02,0.02,0.00,0.00,1.21,1.21,"",0,0.0,0,0.0,25160,52.4,0,0.0,0,0.0,-158,-8.6,-8227,-8.6
"39141","1","92219","77","0","2008","A","","Ross County, Ohio","Federal Government","Other justice and safety activities","County, NAICS 5-digit -- by ownership sector","All establishment sizes",1,1,73184,0,0,1689,87821,"",5.99,0.30,0.32,0.00,0.00,1.27,1.27,"",0,0.0,0,0.0,25160,52.4,0,0.0,0,0.0,-158,-8.6,-8227,-8.6
"39141","1","922190","78","0","2008","A","","Ross County, Ohio","Federal Government","Other justice and safety activities","County, NAICS 6-digit -- by ownership sector","All establishment sizes",1,1,73184,0,0,1689,87821,"",5.99,0.30,0.32,0.00,0.00,1.27,1.27,"",0,0.0,0,0.0,25160,52.4,0,0.0,0,0.0,-158,-8.6,-8227,-8.6
"39141","1","923","75","0","2008","A","","Ross County, Ohio","Federal Government","Administration of human resource programs","County, NAICS 3-digit -- by ownership sector","All establishment sizes",2,25,1458237,0,0,1133,58919,"",5.02,0.89,0.81,0.00,0.00,0.92,0.92,"",0,0.0,0,0.0,-53923,-3.6,0,0.0,0,0.0,-30,-2.6,-1567,-2.6
"39141","1","9231","76","0","2008","A","","Ross County, Ohio","Federal Government","Administration of human resource programs","County, NAICS 4-digit -- by ownership sector","All establishment sizes",2,25,1458237,0,0,1133,58919,"",5.02,0.89,0.81,0.00,0.00,0.92,0.92,"",0,0.0,0,0.0,-53923,-3.6,0,0.0,0,0.0,-30,-2.6,-1567,-2.6
"39141","1","92313","77","0","2008","A","","Ross County, Ohio","Federal Government","Other human resource programs administration","County, NAICS 5-digit -- by ownership sector","All establishment sizes",2,25,1458237,0,0,1133,58919,"",7.43,1.82,1.86,0.00,0.00,1.03,1.03,"",0,0.0,0,0.0,-53923,-3.6,0,0.0,0,0.0,-30,-2.6,-1567,-2.6
"39141","1","923130","78","0","2008","A","","Ross County, Ohio","Federal Government","Other human resource programs administration","County, NAICS 6-digit -- by ownership sector","All establishment sizes",2,25,1458237,0,0,1133,58919,"",7.43,1.82,1.86,0.00,0.00,1.03,1.03,"",0,0.0,0,0.0,-53923,-3.6,0,0.0,0,0.0,-30,-2.6,-1567,-2.6
"39141","1","924","75","0","2008","A","","Ross County, Ohio","Federal Government","Administration of environmental programs","County, NAICS 3-digit -- by ownership sector","All establishment sizes",2,11,795770,0,0,1370,71263,"",1.91,0.52,0.69,0.00,0.00,1.30,1.30,"",0,0.0,0,0.0,63650,8.7,0,0.0,0,0.0,50,3.8,2627,3.8
"39141","1","9241","76","0","2008","A","","Ross County, Ohio","Federal Government","Administration of environmental programs","County, NAICS 4-digit -- by ownership sector","All establishment sizes",2,11,795770,0,0,1370,71263,"",1.91,0.52,0.69,0.00,0.00,1.30,1.30,"",0,0.0,0,0.0,63650,8.7,0,0.0,0,0.0,50,3.8,2627,3.8
"39141","1","92411","77","0","2008","A","","Ross County, Ohio","Federal Government","Air, water, and waste program administration","County, NAICS 5-digit -- by ownership sector","All establishment sizes",1,1,92342,0,0,1776,92342,"",31.36,0.29,0.39,0.00,0.00,1.34,1.34,"",0,0.0,0,0.0,-2781,-2.9,0,0.0,0,0.0,-53,-2.9,-2781,-2.9
"39141","1","924110","78","0","2008","A","","Ross County, Ohio","Federal Government","Air, water, and waste program administration","County, NAICS 6-digit -- by ownership sector","All establishment sizes",1,1,92342,0,0,1776,92342,"",31.36,0.29,0.39,0.00,0.00,1.34,1.34,"",0,0.0,0,0.0,-2781,-2.9,0,0.0,0,0.0,-53,-2.9,-2781,-2.9
"39141","1","92412","77","0","2008","A","","Ross County, Ohio","Federal Government","Administration of conservation programs","County, NAICS 5-digit -- by ownership sector","All establishment sizes",1,10,703428,0,0,1331,69190,"",0.98,0.57,0.77,0.00,0.00,1.33,1.33,"",0,0.0,0,0.0,66431,10.4,0,0.0,0,0.0,64,5.1,3294,5.0
"39141","1","924120","78","0","2008","A","","Ross County, Ohio","Federal Government","Administration of conservation programs","County, NAICS 6-digit -- by ownership sector","All establishment sizes",1,10,703428,0,0,1331,69190,"",0.98,0.57,0.77,0.00,0.00,1.33,1.33,"",0,0.0,0,0.0,66431,10.4,0,0.0,0,0.0,64,5.1,3294,5.0
"39141","1","926","75","0","2008","A","","Ross County, Ohio","Federal Government","Administration of economic programs","County, NAICS 3-digit -- by ownership sector","All establishment sizes",4,8,311468,0,0,712,37006,"",2.66,0.18,0.11,0.00,0.00,0.58,0.58,"",1,33.3,1,14.3,16599,5.6,0,0.0,0,0.0,-61,-7.9,-3203,-8.0
"39141","1","9261","76","0","2008","A","","Ross County, Ohio","Federal Government","Administration of economic programs","County, NAICS 4-digit -- by ownership sector","All establishment sizes",4,8,311468,0,0,712,37006,"",2.66,0.18,0.11,0.00,0.00,0.58,0.58,"",1,33.3,1,14.3,16599,5.6,0,0.0,0,0.0,-61,-7.9,-3203,-8.0
"39141","1","92611","77","0","2008","A","","Ross County, Ohio","Federal Government","Administration of general economic programs","County, NAICS 5-digit -- by ownership sector","All establishment sizes",1,0,3383,0,0,390,20298,"",2.12,0.00,0.01,0.00,0.00,0.30,0.30,"N",1,100.0,0,0,0,0,0,0,0,0,0,0,0,0
"39141","1","926110","78","0","2008","A","","Ross County, Ohio","Federal Government","Administration of general economic programs","County, NAICS 6-digit -- by ownership sector","All establishment sizes",1,0,3383,0,0,390,20298,"",2.12,0.00,0.01,0.00,0.00,0.30,0.30,"N",1,100.0,0,0,0,0,0,0,0,0,0,0,0,0
"39141","1","92612","77","0","2008","A","","Ross County, Ohio","Federal Government","Transportation program administration","County, NAICS 5-digit -- by ownership sector","All establishment sizes",1,1,75178,0,0,1446,75178,"",3.58,0.05,0.06,0.00,0.00,1.25,1.25,"",0,0.0,0,0.0,2899,4.0,0,0.0,0,0.0,56,4.0,2899,4.0
"39141","1","926120","78","0","2008","A","","Ross County, Ohio","Federal Government","Transportation program administration","County, NAICS 6-digit -- by ownership sector","All establishment sizes",1,1,75178,0,0,1446,75178,"",3.58,0.05,0.06,0.00,0.00,1.25,1.25,"",0,0.0,0,0.0,2899,4.0,0,0.0,0,0.0,56,4.0,2899,4.0
"39141","1","92614","77","0","2008","A","","Ross County, Ohio","Federal Government","Agricultural market and commodity regulation","County, NAICS 5-digit -- by ownership sector","All establishment sizes",2,7,232907,0,0,618,32125,"",3.35,0.72,0.44,0.00,0.00,0.59,0.59,"",0,0.0,1,16.7,10317,4.6,0,0.0,0,0.0,-58,-8.6,-3021,-8.6
"39141","1","926140","78","0","2008","A","","Ross County, Ohio","Federal Government","Agricultural market and commodity regulation","County, NAICS 6-digit -- by ownership sector","All establishment sizes",2,7,232907,0,0,618,32125,"",3.35,0.72,0.44,0.00,0.00,0.59,0.59,"",0,0.0,1,16.7,10317,4.6,0,0.0,0,0.0,-58,-8.6,-3021,-8.6
"39141","1","928","75","0","2008","A","","Ross County, Ohio","Federal Government","National security and international affairs","County, NAICS 3-digit -- by ownership sector","All establishment sizes",1,2,99565,0,0,851,44251,"",2.65,0.02,0.02,0.00,0.00,0.74,0.74,"",0,0.0,1,100.0,50512,103.0,0,0.0,0,0.0,-92,-9.8,-4802,-9.8
"39141","1","9281","76","0","2008","A","","Ross County, Ohio","Federal Government","National security and international affairs","County, NAICS 4-digit -- by ownership sector","All establishment sizes",1,2,99565,0,0,851,44251,"",2.65,0.02,0.02,0.00,0.00,0.74,0.74,"",0,0.0,1,100.0,50512,103.0,0,0.0,0,0.0,-92,-9.8,-4802,-9.8
"39141","1","92811","77","0","2008","A","","Ross County, Ohio","Federal Government","National security","County, NAICS 5-digit -- by ownership sector","All establishment sizes",1,2,99565,0,0,851,44251,"",2.97,0.02,0.02,0.00,0.00,0.74,0.74,"",0,0.0,1,100.0,50512,103.0,0,0.0,0,0.0,-92,-9.8,-4802,-9.8
"39141","1","928110","78","0","2008","A","","Ross County, Ohio","Federal Government","National security","County, NAICS 6-digit -- by ownership sector","All establishment sizes",1,2,99565,0,0,851,44251,"",2.97,0.02,0.02,0.00,0.00,0.74,0.74,"",0,0.0,1,100.0,50512,103.0,0,0.0,0,0.0,-92,-9.8,-4802,-9.8
"39141","2","10","71","0","2008","A","","Ross County, Ohio","State Government","Total, all industries","County, Total -- by ownership sector","All establishment sizes",24,1647,76371576,0,0,892,46361,"",2.24,1.82,2.12,0.00,0.00,1.16,1.16,"",-1,-4.0,-39,-2.3,1574094,2.1,0,0.0,0,0.0,39,4.6,1995,4.5
"39141","2","102","72","0","2008","A","","Ross County, Ohio","State Government","Service-providing","County, by Domain -- by ownership sector","All establishment sizes",24,1647,76371576,0,0,892,46361,"",2.30,1.86,2.16,0.00,0.00,1.16,1.16,"",-1,-4.0,-39,-2.3,1574094,2.1,0,0.0,0,0.0,39,4.6,1995,4.5
"39141","2","1025","73","0","2008","A","N","Ross County, Ohio","State Government","Education and health services","County, by Supersector -- by ownership sector","All establishment sizes",1,0,0,0,0,0,0,"N",0.47,0,0,0,0,0,0,"N",0,0.0,0,0,0,0,0,0,0,0,0,0,0,0
"39141","2","1028","73","0","2008","A","N","Ross County, Ohio","State Government","Public administration","County, by Supersector -- by ownership sector","All establishment sizes",23,0,0,0,0,0,0,"N",2.97,0,0,0,0,0,0,"N",-1,-4.2,0,0,0,0,0,0,0,0,0,0,0,0
"39141","2","61","74","0","2008","A","N","Ross County, Ohio","State Government","Educational services","County, NAICS Sector -- by ownership sector","All establishment sizes",1,0,0,0,0,0,0,"N",0.85,0,0,0,0,0,0,"N",0,0.0,0,0,0,0,0,0,0,0,0,0,0,0
"39141","2","611","75","0","2008","A","N","Ross County, Ohio","State Government","Educational services","County, NAICS 3-digit -- by ownership sector","All establishment sizes",1,0,0,0,0,0,0,"N",0.85,0,0,0,0,0,0,"N",0,0.0,0,0,0,0,0,0,0,0,0,0,0,0
"39141","2","6113","76","0","2008","A","N","Ross County, Ohio","State Government","Colleges and universities","County, NAICS 4-digit -- by ownership sector","All establishment sizes",1,0,0,0,0,0,0,"N",1.15,0,0,0,0,0,0,"N",0,0.0,0,0,0,0,0,0,0,0,0,0,0,0
"39141","2","61131","77","0","2008","A","N","Ross County, Ohio","State Government","Colleges and universities","County, NAICS 5-digit -- by ownership sector","All establishment sizes",1,0,0,0,0,0,0,"N",1.15,0,0,0,0,0,0,"N",0,0.0,0,0,0,0,0,0,0,0,0,0,0,0
"39141","2","611310","78","0","2008","A","N","Ross County, Ohio","State Government","Colleges and universities","County, NAICS 6-digit -- by ownership sector","All establishment sizes",1,0,0,0,0,0,0,"N",1.15,0,0,0,0,0,0,"N",0,0.0,0,0,0,0,0,0,0,0,0,0,0,0
"39141","2","92","74","0","2008","A","N","Ross County, Ohio","State Government","Public administration","County, NAICS Sector -- by ownership sector","All establishment sizes",23,0,0,0,0,0,0,"N",2.97,0,0,0,0,0,0,"N",-1,-4.2,0,0,0,0,0,0,0,0,0,0,0,0
"39141","2","921","75","0","2008","A","N","Ross County, Ohio","State Government","Executive, legislative and general government","County, NAICS 3-digit -- by ownership sector","All establishment sizes",1,0,0,0,0,0,0,"N",1.17,0,0,0,0,0,0,"N",0,0.0,0,0,0,0,0,0,0,0,0,0,0,0
"39141","2","9211","76","0","2008","A","N","Ross County, Ohio","State Government","Executive, legislative and general government","County, NAICS 4-digit -- by ownership sector","All establishment sizes",1,0,0,0,0,0,0,"N",1.17,0,0,0,0,0,0,"N",0,0.0,0,0,0,0,0,0,0,0,0,0,0,0
"39141","2","92119","77","0","2008","A","N","Ross County, Ohio","State Government","Other general government support","County, NAICS 5-digit -- by ownership sector","All establishment sizes",1,0,0,0,0,0,0,"N",2.99,0,0,0,0,0,0,"N",0,0.0,0,0,0,0,0,0,0,0,0,0,0,0
"39141","2","921190","78","0","2008","A","N","Ross County, Ohio","State Government","Other general government support","County, NAICS 6-digit -- by ownership sector","All establishment sizes",1,0,0,0,0,0,0,"N",2.99,0,0,0,0,0,0,"N",0,0.0,0,0,0,0,0,0,0,0,0,0,0,0
"39141","2","922","75","0","2008","A","","Ross County, Ohio","State Government","Justice, public order, and safety activities","County, NAICS 3-digit -- by ownership sector","All establishment sizes",8,1209,58567499,0,0,932,48460,"",3.68,8.21,9.60,0.00,0.00,1.17,1.17,"",-2,-20.0,-25,-2.0,1506677,2.6,0,0.0,0,0.0,43,4.8,2235,4.8
"39141","2","9221","76","0","2008","A","","Ross County, Ohio","State Government","Justice, public order, and safety activities","County, NAICS 4-digit -- by ownership sector","All establishment sizes",8,1209,58567499,0,0,932,48460,"",3.68,8.21,9.60,0.00,0.00,1.17,1.17,"",-2,-20.0,-25,-2.0,1506677,2.6,0,0.0,0,0.0,43,4.8,2235,4.8
"39141","2","92211","77","0","2008","A","N","Ross County, Ohio","State Government","Courts","County, NAICS 5-digit -- by ownership sector","All establishment sizes",1,0,0,0,0,0,0,"N",2.09,0,0,0,0,0,0,"N",0,0.0,0,0,0,0,0,0,0,0,0,0,0,0
"39141","2","922110","78","0","2008","A","N","Ross County, Ohio","State Government","Courts","County, NAICS 6-digit -- by ownership sector","All establishment sizes",1,0,0,0,0,0,0,"N",2.09,0,0,0,0,0,0,"N",0,0.0,0,0,0,0,0,0,0,0,0,0,0,0
"39141","2","92212","77","0","2008","A","N","Ross County, Ohio","State Government","Police protection","County, NAICS 5-digit -- by ownership sector","All establishment sizes",1,0,0,0,0,0,0,"N",2.49,0,0,0,0,0,0,"N",0,0.0,0,0,0,0,0,0,0,0,0,0,0,0
"39141","2","922120","78","0","2008","A","N","Ross County, Ohio","State Government","Police protection","County, NAICS 6-digit -- by ownership sector","All establishment sizes",1,0,0,0,0,0,0,"N",2.49,0,0,0,0,0,0,"N",0,0.0,0,0,0,0,0,0,0,0,0,0,0,0
"39141","2","92213","77","0","2008","A","N","Ross County, Ohio","State Government","Legal counsel and prosecution","County, NAICS 5-digit -- by ownership sector","All establishment sizes",2,0,0,0,0,0,0,"N",5.89,0,0,0,0,0,0,"N",0,0.0,0,0,0,0,0,0,0,0,0,0,0,0
"39141","2","922130","78","0","2008","A","N","Ross County, Ohio","State Government","Legal counsel and prosecution","County, NAICS 6-digit -- by ownership sector","All establishment sizes",2,0,0,0,0,0,0,"N",5.89,0,0,0,0,0,0,"N",0,0.0,0,0,0,0,0,0,0,0,0,0,0,0
"39141","2","92214","77","0","2008","A","N","Ross County, Ohio","State Government","Correctional institutions","County, NAICS 5-digit -- by ownership sector","All establishment sizes",3,0,0,0,0,0,0,"N",4.26,0,0,0,0,0,0,"N",-2,-40.0,0,0,0,0,0,0,0,0,0,0,0,0
"39141","2","922140","78","0","2008","A","N","Ross County, Ohio","State Government","Correctional institutions","County, NAICS 6-digit -- by ownership sector","All establishment sizes",3,0,0,0,0,0,0,"N",4.26,0,0,0,0,0,0,"N",-2,-40.0,0,0,0,0,0,0,0,0,0,0,0,0
"39141","2","92215","77","0","2008","A","N","Ross County, Ohio","State Government","Parole offices and probation offices","County, NAICS 5-digit -- by ownership sector","All establishment sizes",1,0,0,0,0,0,0,"N",7.87,0,0,0,0,0,0,"N",0,0.0,0,0,0,0,0,0,0,0,0,0,0,0
"39141","2","922150","78","0","2008","A","N","Ross County, Ohio","State Government","Parole offices and probation offices","County, NAICS 6-digit -- by ownership sector","All establishment sizes",1,0,0,0,0,0,0,"N",7.87,0,0,0,0,0,0,"N",0,0.0,0,0,0,0,0,0,0,0,0,0,0,0
"39141","2","923","75","0","2008","A","N","Ross County, Ohio","State Government","Administration of human resource programs","County, NAICS 3-digit -- by ownership sector","All establishment sizes",4,0,0,0,0,0,0,"N",2.41,0,0,0,0,0,0,"N",0,0.0,0,0,0,0,0,0,0,0,0,0,0,0
"39141","2","9231","76","0","2008","A","N","Ross County, Ohio","State Government","Administration of human resource programs","County, NAICS 4-digit -- by ownership sector","All establishment sizes",4,0,0,0,0,0,0,"N",2.41,0,0,0,0,0,0,"N",0,0.0,0,0,0,0,0,0,0,0,0,0,0,0
"39141","2","92311","77","0","2008","A","N","Ross County, Ohio","State Government","Administration of education programs","County, NAICS 5-digit -- by ownership sector","All establishment sizes",1,0,0,0,0,0,0,"N",5.51,0,0,0,0,0,0,"N",0,0.0,0,0,0,0,0,0,0,0,0,0,0,0
"39141","2","923110","78","0","2008","A","N","Ross County, Ohio","State Government","Administration of education programs","County, NAICS 6-digit -- by ownership sector","All establishment sizes",1,0,0,0,0,0,0,"N",5.51,0,0,0,0,0,0,"N",0,0.0,0,0,0,0,0,0,0,0,0,0,0,0
"39141","2","92312","77","0","2008","A","N","Ross County, Ohio","State Government","Administration of public health programs","County, NAICS 5-digit -- by ownership sector","All establishment sizes",2,0,0,0,0,0,0,"N",3.74,0,0,0,0,0,0,"N",1,100.0,0,0,0,0,0,0,0,0,0,0,0,0
"39141","2","923120","78","0","2008","A","N","Ross County, Ohio","State Government","Administration of public health programs","County, NAICS 6-digit -- by ownership sector","All establishment sizes",2,0,0,0,0,0,0,"N",3.74,0,0,0,0,0,0,"N",1,100.0,0,0,0,0,0,0,0,0,0,0,0,0
"39141","2","92313","77","0","2008","A","N","Ross County, Ohio","State Government","Other human resource programs administration","County, NAICS 5-digit -- by ownership sector","All establishment sizes",2,0,0,0,0,0,0,"N",2.31,0,0,0,0,0,0,"N",0,0.0,0,0,0,0,0,0,0,0,0,0,0,0
"39141","2","923130","78","0","2008","A","N","Ross County, Ohio","State Government","Other human resource programs administration","County, NAICS 6-digit -- by ownership sector","All establishment sizes",2,0,0,0,0,0,0,"N",2.31,0,0,0,0,0,0,"N",0,0.0,0,0,0,0,0,0,0,0,0,0,0,0
"39141","2","924","75","0","2008","A","N","Ross County, Ohio","State Government","Administration of environmental programs","County, NAICS 3-digit -- by ownership sector","All establishment sizes",1,0,0,0,0,0,0,"N",0.94,0,0,0,0,0,0,"N",0,0.0,0,0,0,0,0,0,0,0,0,0,0,0
"39141","2","9241","76","0","2008","A","N","Ross County, Ohio","State Government","Administration of environmental programs","County, NAICS 4-digit -- by ownership sector","All establishment sizes",1,0,0,0,0,0,0,"N",0.94,0,0,0,0,0,0,"N",0,0.0,0,0,0,0,0,0,0,0,0,0,0,0
"39141","2","92412","77","0","2008","A","N","Ross County, Ohio","State Government","Administration of conservation programs","County, NAICS 5-digit -- by ownership sector","All establishment sizes",1,0,0,0,0,0,0,"N",1.17,0,0,0,0,0,0,"N",0,0.0,0,0,0,0,0,0,0,0,0,0,0,0
"39141","2","924120","78","0","2008","A","N","Ross County, Ohio","State Government","Administration of conservation programs","County, NAICS 6-digit -- by ownership sector","All establishment sizes",1,0,0,0,0,0,0,"N",1.17,0,0,0,0,0,0,"N",0,0.0,0,0,0,0,0,0,0,0,0,0,0,0
"39141","2","925","75","0","2008","A","N","Ross County, Ohio","State Government","Community and housing program administration","County, NAICS 3-digit -- by ownership sector","All establishment sizes",1,0,0,0,0,0,0,"N",16.41,0,0,0,0,0,0,"N",0,0.0,0,0,0,0,0,0,0,0,0,0,0,0
"39141","2","9251","76","0","2008","A","N","Ross County, Ohio","State Government","Community and housing program administration","County, NAICS 4-digit -- by ownership sector","All establishment sizes",1,0,0,0,0,0,0,"N",16.41,0,0,0,0,0,0,"N",0,0.0,0,0,0,0,0,0,0,0,0,0,0,0
"39141","2","92512","77","0","2008","A","N","Ross County, Ohio","State Government","Urban and rural development administration","County, NAICS 5-digit -- by ownership sector","All establishment sizes",1,0,0,0,0,0,0,"N",31.51,0,0,0,0,0,0,"N",0,0.0,0,0,0,0,0,0,0,0,0,0,0,0
"39141","2","925120","78","0","2008","A","N","Ross County, Ohio","State Government","Urban and rural development administration","County, NAICS 6-digit -- by ownership sector","All establishment sizes",1,0,0,0,0,0,0,"N",31.51,0,0,0,0,0,0,"N",0,0.0,0,0,0,0,0,0,0,0,0,0,0,0
"39141","2","926","75","0","2008","A","N","Ross County, Ohio","State Government","Administration of economic programs","County, NAICS 3-digit -- by ownership sector","All establishment sizes",7,0,0,0,0,0,0,"N",3.88,0,0,0,0,0,0,"N",0,0.0,0,0,0,0,0,0,0,0,0,0,0,0
"39141","2","9261","76","0","2008","A","N","Ross County, Ohio","State Government","Administration of economic programs","County, NAICS 4-digit -- by ownership sector","All establishment sizes",7,0,0,0,0,0,0,"N",3.88,0,0,0,0,0,0,"N",0,0.0,0,0,0,0,0,0,0,0,0,0,0,0
"39141","2","92611","77","0","2008","A","N","Ross County, Ohio","State Government","Administration of general economic programs","County, NAICS 5-digit -- by ownership sector","All establishment sizes",1,0,0,0,0,0,0,"N",6.35,0,0,0,0,0,0,"N",0,0.0,0,0,0,0,0,0,0,0,0,0,0,0
"39141","2","926110","78","0","2008","A","N","Ross County, Ohio","State Government","Administration of general economic programs","County, NAICS 6-digit -- by ownership sector","All establishment sizes",1,0,0,0,0,0,0,"N",6.35,0,0,0,0,0,0,"N",0,0.0,0,0,0,0,0,0,0,0,0,0,0,0
"39141","2","92612","77","0","2008","A","N","Ross County, Ohio","State Government","Transportation program administration","County, NAICS 5-digit -- by ownership sector","All establishment sizes",1,0,0,0,0,0,0,"N",1.70,0,0,0,0,0,0,"N",0,0.0,0,0,0,0,0,0,0,0,0,0,0,0
"39141","2","926120","78","0","2008","A","N","Ross County, Ohio","State Government","Transportation program administration","County, NAICS 6-digit -- by ownership sector","All establishment sizes",1,0,0,0,0,0,0,"N",1.70,0,0,0,0,0,0,"N",0,0.0,0,0,0,0,0,0,0,0,0,0,0,0
"39141","2","92613","77","0","2008","A","N","Ross County, Ohio","State Government","Utility regulation and administration","County, NAICS 5-digit -- by ownership sector","All establishment sizes",1,0,0,0,0,0,0,"N",22.11,0,0,0,0,0,0,"N",0,0.0,0,0,0,0,0,0,0,0,0,0,0,0
"39141","2","926130","78","0","2008","A","N","Ross County, Ohio","State Government","Utility regulation and administration","County, NAICS 6-digit -- by ownership sector","All establishment sizes",1,0,0,0,0,0,0,"N",22.11,0,0,0,0,0,0,"N",0,0.0,0,0,0,0,0,0,0,0,0,0,0,0
"39141","2","92614","77","0","2008","A","N","Ross County, Ohio","State Government","Agricultural market and commodity regulation","County, NAICS 5-digit -- by ownership sector","All establishment sizes",1,0,0,0,0,0,0,"N",1.83,0,0,0,0,0,0,"N",0,0.0,0,0,0,0,0,0,0,0,0,0,0,0
"39141","2","926140","78","0","2008","A","N","Ross County, Ohio","State Government","Agricultural market and commodity regulation","County, NAICS 6-digit -- by ownership sector","All establishment sizes",1,0,0,0,0,0,0,"N",1.83,0,0,0,0,0,0,"N",0,0.0,0,0,0,0,0,0,0,0,0,0,0,0
"39141","2","92615","77","0","2008","A","N","Ross County, Ohio","State Government","Licensing and regulating commercial sectors","County, NAICS 5-digit -- by ownership sector","All establishment sizes",3,0,0,0,0,0,0,"N",6.41,0,0,0,0,0,0,"N",0,0.0,0,0,0,0,0,0,0,0,0,0,0,0
"39141","2","926150","78","0","2008","A","N","Ross County, Ohio","State Government","Licensing and regulating commercial sectors","County, NAICS 6-digit -- by ownership sector","All establishment sizes",3,0,0,0,0,0,0,"N",6.41,0,0,0,0,0,0,"N",0,0.0,0,0,0,0,0,0,0,0,0,0,0,0
"39141","2","928","75","0","2008","A","N","Ross County, Ohio","State Government","National security and international affairs","County, NAICS 3-digit -- by ownership sector","All establishment sizes",1,0,0,0,0,0,0,"N",8.27,0,0,0,0,0,0,"N",0,0.0,0,0,0,0,0,0,0,0,0,0,0,0
"39141","2","9281","76","0","2008","A","N","Ross County, Ohio","State Government","National security and international affairs","County, NAICS 4-digit -- by ownership sector","All establishment sizes",1,0,0,0,0,0,0,"N",8.27,0,0,0,0,0,0,"N",0,0.0,0,0,0,0,0,0,0,0,0,0,0,0
"39141","2","92811","77","0","2008","A","N","Ross County, Ohio","State Government","National security","County, NAICS 5-digit -- by ownership sector","All establishment sizes",1,0,0,0,0,0,0,"N",8.30,0,0,0,0,0,0,"N",0,0.0,0,0,0,0,0,0,0,0,0,0,0,0
"39141","2","928110","78","0","2008","A","N","Ross County, Ohio","State Government","National security","County, NAICS 6-digit -- by ownership sector","All establishment sizes",1,0,0,0,0,0,0,"N",8.30,0,0,0,0,0,0,"N",0,0.0,0,0,0,0,0,0,0,0,0,0,0,0
"39141","3","10","71","0","2008","A","","Ross County, Ohio","Local Government","Total, all industries","County, Total -- by ownership sector","All establishment sizes",88,3328,115128152,234565,16095,665,34599,"",3.45,1.20,1.18,0.10,0.65,0.98,0.98,"",0,0.0,4,0.1,4119661,3.7,-4319,-1.8,-31,-0.2,23,3.6,1207,3.6
"39141","3","101","72","0","2008","A","N","Ross County, Ohio","Local Government","Goods-producing","County, by Domain -- by ownership sector","All establishment sizes",1,0,0,0,0,0,0,"N",1.35,0,0,0,0,0,0,"N",0,0.0,0,0,0,0,0,0,0,0,0,0,0,0
"39141","3","1012","73","0","2008","A","N","Ross County, Ohio","Local Government","Construction","County, by Supersector -- by ownership sector","All establishment sizes",1,0,0,0,0,0,0,"N",1.38,0,0,0,0,0,0,"N",0,0.0,0,0,0,0,0,0,0,0,0,0,0,0
"39141","3","102","72","0","2008","A","N","Ross County, Ohio","Local Government","Service-providing","County, by Domain -- by ownership sector","All establishment sizes",87,0,0,0,0,0,0,"N",3.51,0,0,0,0,0,0,"N",0,0.0,0,0,0,0,0,0,0,0,0,0,0,0
"39141","3","1021","73","0","2008","A","","Ross County, Ohio","Local Government","Trade, transportation, and utilities","County, by Supersector -- by ownership sector","All establishment sizes",4,79,3143720,66030,592,764,39710,"",2.20,0.78,0.69,0.56,0.37,0.89,0.89,"",0,0.0,3,3.9,205465,7.0,-1069,-1.6,-77,-11.5,18,2.4,921,2.4
"39141","3","1022","73","0","2008","A","N","Ross County, Ohio","Local Government","Information","County, by Supersector -- by ownership sector","All establishment sizes",1,0,0,0,0,0,0,"N",1.25,0,0,0,0,0,0,"N",0,0.0,0,0,0,0,0,0,0,0,0,0,0,0
"39141","3","1024","73","0","2008","A","","Ross County, Ohio","Local Government","Professional and business services","County, by Supersector -- by ownership sector","All establishment sizes",3,58,2383082,0,0,796,41385,"",4.78,3.27,3.78,0.00,0.00,1.16,1.16,"",0,0.0,4,7.4,244289,11.4,0,0.0,0,0.0,30,3.9,1532,3.8
"39141","3","1025","73","0","2008","A","","Ross County, Ohio","Local Government","Education and health services","County, by Supersector -- by ownership sector","All establishment sizes",31,2268,82981410,0,0,704,36592,"",2.89,1.33,1.44,0.00,0.00,1.08,1.08,"",0,0.0,15,0.7,3203288,4.0,0,0.0,0,0.0,23,3.4,1180,3.3
"39141","3","1026","73","0","2008","A","N","Ross County, Ohio","Local Government","Leisure and hospitality","County, by Supersector -- by ownership sector","All establishment sizes",1,0,0,0,0,0,0,"N",1.44,0,0,0,0,0,0,"N",0,0.0,0,0,0,0,0,0,0,0,0,0,0,0
"39141","3","1027","73","0","2008","A","N","Ross County, Ohio","Local Government","Other services","County, by Supersector -- by ownership sector","All establishment sizes",2,0,0,0,0,0,0,"N",5.77,0,0,0,0,0,0,"N",0,0.0,0,0,0,0,0,0,0,0,0,0,0,0
"39141","3","1028","73","0","2008","A","","Ross County, Ohio","Local Government","Public administration","County, by Supersector -- by ownership sector","All establishment sizes",45,811,24110910,168535,15503,572,29730,"",4.76,1.02,0.79,0.17,1.34,0.77,0.77,"",0,0.0,-19,-2.3,513543,2.2,-3250,-1.9,46,0.3,25,4.6,1291,4.5
"39141","3","22","74","0","2008","A","N","Ross County, Ohio","Local Government","Utilities","County, NAICS Sector -- by ownership sector","All establishment sizes",3,0,0,0,0,0,0,"N",2.26,0,0,0,0,0,0,"N",0,0.0,0,0,0,0,0,0,0,0,0,0,0,0
"39141","3","221","75","0","2008","A","N","Ross County, Ohio","Local Government","Utilities","County, NAICS 3-digit -- by ownership sector","All establishment sizes",3,0,0,0,0,0,0,"N",2.26,0,0,0,0,0,0,"N",0,0.0,0,0,0,0,0,0,0,0,0,0,0,0
"39141","3","2213","76","0","2008","A","N","Ross County, Ohio","Local Government","Water, sewage and other systems","County, NAICS 4-digit -- by ownership sector","All establishment sizes",3,0,0,0,0,0,0,"N",2.65,0,0,0,0,0,0,"N",0,0.0,0,0,0,0,0,0,0,0,0,0,0,0
"39141","3","22131","77","0","2008","A","N","Ross County, Ohio","Local Government","Water supply and irrigation systems","County, NAICS 5-digit -- by ownership sector","All establishment sizes",1,0,0,0,0,0,0,"N",1.31,0,0,0,0,0,0,"N",0,0.0,0,0,0,0,0,0,0,0,0,0,0,0
"39141","3","221310","78","0","2008","A","N","Ross County, Ohio","Local Government","Water supply and irrigation systems","County, NAICS 6-digit -- by ownership sector","All establishment sizes",1,0,0,0,0,0,0,"N",1.31,0,0,0,0,0,0,"N",0,0.0,0,0,0,0,0,0,0,0,0,0,0,0
"39141","3","22132","77","0","2008","A","N","Ross County, Ohio","Local Government","Sewage treatment facilities","County, NAICS 5-digit -- by ownership sector","All establishment sizes",2,0,0,0,0,0,0,"N",5.41,0,0,0,0,0,0,"N",0,0.0,0,0,0,0,0,0,0,0,0,0,0,0
"39141","3","221320","78","0","2008","A","N","Ross County, Ohio","Local Government","Sewage treatment facilities","County, NAICS 6-digit -- by ownership sector","All establishment sizes",2,0,0,0,0,0,0,"N",5.41,0,0,0,0,0,0,"N",0,0.0,0,0,0,0,0,0,0,0,0,0,0,0
"39141","3","23","74","0","2008","A","N","Ross County, Ohio","Local Government","Construction","County, NAICS Sector -- by ownership sector","All establishment sizes",1,0,0,0,0,0,0,"N",1.38,0,0,0,0,0,0,"N",0,0.0,0,0,0,0,0,0,0,0,0,0,0,0
"39141","3","237","75","0","2008","A","N","Ross County, Ohio","Local Government","Heavy and civil engineering construction","County, NAICS 3-digit -- by ownership sector","All establishment sizes",1,0,0,0,0,0,0,"N",1.43,0,0,0,0,0,0,"N",0,0.0,0,0,0,0,0,0,0,0,0,0,0,0
"39141","3","2373","76","0","2008","A","N","Ross County, Ohio","Local Government","Highway, street, and bridge construction","County, NAICS 4-digit -- by ownership sector","All establishment sizes",1,0,0,0,0,0,0,"N",1.50,0,0,0,0,0,0,"N",0,0.0,0,0,0,0,0,0,0,0,0,0,0,0
"39141","3","23731","77","0","2008","A","N","Ross County, Ohio","Local Government","Highway, street, and bridge construction","County, NAICS 5-digit -- by ownership sector","All establishment sizes",1,0,0,0,0,0,0,"N",1.50,0,0,0,0,0,0,"N",0,0.0,0,0,0,0,0,0,0,0,0,0,0,0
"39141","3","237310","78","0","2008","A","N","Ross County, Ohio","Local Government","Highway, street, and bridge construction","County, NAICS 6-digit -- by ownership sector","All establishment sizes",1,0,0,0,0,0,0,"N",1.50,0,0,0,0,0,0,"N",0,0.0,0,0,0,0,0,0,0,0,0,0,0,0
"39141","3","48-49","74","0","2008","A","N","Ross County, Ohio","Local Government","Transportation and warehousing","County, NAICS Sector -- by ownership sector","All establishment sizes",1,0,0,0,0,0,0,"N",2.52,0,0,0,0,0,0,"N",0,0.0,0,0,0,0,0,0,0,0,0,0,0,0
"39141","3","485","75","0","2008","A","N","Ross County, Ohio","Local Government","Transit and ground passenger transportation","County, NAICS 3-digit -- by ownership sector","All establishment sizes",1,0,0,0,0,0,0,"N",4.27,0,0,0,0,0,0,"N",0,0.0,0,0,0,0,0,0,0,0,0,0,0,0
"39141","3","4851","76","0","2008","A","N","Ross County, Ohio","Local Government","Urban transit systems","County, NAICS 4-digit -- by ownership sector","All establishment sizes",1,0,0,0,0,0,0,"N",14.16,0,0,0,0,0,0,"N",0,0.0,0,0,0,0,0,0,0,0,0,0,0,0
"39141","3","48511","77","0","2008","A","N","Ross County, Ohio","Local Government","Urban transit systems","County, NAICS 5-digit -- by ownership sector","All establishment sizes",1,0,0,0,0,0,0,"N",14.16,0,0,0,0,0,0,"N",0,0.0,0,0,0,0,0,0,0,0,0,0,0,0
"39141","3","485113","78","0","2008","A","N","Ross County, Ohio","Local Government","Bus and other motor vehicle transit systems","County, NAICS 6-digit -- by ownership sector","All establishment sizes",1,0,0,0,0,0,0,"N",19.51,0,0,0,0,0,0,"N",0,0.0,0,0,0,0,0,0,0,0,0,0,0,0
"39141","3","51","74","0","2008","A","N","Ross County, Ohio","Local Government","Information","County, NAICS Sector -- by ownership sector","All establishment sizes",1,0,0,0,0,0,0,"N",1.25,0,0,0,0,0,0,"N",0,0.0,0,0,0,0,0,0,0,0,0,0,0,0
"39141","3","519","75","0","2008","A","N","Ross County, Ohio","Local Government","Other information services","County, NAICS 3-digit -- by ownership sector","All establishment sizes",1,0,0,0,0,0,0,"N",1.31,0,0,0,0,0,0,"N",0,0.0,0,0,0,0,0,0,0,0,0,0,0,0
"39141","3","5191","76","0","2008","A","N","Ross County, Ohio","Local Government","Other information services","County, NAICS 4-digit -- by ownership sector","All establishment sizes",1,0,0,0,0,0,0,"N",1.31,0,0,0,0,0,0,"N",0,0.0,0,0,0,0,0,0,0,0,0,0,0,0
"39141","3","51912","77","0","2008","A","N","Ross County, Ohio","Local Government","Libraries and archives","County, NAICS 5-digit -- by ownership sector","All establishment sizes",1,0,0,0,0,0,0,"N",1.31,0,0,0,0,0,0,"N",0,0.0,0,0,0,0,0,0,0,0,0,0,0,0
"39141","3","519120","78","0","2008","A","N","Ross County, Ohio","Local Government","Libraries and archives","County, NAICS 6-digit -- by ownership sector","All establishment sizes",1,0,0,0,0,0,0,"N",1.31,0,0,0,0,0,0,"N",0,0.0,0,0,0,0,0,0,0,0,0,0,0,0
"39141","3","54","74","0","2008","A","N","Ross County, Ohio","Local Government","Professional and technical services","County, NAICS Sector -- by ownership sector","All establishment sizes",2,0,0,0,0,0,0,"N",14.32,0,0,0,0,0,0,"N",0,0.0,0,0,0,0,0,0,0,0,0,0,0,0
"39141","3","541","75","0","2008","A","N","Ross County, Ohio","Local Government","Professional and technical services","County, NAICS 3-digit -- by ownership sector","All establishment sizes",2,0,0,0,0,0,0,"N",14.32,0,0,0,0,0,0,"N",0,0.0,0,0,0,0,0,0,0,0,0,0,0,0
"39141","3","5413","76","0","2008","A","N","Ross County, Ohio","Local Government","Architectural and engineering services","County, NAICS 4-digit -- by ownership sector","All establishment sizes",2,0,0,0,0,0,0,"N",26.15,0,0,0,0,0,0,"N",0,0.0,0,0,0,0,0,0,0,0,0,0,0,0
"39141","3","54133","77","0","2008","A","N","Ross County, Ohio","Local Government","Engineering services","County, NAICS 5-digit -- by ownership sector","All establishment sizes",2,0,0,0,0,0,0,"N",31.59,0,0,0,0,0,0,"N",0,0.0,0,0,0,0,0,0,0,0,0,0,0,0
"39141","3","541330","78","0","2008","A","N","Ross County, Ohio","Local Government","Engineering services","County, NAICS 6-digit -- by ownership sector","All establishment sizes",2,0,0,0,0,0,0,"N",31.59,0,0,0,0,0,0,"N",0,0.0,0,0,0,0,0,0,0,0,0,0,0,0
"39141","3","56","74","0","2008","A","N","Ross County, Ohio","Local Government","Administrative and waste services","County, NAICS Sector -- by ownership sector","All establishment sizes",1,0,0,0,0,0,0,"N",2.05,0,0,0,0,0,0,"N",0,0.0,0,0,0,0,0,0,0,0,0,0,0,0
"39141","3","562","75","0","2008","A","N","Ross County, Ohio","Local Government","Waste management and remediation services","County, NAICS 3-digit -- by ownership sector","All establishment sizes",1,0,0,0,0,0,0,"N",5.42,0,0,0,0,0,0,"N",0,0.0,0,0,0,0,0,0,0,0,0,0,0,0
"39141","3","5629","76","0","2008","A","N","Ross County, Ohio","Local Government","Remediation and other waste services","County, NAICS 4-digit -- by ownership sector","All establishment sizes",1,0,0,0,0,0,0,"N",46.00,0,0,0,0,0,0,"N",0,0.0,0,0,0,0,0,0,0,0,0,0,0,0
"39141","3","56292","77","0","2008","A","N","Ross County, Ohio","Local Government","Materials recovery facilities","County, NAICS 5-digit -- by ownership sector","All establishment sizes",1,0,0,0,0,0,0,"N",58.36,0,0,0,0,0,0,"N",0,0.0,0,0,0,0,0,0,0,0,0,0,0,0
"39141","3","562920","78","0","2008","A","N","Ross County, Ohio","Local Government","Materials recovery facilities","County, NAICS 6-digit -- by ownership sector","All establishment sizes",1,0,0,0,0,0,0,"N",58.36,0,0,0,0,0,0,"N",0,0.0,0,0,0,0,0,0,0,0,0,0,0,0
"39141","3","61","74","0","2008","A","","Ross County, Ohio","Local Government","Educational services","County, NAICS Sector -- by ownership sector","All establishment sizes",27,2023,74323826,0,0,706,36733,"",2.79,1.32,1.45,0.00,0.00,1.09,1.10,"",0,0.0,9,0.4,2668422,3.7,0,0.0,0,0.0,22,3.2,1154,3.2
"39141","3","611","75","0","2008","A","","Ross County, Ohio","Local Government","Educational services","County, NAICS 3-digit -- by ownership sector","All establishment sizes",27,2023,74323826,0,0,706,36733,"",2.79,1.32,1.45,0.00,0.00,1.09,1.10,"",0,0.0,9,0.4,2668422,3.7,0,0.0,0,0.0,22,3.2,1154,3.2
"39141","3","6111","76","0","2008","A","","Ross County, Ohio","Local Government","Elementary and secondary schools","County, NAICS 4-digit -- by ownership sector","All establishment sizes",27,2023,74323826,0,0,706,36733,"",2.88,1.42,1.55,0.00,0.00,1.09,1.09,"",0,0.0,9,0.4,2668422,3.7,0,0.0,0,0.0,22,3.2,1154,3.2
"39141","3","61111","77","0","2008","A","","Ross County, Ohio","Local Government","Elementary and secondary schools","County, NAICS 5-digit -- by ownership sector","All establishment sizes",27,2023,74323826,0,0,706,36733,"",2.88,1.42,1.55,0.00,0.00,1.09,1.09,"",0,0.0,9,0.4,2668422,3.7,0,0.0,0,0.0,22,3.2,1154,3.2
"39141","3","611110","78","0","2008","A","","Ross County, Ohio","Local Government","Elementary and secondary schools","County, NAICS 6-digit -- by ownership sector","All establishment sizes",27,2023,74323826,0,0,706,36733,"",2.88,1.42,1.55,0.00,0.00,1.09,1.09,"",0,0.0,9,0.4,2668422,3.7,0,0.0,0,0.0,22,3.2,1154,3.2
"39141","3","62","74","0","2008","A","","Ross County, Ohio","Local Government","Health care and social assistance","County, NAICS Sector -- by ownership sector","All establishment sizes",4,244,8657584,0,0,681,35421,"",3.85,1.38,1.32,0.00,0.00,0.96,0.96,"",0,0.0,5,2.1,534866,6.6,0,0.0,0,0.0,27,4.1,1411,4.1
"39141","3","621","75","0","2008","A","N","Ross County, Ohio","Local Government","Ambulatory health care services","County, NAICS 3-digit -- by ownership sector","All establishment sizes",1,0,0,0,0,0,0,"N",3.24,0,0,0,0,0,0,"N",0,0.0,0,0,0,0,0,0,0,0,0,0,0,0
"39141","3","6211","76","0","2008","A","N","Ross County, Ohio","Local Government","Offices of physicians","County, NAICS 4-digit -- by ownership sector","All establishment sizes",1,0,0,0,0,0,0,"N",11.29,0,0,0,0,0,0,"N",0,0.0,0,0,0,0,0,0,0,0,0,0,0,0
"39141","3","62111","77","0","2008","A","N","Ross County, Ohio","Local Government","Offices of physicians","County, NAICS 5-digit -- by ownership sector","All establishment sizes",1,0,0,0,0,0,0,"N",11.29,0,0,0,0,0,0,"N",0,0.0,0,0,0,0,0,0,0,0,0,0,0,0
"39141","3","621112","78","0","2008","A","N","Ross County, Ohio","Local Government","Offices of mental health physicians","County, NAICS 6-digit -- by ownership sector","All establishment sizes",1,0,0,0,0,0,0,"N",700.29,0,0,0,0,0,0,"N",0,0.0,0,0,0,0,0,0,0,0,0,0,0,0
"39141","3","623","75","0","2008","A","N","Ross County, Ohio","Local Government","Nursing and residential care facilities","County, NAICS 3-digit -- by ownership sector","All establishment sizes",1,0,0,0,0,0,0,"N",7.87,0,0,0,0,0,0,"N",0,0.0,0,0,0,0,0,0,0,0,0,0,0,0
"39141","3","6239","76","0","2008","A","N","Ross County, Ohio","Local Government","Other residential care facilities","County, NAICS 4-digit -- by ownership sector","All establishment sizes",1,0,0,0,0,0,0,"N",110.57,0,0,0,0,0,0,"N",0,0.0,0,0,0,0,0,0,0,0,0,0,0,0
"39141","3","62399","77","0","2008","A","N","Ross County, Ohio","Local Government","Other residential care facilities","County, NAICS 5-digit -- by ownership sector","All establishment sizes",1,0,0,0,0,0,0,"N",110.57,0,0,0,0,0,0,"N",0,0.0,0,0,0,0,0,0,0,0,0,0,0,0
"39141","3","623990","78","0","2008","A","N","Ross County, Ohio","Local Government","Other residential care facilities","County, NAICS 6-digit -- by ownership sector","All establishment sizes",1,0,0,0,0,0,0,"N",110.57,0,0,0,0,0,0,"N",0,0.0,0,0,0,0,0,0,0,0,0,0,0,0
"39141","3","624","75","0","2008","A","N","Ross County, Ohio","Local Government","Social assistance","County, NAICS 3-digit -- by ownership sector","All establishment sizes",2,0,0,0,0,0,0,"N",4.88,0,0,0,0,0,0,"N",0,0.0,0,0,0,0,0,0,0,0,0,0,0,0
"39141","3","6241","76","0","2008","A","N","Ross County, Ohio","Local Government","Individual and family services","County, NAICS 4-digit -- by ownership sector","All establishment sizes",2,0,0,0,0,0,0,"N",7.34,0,0,0,0,0,0,"N",0,0.0,0,0,0,0,0,0,0,0,0,0,0,0
"39141","3","62412","77","0","2008","A","N","Ross County, Ohio","Local Government","Services for the elderly and disabled","County, NAICS 5-digit -- by ownership sector","All establishment sizes",1,0,0,0,0,0,0,"N",8.36,0,0,0,0,0,0,"N",0,0.0,0,0,0,0,0,0,0,0,0,0,0,0
"39141","3","624120","78","0","2008","A","N","Ross County, Ohio","Local Government","Services for the elderly and disabled","County, NAICS 6-digit -- by ownership sector","All establishment sizes",1,0,0,0,0,0,0,"N",8.36,0,0,0,0,0,0,"N",0,0.0,0,0,0,0,0,0,0,0,0,0,0,0
"39141","3","62419","77","0","2008","A","N","Ross County, Ohio","Local Government","Other individual and family services","County, NAICS 5-digit -- by ownership sector","All establishment sizes",1,0,0,0,0,0,0,"N",8.90,0,0,0,0,0,0,"N",0,0.0,0,0,0,0,0,0,0,0,0,0,0,0
"39141","3","624190","78","0","2008","A","N","Ross County, Ohio","Local Government","Other individual and family services","County, NAICS 6-digit -- by ownership sector","All establishment sizes",1,0,0,0,0,0,0,"N",8.90,0,0,0,0,0,0,"N",0,0.0,0,0,0,0,0,0,0,0,0,0,0,0
"39141","3","71","74","0","2008","A","N","Ross County, Ohio","Local Government","Arts, entertainment, and recreation","County, NAICS Sector -- by ownership sector","All establishment sizes",1,0,0,0,0,0,0,"N",1.71,0,0,0,0,0,0,"N",0,0.0,0,0,0,0,0,0,0,0,0,0,0,0
"39141","3","713","75","0","2008","A","N","Ross County, Ohio","Local Government","Amusements, gambling, and recreation","County, NAICS 3-digit -- by ownership sector","All establishment sizes",1,0,0,0,0,0,0,"N",2.21,0,0,0,0,0,0,"N",0,0.0,0,0,0,0,0,0,0,0,0,0,0,0
"39141","3","7139","76","0","2008","A","N","Ross County, Ohio","Local Government","Other amusement and recreation industries","County, NAICS 4-digit -- by ownership sector","All establishment sizes",1,0,0,0,0,0,0,"N",2.53,0,0,0,0,0,0,"N",0,0.0,0,0,0,0,0,0,0,0,0,0,0,0
"39141","3","71394","77","0","2008","A","N","Ross County, Ohio","Local Government","Fitness and recreational sports centers","County, NAICS 5-digit -- by ownership sector","All establishment sizes",1,0,0,0,0,0,0,"N",5.52,0,0,0,0,0,0,"N",0,0.0,0,0,0,0,0,0,0,0,0,0,0,0
"39141","3","713940","78","0","2008","A","N","Ross County, Ohio","Local Government","Fitness and recreational sports centers","County, NAICS 6-digit -- by ownership sector","All establishment sizes",1,0,0,0,0,0,0,"N",5.52,0,0,0,0,0,0,"N",0,0.0,0,0,0,0,0,0,0,0,0,0,0,0
"39141","3","81","74","0","2008","A","N","Ross County, Ohio","Local Government","Other services, except public administration","County, NAICS Sector -- by ownership sector","All establishment sizes",2,0,0,0,0,0,0,"N",5.77,0,0,0,0,0,0,"N",0,0.0,0,0,0,0,0,0,0,0,0,0,0,0
"39141","3","811","75","0","2008","A","N","Ross County, Ohio","Local Government","Repair and maintenance","County, NAICS 3-digit -- by ownership sector","All establishment sizes",1,0,0,0,0,0,0,"N",9.93,0,0,0,0,0,0,"N",0,0.0,0,0,0,0,0,0,0,0,0,0,0,0
"39141","3","8111","76","0","2008","A","N","Ross County, Ohio","Local Government","Automotive repair and maintenance","County, NAICS 4-digit -- by ownership sector","All establishment sizes",1,0,0,0,0,0,0,"N",10.89,0,0,0,0,0,0,"N",0,0.0,0,0,0,0,0,0,0,0,0,0,0,0
"39141","3","81111","77","0","2008","A","N","Ross County, Ohio","Local Government","Automotive mechanical and electrical repair","County, NAICS 5-digit -- by ownership sector","All establishment sizes",1,0,0,0,0,0,0,"N",11.02,0,0,0,0,0,0,"N",0,0.0,0,0,0,0,0,0,0,0,0,0,0,0
"39141","3","811111","78","0","2008","A","N","Ross County, Ohio","Local Government","General automotive repair","County, NAICS 6-digit -- by ownership sector","All establishment sizes",1,0,0,0,0,0,0,"N",11.12,0,0,0,0,0,0,"N",0,0.0,0,0,0,0,0,0,0,0,0,0,0,0
"39141","3","812","75","0","2008","A","N","Ross County, Ohio","Local Government","Personal and laundry services","County, NAICS 3-digit -- by ownership sector","All establishment sizes",1,0,0,0,0,0,0,"N",5.56,0,0,0,0,0,0,"N",0,0.0,0,0,0,0,0,0,0,0,0,0,0,0
"39141","3","8129","76","0","2008","A","N","Ross County, Ohio","Local Government","Other personal services","County, NAICS 4-digit -- by ownership sector","All establishment sizes",1,0,0,0,0,0,0,"N",19.76,0,0,0,0,0,0,"N",0,0.0,0,0,0,0,0,0,0,0,0,0,0,0
"39141","3","81291","77","0","2008","A","N","Ross County, Ohio","Local Government","Pet care, except veterinary, services","County, NAICS 5-digit -- by ownership sector","All establishment sizes",1,0,0,0,0,0,0,"N",32.66,0,0,0,0,0,0,"N",0,0.0,0,0,0,0,0,0,0,0,0,0,0,0
"39141","3","812910","78","0","2008","A","N","Ross County, Ohio","Local Government","Pet care, except veterinary, services","County, NAICS 6-digit -- by ownership sector","All establishment sizes",1,0,0,0,0,0,0,"N",32.66,0,0,0,0,0,0,"N",0,0.0,0,0,0,0,0,0,0,0,0,0,0,0
"39141","3","92","74","0","2008","A","","Ross County, Ohio","Local Government","Public administration","County, NAICS Sector -- by ownership sector","All establishment sizes",45,811,24110910,168535,15503,572,29730,"",4.76,1.02,0.79,0.17,1.34,0.77,0.77,"",0,0.0,-19,-2.3,513543,2.2,-3250,-1.9,46,0.3,25,4.6,1291,4.5
"39141","3","921","75","0","2008","A","","Ross County, Ohio","Local Government","Executive, legislative and general government","County, NAICS 3-digit -- by ownership sector","All establishment sizes",29,247,4404292,168535,15503,343,17837,"",5.06,0.46,0.23,0.22,1.82,0.51,0.51,"",0,0.0,-6,-2.4,195058,4.6,-3250,-1.9,46,0.3,23,7.2,1172,7.0
"39141","3","9211","76","0","2008","A","","Ross County, Ohio","Local Government","Executive, legislative and general government","County, NAICS 4-digit -- by ownership sector","All establishment sizes",29,247,4404292,168535,15503,343,17837,"",5.06,0.46,0.23,0.22,1.82,0.51,0.51,"",0,0.0,-6,-2.4,195058,4.6,-3250,-1.9,46,0.3,23,7.2,1172,7.0
"39141","3","92111","77","0","2008","A","N","Ross County, Ohio","Local Government","Executive offices","County, NAICS 5-digit -- by ownership sector","All establishment sizes",1,0,0,0,0,0,0,"N",1.42,0,0,0,0,0,0,"N",0,0.0,0,0,0,0,0,0,0,0,0,0,0,0
"39141","3","921110","78","0","2008","A","N","Ross County, Ohio","Local Government","Executive offices","County, NAICS 6-digit -- by ownership sector","All establishment sizes",1,0,0,0,0,0,0,"N",1.42,0,0,0,0,0,0,"N",0,0.0,0,0,0,0,0,0,0,0,0,0,0,0
"39141","3","92112","77","0","2008","A","N","Ross County, Ohio","Local Government","Legislative bodies","County, NAICS 5-digit -- by ownership sector","All establishment sizes",2,0,0,0,0,0,0,"N",4.41,0,0,0,0,0,0,"N",0,0.0,0,0,0,0,0,0,0,0,0,0,0,0
"39141","3","921120","78","0","2008","A","N","Ross County, Ohio","Local Government","Legislative bodies","County, NAICS 6-digit -- by ownership sector","All establishment sizes",2,0,0,0,0,0,0,"N",4.41,0,0,0,0,0,0,"N",0,0.0,0,0,0,0,0,0,0,0,0,0,0,0
"39141","3","92113","77","0","2008","A","N","Ross County, Ohio","Local Government","Public finance activities","County, NAICS 5-digit -- by ownership sector","All establishment sizes",2,0,0,0,0,0,0,"N",4.99,0,0,0,0,0,0,"N",0,0.0,0,0,0,0,0,0,0,0,0,0,0,0
"39141","3","921130","78","0","2008","A","N","Ross County, Ohio","Local Government","Public finance activities","County, NAICS 6-digit -- by ownership sector","All establishment sizes",2,0,0,0,0,0,0,"N",4.99,0,0,0,0,0,0,"N",0,0.0,0,0,0,0,0,0,0,0,0,0,0,0
"39141","3","92114","77","0","2008","A","","Ross County, Ohio","Local Government","Executive and legislative offices, combined","County, NAICS 5-digit -- by ownership sector","All establishment sizes",21,158,1639079,168535,15503,200,10390,"",6.16,0.45,0.13,0.36,4.73,0.29,0.29,"",0,0.0,-9,-5.4,80712,5.2,-3250,-1.9,46,0.3,21,11.7,1063,11.4
"39141","3","921140","78","0","2008","A","","Ross County, Ohio","Local Government","Executive and legislative offices, combined","County, NAICS 6-digit -- by ownership sector","All establishment sizes",21,158,1639079,168535,15503,200,10390,"",6.16,0.45,0.13,0.36,4.73,0.29,0.29,"",0,0.0,-9,-5.4,80712,5.2,-3250,-1.9,46,0.3,21,11.7,1063,11.4
"39141","3","92119","77","0","2008","A","","Ross County, Ohio","Local Government","Other general government support","County, NAICS 5-digit -- by ownership sector","All establishment sizes",3,54,1530056,0,0,549,28555,"",4.77,1.02,0.87,0.00,0.00,0.86,0.86,"",0,0.0,3,5.9,41040,2.8,0,0.0,0,0.0,-12,-2.1,-594,-2.0
"39141","3","921190","78","0","2008","A","","Ross County, Ohio","Local Government","Other general government support","County, NAICS 6-digit -- by ownership sector","All establishment sizes",3,54,1530056,0,0,549,28555,"",4.77,1.02,0.87,0.00,0.00,0.86,0.86,"",0,0.0,3,5.9,41040,2.8,0,0.0,0,0.0,-12,-2.1,-594,-2.0
"39141","3","922","75","0","2008","A","","Ross County, Ohio","Local Government","Justice, public order, and safety activities","County, NAICS 3-digit -- by ownership sector","All establishment sizes",8,391,14409263,0,0,708,36813,"",4.30,2.20,1.68,0.00,0.00,0.76,0.76,"",0,0.0,-1,-0.3,351155,2.5,0,0.0,0,0.0,18,2.6,943,2.6
"39141","3","9221","76","0","2008","A","","Ross County, Ohio","Local Government","Justice, public order, and safety activities","County, NAICS 4-digit -- by ownership sector","All establishment sizes",8,391,14409263,0,0,708,36813,"",4.30,2.20,1.68,0.00,0.00,0.76,0.76,"",0,0.0,-1,-0.3,351155,2.5,0,0.0,0,0.0,18,2.6,943,2.6
"39141","3","92211","77","0","2008","A","N","Ross County, Ohio","Local Government","Courts","County, NAICS 5-digit -- by ownership sector","All establishment sizes",2,0,0,0,0,0,0,"N",6.64,0,0,0,0,0,0,"N",0,0.0,0,0,0,0,0,0,0,0,0,0,0,0
"39141","3","922110","78","0","2008","A","N","Ross County, Ohio","Local Government","Courts","County, NAICS 6-digit -- by ownership sector","All establishment sizes",2,0,0,0,0,0,0,"N",6.64,0,0,0,0,0,0,"N",0,0.0,0,0,0,0,0,0,0,0,0,0,0,0
"39141","3","92212","77","0","2008","A","N","Ross County, Ohio","Local Government","Police protection","County, NAICS 5-digit -- by ownership sector","All establishment sizes",2,0,0,0,0,0,0,"N",4.15,0,0,0,0,0,0,"N",0,0.0,0,0,0,0,0,0,0,0,0,0,0,0
"39141","3","922120","78","0","2008","A","N","Ross County, Ohio","Local Government","Police protection","County, NAICS 6-digit -- by ownership sector","All establishment sizes",2,0,0,0,0,0,0,"N",4.15,0,0,0,0,0,0,"N",0,0.0,0,0,0,0,0,0,0,0,0,0,0,0
"39141","3","92213","77","0","2008","A","N","Ross County, Ohio","Local Government","Legal counsel and prosecution","County, NAICS 5-digit -- by ownership sector","All establishment sizes",2,0,0,0,0,0,0,"N",12.85,0,0,0,0,0,0,"N",0,0.0,0,0,0,0,0,0,0,0,0,0,0,0
"39141","3","922130","78","0","2008","A","N","Ross County, Ohio","Local Government","Legal counsel and prosecution","County, NAICS 6-digit -- by ownership sector","All establishment sizes",2,0,0,0,0,0,0,"N",12.85,0,0,0,0,0,0,"N",0,0.0,0,0,0,0,0,0,0,0,0,0,0,0
"39141","3","92214","77","0","2008","A","N","Ross County, Ohio","Local Government","Correctional institutions","County, NAICS 5-digit -- by ownership sector","All establishment sizes",1,0,0,0,0,0,0,"N",13.47,0,0,0,0,0,0,"N",0,0.0,0,0,0,0,0,0,0,0,0,0,0,0
"39141","3","922140","78","0","2008","A","N","Ross County, Ohio","Local Government","Correctional institutions","County, NAICS 6-digit -- by ownership sector","All establishment sizes",1,0,0,0,0,0,0,"N",13.47,0,0,0,0,0,0,"N",0,0.0,0,0,0,0,0,0,0,0,0,0,0,0
"39141","3","92216","77","0","2008","A","N","Ross County, Ohio","Local Government","Fire protection","County, NAICS 5-digit -- by ownership sector","All establishment sizes",1,0,0,0,0,0,0,"N",1.42,0,0,0,0,0,0,"N",0,0.0,0,0,0,0,0,0,0,0,0,0,0,0
"39141","3","922160","78","0","2008","A","N","Ross County, Ohio","Local Government","Fire protection","County, NAICS 6-digit -- by ownership sector","All establishment sizes",1,0,0,0,0,0,0,"N",1.42,0,0,0,0,0,0,"N",0,0.0,0,0,0,0,0,0,0,0,0,0,0,0
"39141","3","923","75","0","2008","A","","Ross County, Ohio","Local Government","Administration of human resource programs","County, NAICS 3-digit -- by ownership sector","All establishment sizes",4,140,4204409,0,0,576,29942,"",13.47,3.79,2.99,0.00,0.00,0.79,0.79,"",0,0.0,-11,-7.3,-10464,-0.2,0,0.0,0,0.0,40,7.5,2075,7.4
"39141","3","9231","76","0","2008","A","","Ross County, Ohio","Local Government","Administration of human resource programs","County, NAICS 4-digit -- by ownership sector","All establishment sizes",4,140,4204409,0,0,576,29942,"",13.47,3.79,2.99,0.00,0.00,0.79,0.79,"",0,0.0,-11,-7.3,-10464,-0.2,0,0.0,0,0.0,40,7.5,2075,7.4
"39141","3","92312","77","0","2008","A","N","Ross County, Ohio","Local Government","Administration of public health programs","County, NAICS 5-digit -- by ownership sector","All establishment sizes",3,0,0,0,0,0,0,"N",18.16,0,0,0,0,0,0,"N",0,0.0,0,0,0,0,0,0,0,0,0,0,0,0
"39141","3","923120","78","0","2008","A","N","Ross County, Ohio","Local Government","Administration of public health programs","County, NAICS 6-digit -- by ownership sector","All establishment sizes",3,0,0,0,0,0,0,"N",18.16,0,0,0,0,0,0,"N",0,0.0,0,0,0,0,0,0,0,0,0,0,0,0
"39141","3","92314","77","0","2008","A","N","Ross County, Ohio","Local Government","Administration of veterans' affairs","County, NAICS 5-digit -- by ownership sector","All establishment sizes",1,0,0,0,0,0,0,"N",32.66,0,0,0,0,0,0,"N",0,0.0,0,0,0,0,0,0,0,0,0,0,0,0
"39141","3","923140","78","0","2008","A","N","Ross County, Ohio","Local Government","Administration of veterans' affairs","County, NAICS 6-digit -- by ownership sector","All establishment sizes",1,0,0,0,0,0,0,"N",32.66,0,0,0,0,0,0,"N",0,0.0,0,0,0,0,0,0,0,0,0,0,0,0
"39141","3","924","75","0","2008","A","N","Ross County, Ohio","Local Government","Administration of environmental programs","County, NAICS 3-digit -- by ownership sector","All establishment sizes",2,0,0,0,0,0,0,"N",3.38,0,0,0,0,0,0,"N",0,0.0,0,0,0,0,0,0,0,0,0,0,0,0
"39141","3","9241","76","0","2008","A","N","Ross County, Ohio","Local Government","Administration of environmental programs","County, NAICS 4-digit -- by ownership sector","All establishment sizes",2,0,0,0,0,0,0,"N",3.38,0,0,0,0,0,0,"N",0,0.0,0,0,0,0,0,0,0,0,0,0,0,0
"39141","3","92411","77","0","2008","A","N","Ross County, Ohio","Local Government","Air, water, and waste program administration","County, NAICS 5-digit -- by ownership sector","All establishment sizes",1,0,0,0,0,0,0,"N",4.72,0,0,0,0,0,0,"N",0,0.0,0,0,0,0,0,0,0,0,0,0,0,0
"39141","3","924110","78","0","2008","A","N","Ross County, Ohio","Local Government","Air, water, and waste program administration","County, NAICS 6-digit -- by ownership sector","All establishment sizes",1,0,0,0,0,0,0,"N",4.72,0,0,0,0,0,0,"N",0,0.0,0,0,0,0,0,0,0,0,0,0,0,0
"39141","3","92412","77","0","2008","A","N","Ross County, Ohio","Local Government","Administration of conservation programs","County, NAICS 5-digit -- by ownership sector","All establishment sizes",1,0,0,0,0,0,0,"N",2.64,0,0,0,0,0,0,"N",0,0.0,0,0,0,0,0,0,0,0,0,0,0,0
"39141","3","924120","78","0","2008","A","N","Ross County, Ohio","Local Government","Administration of conservation programs","County, NAICS 6-digit -- by ownership sector","All establishment sizes",1,0,0,0,0,0,0,"N",2.64,0,0,0,0,0,0,"N",0,0.0,0,0,0,0,0,0,0,0,0,0,0,0
"39141","3","925","75","0","2008","A","N","Ross County, Ohio","Local Government","Community and housing program administration","County, NAICS 3-digit -- by ownership sector","All establishment sizes",1,0,0,0,0,0,0,"N",1.84,0,0,0,0,0,0,"N",0,0.0,0,0,0,0,0,0,0,0,0,0,0,0
"39141","3","9251","76","0","2008","A","N","Ross County, Ohio","Local Government","Community and housing program administration","County, NAICS 4-digit -- by ownership sector","All establishment sizes",1,0,0,0,0,0,0,"N",1.84,0,0,0,0,0,0,"N",0,0.0,0,0,0,0,0,0,0,0,0,0,0,0
"39141","3","92511","77","0","2008","A","N","Ross County, Ohio","Local Government","Administration of housing programs","County, NAICS 5-digit -- by ownership sector","All establishment sizes",1,0,0,0,0,0,0,"N",2.87,0,0,0,0,0,0,"N",0,0.0,0,0,0,0,0,0,0,0,0,0,0,0
"39141","3","925110","78","0","2008","A","N","Ross County, Ohio","Local Government","Administration of housing programs","County, NAICS 6-digit -- by ownership sector","All establishment sizes",1,0,0,0,0,0,0,"N",2.87,0,0,0,0,0,0,"N",0,0.0,0,0,0,0,0,0,0,0,0,0,0,0
"39141","3","926","75","0","2008","A","N","Ross County, Ohio","Local Government","Administration of economic programs","County, NAICS 3-digit -- by ownership sector","All establishment sizes",1,0,0,0,0,0,0,"N",2.40,0,0,0,0,0,0,"N",0,0.0,0,0,0,0,0,0,0,0,0,0,0,0
"39141","3","9261","76","0","2008","A","N","Ross County, Ohio","Local Government","Administration of economic programs","County, NAICS 4-digit -- by ownership sector","All establishment sizes",1,0,0,0,0,0,0,"N",2.40,0,0,0,0,0,0,"N",0,0.0,0,0,0,0,0,0,0,0,0,0,0,0
"39141","3","92615","77","0","2008","A","N","Ross County, Ohio","Local Government","Licensing and regulating commercial sectors","County, NAICS 5-digit -- by ownership sector","All establishment sizes",1,0,0,0,0,0,0,"N",7.17,0,0,0,0,0,0,"N",0,0.0,0,0,0,0,0,0,0,0,0,0,0,0
"39141","3","926150","78","0","2008","A","N","Ross County, Ohio","Local Government","Licensing and regulating commercial sectors","County, NAICS 6-digit -- by ownership sector","All establishment sizes",1,0,0,0,0,0,0,"N",7.17,0,0,0,0,0,0,"N",0,0.0,0,0,0,0,0,0,0,0,0,0,0,0
"39141","5","10","71","0","2008","A","","Ross County, Ohio","Private","Total, all industries","County, Total -- by ownership sector","All establishment sizes",1305,19779,695600311,164445141,4464623,676,35169,"",0.94,0.90,0.84,1.02,1.00,0.93,0.93,"",-2,-0.2,-693,-3.4,-10460973,-1.5,-10040792,-5.8,73799,1.7,13,2.0,679,2.0
"39141","5","101","72","0","2008","A","","Ross County, Ohio","Private","Goods-producing","County, by Domain -- by ownership sector","All establishment sizes",220,4682,239074455,47527355,2049648,982,51066,"",1.01,1.08,1.26,1.25,1.53,1.17,1.17,"",-3,-1.3,-462,-9.0,-29976865,-11.1,-6927151,-12.7,190440,10.2,-24,-2.4,-1240,-2.4
"39141","5","1011","73","0","2008","A","","Ross County, Ohio","Private","Natural resources and mining","County, by Supersector -- by ownership sector","All establishment sizes",24,87,2074130,839029,28955,457,23750,"",1.20,0.24,0.14,0.26,0.31,0.58,0.58,"",-1,-4.0,1,1.2,33635,1.6,33236,4.1,3914,15.6,-2,-0.4,-92,-0.4
"39141","5","1012","73","0","2008","A","","Ross County, Ohio","Private","Construction","County, by Supersector -- by ownership sector","All establishment sizes",148,831,30125217,10215835,590467,697,36241,"",1.06,0.60,0.53,0.77,1.03,0.89,0.89,"",-4,-2.6,-74,-8.2,-3906636,-11.5,-1301367,-11.3,-95982,-14.0,-26,-3.6,-1349,-3.6
"39141","5","1013","73","0","2008","A","","Ross County, Ohio","Private","Manufacturing","County, by Supersector -- by ownership sector","All establishment sizes",49,3763,206875108,36472491,1430226,1057,54975,"",0.86,1.45,1.76,1.69,2.13,1.21,1.21,"",3,6.5,-390,-9.4,-26103864,-11.2,-5659020,-13.4,282508,24.6,-22,-2.0,-1125,-2.0
"39141","5","102","72","0","2008","A","","Ross County, Ohio","Private","Service-providing","County, by Domain -- by ownership sector","All establishment sizes",1085,15097,456525856,116917786,2414975,582,30239,"",0.92,0.85,0.71,0.95,0.78,0.83,0.83,"",1,0.1,-231,-1.5,19515892,4.5,-3113641,-2.6,-116641,-4.6,34,6.2,1728,6.1
"39141","5","1021","73","0","2008","A","","Ross County, Ohio","Private","Trade, transportation, and utilities","County, by Supersector -- by ownership sector","All establishment sizes",346,4936,135455398,44212217,942720,528,27443,"",1.14,0.97,0.84,1.16,1.06,0.86,0.86,"",-1,-0.3,-98,-1.9,1793724,1.3,-1024525,-2.3,11877,1.3,17,3.3,889,3.3
"39141","5","1022","73","0","2008","A","","Ross County, Ohio","Private","Information","County, by Supersector -- by ownership sector","All establishment sizes",12,398,24597245,3372126,131510,1189,61841,"",0.52,0.68,0.72,0.68,0.87,1.05,1.05,"",2,20.0,2,0.5,1716382,7.5,136978,4.2,33678,34.4,79,7.1,4097,7.1
"39141","5","1023","73","0","2008","A","","Ross County, Ohio","Private","Financial activities","County, by Supersector -- by ownership sector","All establishment sizes",141,667,22345334,5993642,90765,645,33518,"",1.03,0.43,0.23,0.47,0.28,0.54,0.54,"",0,0.0,-75,-10.1,-1364503,-5.8,-704899,-10.5,-15471,-14.6,31,5.0,1564,4.9
"39141","5","1024","73","0","2008","A","","Ross County, Ohio","Private","Professional and business services","County, by Supersector -- by ownership sector","All establishment sizes",157,1625,47441522,19021028,494063,561,29192,"",0.65,0.47,0.29,0.64,0.56,0.61,0.61,"",-4,-2.5,-148,-8.3,143956,0.3,-1524796,-7.4,-117805,-19.3,48,9.4,2517,9.4
"39141","5","1025","73","0","2008","A","","Ross County, Ohio","Private","Education and health services","County, by Supersector -- by ownership sector","All establishment sizes",171,4244,184615120,18823889,342959,837,43505,"",1.27,1.22,1.51,1.21,1.00,1.25,1.25,"",3,1.8,213,5.3,16050762,9.5,-44989,-0.2,426,0.1,33,4.1,1689,4.0
"39141","5","1026","73","0","2008","A","","Ross County, Ohio","Private","Leisure and hospitality","County, by Supersector -- by ownership sector","All establishment sizes",142,2642,32327732,21074448,313195,235,12235,"",1.22,1.01,0.79,1.30,0.85,0.78,0.78,"",2,1.4,-92,-3.4,1241860,4.0,250153,1.2,-27973,-8.2,16,7.3,866,7.6
"39141","5","1027","73","0","2008","A","","Ross County, Ohio","Private","Other services","County, by Supersector -- by ownership sector","All establishment sizes",118,586,9743505,4420436,99763,320,16632,"",0.62,0.67,0.47,0.79,0.70,0.70,0.69,"",-1,-0.8,-30,-4.9,-52599,-0.5,-187873,-4.1,-1005,-1.0,14,4.6,738,4.6
"39141","5","11","74","0","2008","A","","Ross County, Ohio","Private","Agriculture, forestry, fishing and hunting","County, NAICS Sector -- by ownership sector","All establishment sizes",18,60,1211502,559468,13134,389,20248,"",1.19,0.26,0.25,0.30,0.20,0.93,0.94,"",-1,-5.3,3,5.3,40784,3.5,14912,2.7,-423,-3.1,-7,-1.8,-321,-1.6
"39141","5","111","75","0","2008","A","","Ross County, Ohio","Private","Crop production","County, NAICS 3-digit -- by ownership sector","All establishment sizes",5,28,372704,207422,3310,259,13471,"",0.75,0.27,0.17,0.25,0.11,0.66,0.66,"",-1,-16.7,4,16.7,49520,15.3,5949,3.0,1159,53.9,-1,-0.4,-42,-0.3
"39141","5","1111","76","0","2008","A","N","Ross County, Ohio","Private","Oilseed and grain farming","County, NAICS 4-digit -- by ownership sector","All establishment sizes",1,0,0,0,0,0,0,"N",0.84,0,0,0,0,0,0,"N",-1,-50.0,0,0,0,0,0,0,0,0,0,0,0,0
"39141","5","11111","77","0","2008","A","N","Ross County, Ohio","Private","Soybean farming","County, NAICS 5-digit -- by ownership sector","All establishment sizes",1,0,0,0,0,0,0,"N",12.36,0,0,0,0,0,0,"N",-1,-50.0,0,0,0,0,0,0,0,0,0,0,0,0
"39141","5","111110","78","0","2008","A","N","Ross County, Ohio","Private","Soybean farming","County, NAICS 6-digit -- by ownership sector","All establishment sizes",1,0,0,0,0,0,0,"N",12.36,0,0,0,0,0,0,"N",-1,-50.0,0,0,0,0,0,0,0,0,0,0,0,0
"39141","5","1113","76","0","2008","A","N","Ross County, Ohio","Private","Fruit and tree nut farming","County, NAICS 4-digit -- by ownership sector","All establishment sizes",2,0,0,0,0,0,0,"N",1.07,0,0,0,0,0,0,"N",1,100.0,0,0,0,0,0,0,0,0,0,0,0,0
"39141","5","11133","77","0","2008","A","N","Ross County, Ohio","Private","Noncitrus fruit and tree nut farming","County, NAICS 5-digit -- by ownership sector","All establishment sizes",2,0,0,0,0,0,0,"N",1.15,0,0,0,0,0,0,"N",1,100.0,0,0,0,0,0,0,0,0,0,0,0,0
"39141","5","111331","78","0","2008","A","N","Ross County, Ohio","Private","Apple orchards","County, NAICS 6-digit -- by ownership sector","All establishment sizes",1,0,0,0,0,0,0,"N",3.31,0,0,0,0,0,0,"N",0,0.0,0,0,0,0,0,0,0,0,0,0,0,0
"39141","5","111333","78","0","2008","A","N","Ross County, Ohio","Private","Strawberry farming","County, NAICS 6-digit -- by ownership sector","All establishment sizes",1,0,0,0,0,0,0,"N",11.87,0,0,0,0,0,0,"N",1,100.0,0,0,0,0,0,0,0,0,0,0,0,0
"39141","5","1114","76","0","2008","A","N","Ross County, Ohio","Private","Greenhouse and nursery production","County, NAICS 4-digit -- by ownership sector","All establishment sizes",1,0,0,0,0,0,0,"N",0.69,0,0,0,0,0,0,"N",-1,-50.0,0,0,0,0,0,0,0,0,0,0,0,0
"39141","5","11142","77","0","2008","A","N","Ross County, Ohio","Private","Nursery and floriculture production","County, NAICS 5-digit -- by ownership sector","All establishment sizes",1,0,0,0,0,0,0,"N",0.74,0,0,0,0,0,0,"N",-1,-50.0,0,0,0,0,0,0,0,0,0,0,0,0
"39141","5","111421","78","0","2008","A","N","Ross County, Ohio","Private","Nursery and tree production","County, NAICS 6-digit -- by ownership sector","All establishment sizes",1,0,0,0,0,0,0,"N",1.08,0,0,0,0,0,0,"N",-1,-50.0,0,0,0,0,0,0,0,0,0,0,0,0
"39141","5","1119","76","0","2008","A","N","Ross County, Ohio","Private","Other crop farming","County, NAICS 4-digit -- by ownership sector","All establishment sizes",1,0,0,0,0,0,0,"N",0.66,0,0,0,0,0,0,"N",0,0.0,0,0,0,0,0,0,0,0,0,0,0,0
"39141","5","11199","77","0","2008","A","N","Ross County, Ohio","Private","All other crop farming","County, NAICS 5-digit -- by ownership sector","All establishment sizes",1,0,0,0,0,0,0,"N",1.66,0,0,0,0,0,0,"N",0,0.0,0,0,0,0,0,0,0,0,0,0,0,0
"39141","5","111998","78","0","2008","A","N","Ross County, Ohio","Private","All other miscellaneous crop farming","County, NAICS 6-digit -- by ownership sector","All establishment sizes",1,0,0,0,0,0,0,"N",1.87,0,0,0,0,0,0,"N",0,0.0,0,0,0,0,0,0,0,0,0,0,0,0
"39141","5","112","75","0","2008","A","N","Ross County, Ohio","Private","Animal production and aquaculture","County, NAICS 3-digit -- by ownership sector","All establishment sizes",1,0,0,0,0,0,0,"N",0.28,0,0,0,0,0,0,"N",0,0.0,0,0,0,0,0,0,0,0,0,0,0,0
"39141","5","1121","76","0","2008","A","N","Ross County, Ohio","Private","Cattle ranching and farming","County, NAICS 4-digit -- by ownership sector","All establishment sizes",1,0,0,0,0,0,0,"N",0.44,0,0,0,0,0,0,"N",0,0.0,0,0,0,0,0,0,0,0,0,0,0,0
"39141","5","11212","77","0","2008","A","N","Ross County, Ohio","Private","Dairy cattle and milk production","County, NAICS 5-digit -- by ownership sector","All establishment sizes",1,0,0,0,0,0,0,"N",0.94,0,0,0,0,0,0,"N",0,0.0,0,0,0,0,0,0,0,0,0,0,0,0
"39141","5","112120","78","0","2008","A","N","Ross County, Ohio","Private","Dairy cattle and milk production","County, NAICS 6-digit -- by ownership sector","All establishment sizes",1,0,0,0,0,0,0,"N",0.94,0,0,0,0,0,0,"N",0,0.0,0,0,0,0,0,0,0,0,0,0,0,0
"39141","5","113","75","0","2008","A","","Ross County, Ohio","Private","Forestry and logging","County, NAICS 3-digit -- by ownership sector","All establishment sizes",10,23,555338,271095,7254,466,24233,"",5.96,1.91,1.53,2.22,1.77,0.80,0.80,"",0,0.0,-1,-4.2,-10377,-1.8,12220,4.7,-2116,-22.6,3,0.6,160,0.7
"39141","5","1133","76","0","2008","A","","Ross County, Ohio","Private","Logging","County, NAICS 4-digit -- by ownership sector","All establishment sizes",10,23,555338,271095,7254,466,24233,"",6.53,2.13,1.76,2.42,1.88,0.83,0.83,"",0,0.0,-1,-4.2,-10377,-1.8,12220,4.7,-2116,-22.6,3,0.6,160,0.7
"39141","5","11331","77","0","2008","A","","Ross County, Ohio","Private","Logging","County, NAICS 5-digit -- by ownership sector","All establishment sizes",10,23,555338,271095,7254,466,24233,"",6.53,2.13,1.76,2.42,1.88,0.83,0.83,"",0,0.0,-1,-4.2,-10377,-1.8,12220,4.7,-2116,-22.6,3,0.6,160,0.7
"39141","5","113310","78","0","2008","A","","Ross County, Ohio","Private","Logging","County, NAICS 6-digit -- by ownership sector","All establishment sizes",10,23,555338,271095,7254,466,24233,"",6.53,2.13,1.76,2.42,1.88,0.83,0.83,"",0,0.0,-1,-4.2,-10377,-1.8,12220,4.7,-2116,-22.6,3,0.6,160,0.7
"39141","5","115","75","0","2008","A","N","Ross County, Ohio","Private","Agriculture and forestry support activities","County, NAICS 3-digit -- by ownership sector","All establishment sizes",2,0,0,0,0,0,0,"N",0.71,0,0,0,0,0,0,"N",0,0.0,0,0,0,0,0,0,0,0,0,0,0,0
"39141","5","1151","76","0","2008","A","N","Ross County, Ohio","Private","Support activities for crop production","County, NAICS 4-digit -- by ownership sector","All establishment sizes",1,0,0,0,0,0,0,"N",0.62,0,0,0,0,0,0,"N",0,0.0,0,0,0,0,0,0,0,0,0,0,0,0
"39141","5","11511","77","0","2008","A","N","Ross County, Ohio","Private","Support activities for crop production","County, NAICS 5-digit -- by ownership sector","All establishment sizes",1,0,0,0,0,0,0,"N",0.62,0,0,0,0,0,0,"N",0,0.0,0,0,0,0,0,0,0,0,0,0,0,0
"39141","5","115113","78","0","2008","A","N","Ross County, Ohio","Private","Crop harvesting, primarily by machine","County, NAICS 6-digit -- by ownership sector","All establishment sizes",1,0,0,0,0,0,0,"N",7.42,0,0,0,0,0,0,"N",0,0.0,0,0,0,0,0,0,0,0,0,0,0,0
"39141","5","1153","76","0","2008","A","N","Ross County, Ohio","Private","Support activities for forestry","County, NAICS 4-digit -- by ownership sector","All establishment sizes",1,0,0,0,0,0,0,"N",2.68,0,0,0,0,0,0,"N",0,0.0,0,0,0,0,0,0,0,0,0,0,0,0
"39141","5","11531","77","0","2008","A","N","Ross County, Ohio","Private","Support activities for forestry","County, NAICS 5-digit -- by ownership sector","All establishment sizes",1,0,0,0,0,0,0,"N",2.68,0,0,0,0,0,0,"N",0,0.0,0,0,0,0,0,0,0,0,0,0,0,0
"39141","5","115310","78","0","2008","A","N","Ross County, Ohio","Private","Support activities for forestry","County, NAICS 6-digit -- by ownership sector","All establishment sizes",1,0,0,0,0,0,0,"N",2.68,0,0,0,0,0,0,"N",0,0.0,0,0,0,0,0,0,0,0,0,0,0,0
"39141","5","21","74","0","2008","A","","Ross County, Ohio","Private","Mining, quarrying, and oil and gas extraction","County, NAICS Sector -- by ownership sector","All establishment sizes",6,28,862628,279561,15821,603,31368,"",1.23,0.20,0.09,0.21,0.57,0.43,0.43,"",1,20.0,-1,-3.4,-7149,-0.8,18324,7.0,4337,37.8,20,3.4,1027,3.4
"39141","5","212","75","0","2008","A","N","Ross County, Ohio","Private","Mining, except oil and gas","County, NAICS 3-digit -- by ownership sector","All establishment sizes",5,0,0,0,0,0,0,"N",4.06,0,0,0,0,0,0,"N",1,25.0,0,0,0,0,0,0,0,0,0,0,0,0
"39141","5","2123","76","0","2008","A","N","Ross County, Ohio","Private","Nonmetallic mineral mining and quarrying","County, NAICS 4-digit -- by ownership sector","All establishment sizes",5,0,0,0,0,0,0,"N",5.18,0,0,0,0,0,0,"N",1,25.0,0,0,0,0,0,0,0,0,0,0,0,0
"39141","5","21231","77","0","2008","A","N","Ross County, Ohio","Private","Stone mining and quarrying","County, NAICS 5-digit -- by ownership sector","All establishment sizes",1,0,0,0,0,0,0,"N",2.35,0,0,0,0,0,0,"N",0,0.0,0,0,0,0,0,0,0,0,0,0,0,0
"39141","5","212312","78","0","2008","A","N","Ross County, Ohio","Private","Crushed and broken limestone mining","County, NAICS 6-digit -- by ownership sector","All establishment sizes",1,0,0,0,0,0,0,"N",5.41,0,0,0,0,0,0,"N",0,0.0,0,0,0,0,0,0,0,0,0,0,0,0
"39141","5","21232","77","0","2008","A","","Ross County, Ohio","Private","Sand, gravel, clay, and refractory mining","County, NAICS 5-digit -- by ownership sector","All establishment sizes",4,20,545717,180313,9485,536,27866,"",8.46,2.48,1.62,2.34,2.82,0.67,0.67,"",1,33.3,-3,-13.0,-54874,-9.1,-14352,-7.4,863,10.0,26,5.1,1369,5.2
"39141","5","212321","78","0","2008","A","N","Ross County, Ohio","Private","Construction sand and gravel mining","County, NAICS 6-digit -- by ownership sector","All establishment sizes",3,0,0,0,0,0,0,"N",7.33,0,0,0,0,0,0,"N",1,50.0,0,0,0,0,0,0,0,0,0,0,0,0
"39141","5","212322","78","0","2008","A","N","Ross County, Ohio","Private","Industrial sand mining","County, NAICS 6-digit -- by ownership sector","All establishment sizes",1,0,0,0,0,0,0,"N",37.29,0,0,0,0,0,0,"N",0,0.0,0,0,0,0,0,0,0,0,0,0,0,0
"39141","5","213","75","0","2008","A","N","Ross County, Ohio","Private","Support activities for mining","County, NAICS 3-digit -- by ownership sector","All establishment sizes",1,0,0,0,0,0,0,"N",0.45,0,0,0,0,0,0,"N",0,0.0,0,0,0,0,0,0,0,0,0,0,0,0
"39141","5","2131","76","0","2008","A","N","Ross County, Ohio","Private","Support activities for mining","County, NAICS 4-digit -- by ownership sector","All establishment sizes",1,0,0,0,0,0,0,"N",0.45,0,0,0,0,0,0,"N",0,0.0,0,0,0,0,0,0,0,0,0,0,0,0
"39141","5","21311","77","0","2008","A","N","Ross County, Ohio","Private","Support activities for mining","County, NAICS 5-digit -- by ownership sector","All establishment sizes",1,0,0,0,0,0,0,"N",0.45,0,0,0,0,0,0,"N",0,0.0,0,0,0,0,0,0,0,0,0,0,0,0
"39141","5","213111","78","0","2008","A","N","Ross County, Ohio","Private","Drilling oil and gas wells","County, NAICS 6-digit -- by ownership sector","All establishment sizes",1,0,0,0,0,0,0,"N",2.51,0,0,0,0,0,0,"N",0,0.0,0,0,0,0,0,0,0,0,0,0,0,0
"39141","5","22","74","0","2008","A","","Ross County, Ohio","Private","Utilities","County, NAICS Sector -- by ownership sector","All establishment sizes",8,185,12003836,1759568,15994,1250,65003,"",3.08,1.70,1.58,2.06,1.14,0.93,0.93,"",0,0.0,7,3.9,871820,7.8,57912,3.4,874,5.8,50,4.2,2580,4.1
"39141","5","221","75","0","2008","A","","Ross County, Ohio","Private","Utilities","County, NAICS 3-digit -- by ownership sector","All establishment sizes",8,185,12003836,1759568,15994,1250,65003,"",3.08,1.70,1.58,2.06,1.14,0.93,0.93,"",0,0.0,7,3.9,871820,7.8,57912,3.4,874,5.8,50,4.2,2580,4.1
"39141","5","2211","76","0","2008","A","","Ross County, Ohio","Private","Power generation and supply","County, NAICS 4-digit -- by ownership sector","All establishment sizes",6,95,6980619,884915,10622,1413,73480,"",4.70,1.21,1.22,1.44,1.14,1.00,1.00,"",0,0.0,2,2.2,409332,6.2,-20034,-2.2,670,6.7,47,3.4,2439,3.4
"39141","5","22111","77","0","2008","A","N","Ross County, Ohio","Private","Electric power generation","County, NAICS 5-digit -- by ownership sector","All establishment sizes",1,0,0,0,0,0,0,"N",1.77,0,0,0,0,0,0,"N",0,0.0,0,0,0,0,0,0,0,0,0,0,0,0
"39141","5","221112","78","0","2008","A","N","Ross County, Ohio","Private","Fossil fuel electric power generation","County, NAICS 6-digit -- by ownership sector","All establishment sizes",1,0,0,0,0,0,0,"N",3.32,0,0,0,0,0,0,"N",0,0.0,0,0,0,0,0,0,0,0,0,0,0,0
"39141","5","22112","77","0","2008","A","N","Ross County, Ohio","Private","Electric power transmission and distribution","County, NAICS 5-digit -- by ownership sector","All establishment sizes",5,0,0,0,0,0,0,"N",7.03,0,0,0,0,0,0,"N",0,0.0,0,0,0,0,0,0,0,0,0,0,0,0
"39141","5","221121","78","0","2008","A","N","Ross County, Ohio","Private","Electric bulk power transmission and control","County, NAICS 6-digit -- by ownership sector","All establishment sizes",4,0,0,0,0,0,0,"N",42.37,0,0,0,0,0,0,"N",0,0.0,0,0,0,0,0,0,0,0,0,0,0,0
"39141","5","221122","78","0","2008","A","N","Ross County, Ohio","Private","Electric power distribution","County, NAICS 6-digit -- by ownership sector","All establishment sizes",1,0,0,0,0,0,0,"N",1.62,0,0,0,0,0,0,"N",0,0.0,0,0,0,0,0,0,0,0,0,0,0,0
"39141","5","2212","76","0","2008","A","N","Ross County, Ohio","Private","Natural gas distribution","County, NAICS 4-digit -- by ownership sector","All establishment sizes",1,0,0,0,0,0,0,"N",2.37,0,0,0,0,0,0,"N",0,0.0,0,0,0,0,0,0,0,0,0,0,0,0
"39141","5","22121","77","0","2008","A","N","Ross County, Ohio","Private","Natural gas distribution","County, NAICS 5-digit -- by ownership sector","All establishment sizes",1,0,0,0,0,0,0,"N",2.37,0,0,0,0,0,0,"N",0,0.0,0,0,0,0,0,0,0,0,0,0,0,0
"39141","5","221210","78","0","2008","A","N","Ross County, Ohio","Private","Natural gas distribution","County, NAICS 6-digit -- by ownership sector","All establishment sizes",1,0,0,0,0,0,0,"N",2.37,0,0,0,0,0,0,"N",0,0.0,0,0,0,0,0,0,0,0,0,0,0,0
"39141","5","2213","76","0","2008","A","N","Ross County, Ohio","Private","Water, sewage and other systems","County, NAICS 4-digit -- by ownership sector","All establishment sizes",1,0,0,0,0,0,0,"N",1.11,0,0,0,0,0,0,"N",0,0.0,0,0,0,0,0,0,0,0,0,0,0,0
"39141","5","22131","77","0","2008","A","N","Ross County, Ohio","Private","Water supply and irrigation systems","County, NAICS 5-digit -- by ownership sector","All establishment sizes",1,0,0,0,0,0,0,"N",1.30,0,0,0,0,0,0,"N",0,0.0,0,0,0,0,0,0,0,0,0,0,0,0
"39141","5","221310","78","0","2008","A","N","Ross County, Ohio","Private","Water supply and irrigation systems","County, NAICS 6-digit -- by ownership sector","All establishment sizes",1,0,0,0,0,0,0,"N",1.30,0,0,0,0,0,0,"N",0,0.0,0,0,0,0,0,0,0,0,0,0,0,0
"39141","5","23","74","0","2008","A","","Ross County, Ohio","Private","Construction","County, NAICS Sector -- by ownership sector","All establishment sizes",148,831,30125217,10215835,590467,697,36241,"",1.06,0.60,0.53,0.77,1.03,0.89,0.89,"",-4,-2.6,-74,-8.2,-3906636,-11.5,-1301367,-11.3,-95982,-14.0,-26,-3.6,-1349,-3.6
"39141","5","236","75","0","2008","A","","Ross County, Ohio","Private","Construction of buildings","County, NAICS 3-digit -- by ownership sector","All establishment sizes",46,264,8985579,2822462,180555,655,34047,"",1.08,0.83,0.63,0.92,1.44,0.76,0.76,"",-5,-9.8,-27,-9.3,-236583,-2.6,-374972,-11.7,-28809,-13.8,45,7.4,2319,7.3
"39141","5","2361","76","0","2008","A","","Ross County, Ohio","Private","Residential building construction","County, NAICS 4-digit -- by ownership sector","All establishment sizes",33,159,4739012,1547451,76083,573,29774,"",0.96,1.00,0.81,1.08,1.59,0.81,0.81,"",-3,-8.3,-2,-1.2,297639,6.7,-100480,-6.1,-20186,-21.0,44,8.3,2259,8.2
"39141","5","23611","77","0","2008","A","","Ross County, Ohio","Private","Residential building construction","County, NAICS 5-digit -- by ownership sector","All establishment sizes",33,159,4739012,1547451,76083,573,29774,"",0.96,1.00,0.81,1.08,1.59,0.81,0.81,"",-3,-8.3,-2,-1.2,297639,6.7,-100480,-6.1,-20186,-21.0,44,8.3,2259,8.2
"39141","5","236115","78","0","2008","A","","Ross County, Ohio","Private","New single-family general contractors","County, NAICS 6-digit -- by ownership sector","All establishment sizes",15,35,789341,350669,17018,438,22769,"",0.79,0.39,0.23,0.42,0.65,0.60,0.60,"",-2,-11.8,-8,-18.6,-74505,-8.6,-123369,-26.0,-2174,-11.3,52,13.5,2718,13.6
"39141","5","236118","78","0","2008","A","","Ross County, Ohio","Private","Residential remodelers","County, NAICS 6-digit -- by ownership sector","All establishment sizes",18,125,3949671,1196782,59065,610,31724,"",1.31,2.24,2.20,2.45,3.37,0.99,0.99,"",-1,-5.3,7,5.9,372144,10.4,22889,1.9,-18012,-23.4,29,5.0,1491,4.9
"39141","5","2362","76","0","2008","A","","Ross County, Ohio","Private","Nonresidential building construction","County, NAICS 4-digit -- by ownership sector","All establishment sizes",13,105,4246567,1275011,104472,780,40540,"",1.54,0.65,0.50,0.79,1.35,0.78,0.77,"",-2,-13.3,-24,-18.6,-534222,-11.2,-274492,-17.7,-8623,-7.6,69,9.7,3551,9.6
"39141","5","23622","77","0","2008","A","","Ross County, Ohio","Private","Commercial building construction","County, NAICS 5-digit -- by ownership sector","All establishment sizes",13,105,4246567,1275011,104472,780,40540,"",1.76,0.84,0.66,1.03,1.83,0.79,0.79,"",-2,-13.3,-24,-18.6,-534222,-11.2,-274492,-17.7,-8623,-7.6,69,9.7,3551,9.6
"39141","5","236220","78","0","2008","A","","Ross County, Ohio","Private","Commercial building construction","County, NAICS 6-digit -- by ownership sector","All establishment sizes",13,105,4246567,1275011,104472,780,40540,"",1.76,0.84,0.66,1.03,1.83,0.79,0.79,"",-2,-13.3,-24,-18.6,-534222,-11.2,-274492,-17.7,-8623,-7.6,69,9.7,3551,9.6
"39141","5","237","75","0","2008","A","","Ross County, Ohio","Private","Heavy and civil engineering construction","County, NAICS 3-digit -- by ownership sector","All establishment sizes",8,28,968115,319476,26453,663,34473,"",0.88,0.15,0.11,0.17,0.28,0.71,0.71,"",0,0.0,-7,-20.0,-247605,-20.4,-87843,-21.6,-6963,-20.8,-11,-1.6,-596,-1.7
"39141","5","2371","76","0","2008","A","N","Ross County, Ohio","Private","Utility system construction","County, NAICS 4-digit -- by ownership sector","All establishment sizes",1,0,0,0,0,0,0,"N",0.26,0,0,0,0,0,0,"N",0,0.0,0,0,0,0,0,0,0,0,0,0,0,0
"39141","5","23711","77","0","2008","A","N","Ross County, Ohio","Private","Water and sewer system construction","County, NAICS 5-digit -- by ownership sector","All establishment sizes",1,0,0,0,0,0,0,"N",0.46,0,0,0,0,0,0,"N",0,0.0,0,0,0,0,0,0,0,0,0,0,0,0
"39141","5","237110","78","0","2008","A","N","Ross County, Ohio","Private","Water and sewer system construction","County, NAICS 6-digit -- by ownership sector","All establishment sizes",1,0,0,0,0,0,0,"N",0.46,0,0,0,0,0,0,"N",0,0.0,0,0,0,0,0,0,0,0,0,0,0,0
"39141","5","2372","76","0","2008","A","","Ross County, Ohio","Private","Land subdivision","County, NAICS 4-digit -- by ownership sector","All establishment sizes",3,4,39488,27184,583,212,11020,"",1.43,0.26,0.05,0.22,0.17,0.21,0.21,"",0,0.0,0,0.0,3202,8.8,-696,-2.5,-31,-5.0,22,11.6,1124,11.4
"39141","5","23721","77","0","2008","A","","Ross County, Ohio","Private","Land subdivision","County, NAICS 5-digit -- by ownership sector","All establishment sizes",3,4,39488,27184,583,212,11020,"",1.43,0.26,0.05,0.22,0.17,0.21,0.21,"",0,0.0,0,0.0,3202,8.8,-696,-2.5,-31,-5.0,22,11.6,1124,11.4
"39141","5","237210","78","0","2008","A","","Ross County, Ohio","Private","Land subdivision","County, NAICS 6-digit -- by ownership sector","All establishment sizes",3,4,39488,27184,583,212,11020,"",1.43,0.26,0.05,0.22,0.17,0.21,0.21,"",0,0.0,0,0.0,3202,8.8,-696,-2.5,-31,-5.0,22,11.6,1124,11.4
"39141","5","2373","76","0","2008","A","N","Ross County, Ohio","Private","Highway, street, and bridge construction","County, NAICS 4-digit -- by ownership sector","All establishment sizes",3,0,0,0,0,0,0,"N",1.61,0,0,0,0,0,0,"N",1,50.0,0,0,0,0,0,0,0,0,0,0,0,0
"39141","5","23731","77","0","2008","A","N","Ross County, Ohio","Private","Highway, street, and bridge construction","County, NAICS 5-digit -- by ownership sector","All establishment sizes",3,0,0,0,0,0,0,"N",1.61,0,0,0,0,0,0,"N",1,50.0,0,0,0,0,0,0,0,0,0,0,0,0
"39141","5","237310","78","0","2008","A","N","Ross County, Ohio","Private","Highway, street, and bridge construction","County, NAICS 6-digit -- by ownership sector","All establishment sizes",3,0,0,0,0,0,0,"N",1.61,0,0,0,0,0,0,"N",1,50.0,0,0,0,0,0,0,0,0,0,0,0,0
"39141","5","2379","76","0","2008","A","N","Ross County, Ohio","Private","Other heavy construction","County, NAICS 4-digit -- by ownership sector","All establishment sizes",1,0,0,0,0,0,0,"N",0.78,0,0,0,0,0,0,"N",-1,-50.0,0,0,0,0,0,0,0,0,0,0,0,0
"39141","5","23799","77","0","2008","A","N","Ross County, Ohio","Private","Other heavy construction","County, NAICS 5-digit -- by ownership sector","All establishment sizes",1,0,0,0,0,0,0,"N",0.78,0,0,0,0,0,0,"N",-1,-50.0,0,0,0,0,0,0,0,0,0,0,0,0
"39141","5","237990","78","0","2008","A","N","Ross County, Ohio","Private","Other heavy construction","County, NAICS 6-digit -- by ownership sector","All establishment sizes",1,0,0,0,0,0,0,"N",0.78,0,0,0,0,0,0,"N",-1,-50.0,0,0,0,0,0,0,0,0,0,0,0,0
"39141","5","238","75","0","2008","A","","Ross County, Ohio","Private","Specialty trade contractors","County, NAICS 3-digit -- by ownership sector","All establishment sizes",94,539,20171523,7073897,383459,719,37407,"",1.07,0.61,0.61,0.84,1.09,0.99,0.99,"",0,0.0,-41,-7.1,-3422448,-14.5,-838552,-10.6,-60210,-13.6,-63,-8.1,-3272,-8.0
"39141","5","2381","76","0","2008","A","","Ross County, Ohio","Private","Building foundation and exterior contractors","County, NAICS 4-digit -- by ownership sector","All establishment sizes",22,168,7685828,2444510,130635,878,45681,"",1.17,0.89,1.21,1.37,1.75,1.36,1.36,"",0,0.0,-4,-2.3,235869,3.2,-111798,-4.4,26969,26.0,43,5.1,2283,5.3
"39141","5","23811","77","0","2008","A","N","Ross County, Ohio","Private","Poured concrete structure contractors","County, NAICS 5-digit -- by ownership sector","All establishment sizes",2,0,0,0,0,0,0,"N",0.57,0,0,0,0,0,0,"N",0,0.0,0,0,0,0,0,0,0,0,0,0,0,0
"39141","5","238111","78","0","2008","A","N","Ross County, Ohio","Private","Residential poured foundation contractors","County, NAICS 6-digit -- by ownership sector","All establishment sizes",2,0,0,0,0,0,0,"N",0.77,0,0,0,0,0,0,"N",0,0.0,0,0,0,0,0,0,0,0,0,0,0,0
"39141","5","23812","77","0","2008","A","N","Ross County, Ohio","Private","Steel and precast concrete contractors","County, NAICS 5-digit -- by ownership sector","All establishment sizes",1,0,0,0,0,0,0,"N",1.07,0,0,0,0,0,0,"N",-1,-50.0,0,0,0,0,0,0,0,0,0,0,0,0
"39141","5","238122","78","0","2008","A","N","Ross County, Ohio","Private","Nonresidential structural steel contractors","County, NAICS 6-digit -- by ownership sector","All establishment sizes",1,0,0,0,0,0,0,"N",1.44,0,0,0,0,0,0,"N",-1,-50.0,0,0,0,0,0,0,0,0,0,0,0,0
"39141","5","23813","77","0","2008","A","N","Ross County, Ohio","Private","Framing contractors","County, NAICS 5-digit -- by ownership sector","All establishment sizes",1,0,0,0,0,0,0,"N",0.37,0,0,0,0,0,0,"N",0,0.0,0,0,0,0,0,0,0,0,0,0,0,0
"39141","5","238131","78","0","2008","A","N","Ross County, Ohio","Private","Residential framing contractors","County, NAICS 6-digit -- by ownership sector","All establishment sizes",1,0,0,0,0,0,0,"N",0.42,0,0,0,0,0,0,"N",0,0.0,0,0,0,0,0,0,0,0,0,0,0,0
"39141","5","23814","77","0","2008","A","N","Ross County, Ohio","Private","Masonry contractors","County, NAICS 5-digit -- by ownership sector","All establishment sizes",7,0,0,0,0,0,0,"N",1.49,0,0,0,0,0,0,"N",0,0.0,0,0,0,0,0,0,0,0,0,0,0,0
"39141","5","238141","78","0","2008","A","N","Ross County, Ohio","Private","Residential masonry contractors","County, NAICS 6-digit -- by ownership sector","All establishment sizes",5,0,0,0,0,0,0,"N",1.39,0,0,0,0,0,0,"N",0,0.0,0,0,0,0,0,0,0,0,0,0,0,0
"39141","5","238142","78","0","2008","A","N","Ross County, Ohio","Private","Nonresidential masonry contractors","County, NAICS 6-digit -- by ownership sector","All establishment sizes",2,0,0,0,0,0,0,"N",1.82,0,0,0,0,0,0,"N",0,0.0,0,0,0,0,0,0,0,0,0,0,0,0
"39141","5","23815","77","0","2008","A","N","Ross County, Ohio","Private","Glass and glazing contractors","County, NAICS 5-digit -- by ownership sector","All establishment sizes",2,0,0,0,0,0,0,"N",2.04,0,0,0,0,0,0,"N",0,0.0,0,0,0,0,0,0,0,0,0,0,0,0
"39141","5","238151","78","0","2008","A","N","Ross County, Ohio","Private","Residential glass and glazing contractors","County, NAICS 6-digit -- by ownership sector","All establishment sizes",1,0,0,0,0,0,0,"N",1.84,0,0,0,0,0,0,"N",0,0.0,0,0,0,0,0,0,0,0,0,0,0,0
"39141","5","238152","78","0","2008","A","N","Ross County, Ohio","Private","Nonresidential glass and glazing contractors","County, NAICS 6-digit -- by ownership sector","All establishment sizes",1,0,0,0,0,0,0,"N",2.28,0,0,0,0,0,0,"N",0,0.0,0,0,0,0,0,0,0,0,0,0,0,0
"39141","5","23816","77","0","2008","A","","Ross County, Ohio","Private","Roofing contractors","County, NAICS 5-digit -- by ownership sector","All establishment sizes",4,31,776189,324252,20868,478,24838,"",1.20,0.85,0.66,1.00,1.55,0.78,0.78,"",0,0.0,-2,-6.1,9536,1.2,-20254,-5.9,-5085,-19.6,33,7.4,1723,7.5
"39141","5","238161","78","0","2008","A","N","Ross County, Ohio","Private","Residential roofing contractors","County, NAICS 6-digit -- by ownership sector","All establishment sizes",2,0,0,0,0,0,0,"N",0.81,0,0,0,0,0,0,"N",0,0.0,0,0,0,0,0,0,0,0,0,0,0,0
"39141","5","238162","78","0","2008","A","N","Ross County, Ohio","Private","Nonresidential roofing contractors","County, NAICS 6-digit -- by ownership sector","All establishment sizes",2,0,0,0,0,0,0,"N",2.29,0,0,0,0,0,0,"N",0,0.0,0,0,0,0,0,0,0,0,0,0,0,0
"39141","5","23817","77","0","2008","A","","Ross County, Ohio","Private","Siding contractors","County, NAICS 5-digit -- by ownership sector","All establishment sizes",4,9,194589,86573,2670,428,22239,"",2.61,1.12,0.86,1.13,0.99,0.79,0.79,"",-1,-20.0,-1,-10.0,-55347,-22.1,-5433,-5.9,1320,97.8,-37,-8.0,-1948,-8.1
"39141","5","238171","78","0","2008","A","","Ross County, Ohio","Private","Residential siding contractors","County, NAICS 6-digit -- by ownership sector","All establishment sizes",4,9,194589,86573,2670,428,22239,"",2.82,1.33,1.08,1.35,1.21,0.83,0.83,"",-1,-20.0,-1,-10.0,-55347,-22.1,-5433,-5.9,1320,97.8,-37,-8.0,-1948,-8.1
"39141","5","2382","76","0","2008","A","","Ross County, Ohio","Private","Building equipment contractors","County, NAICS 4-digit -- by ownership sector","All establishment sizes",32,228,8912913,2956674,158581,753,39149,"",0.99,0.59,0.54,0.80,1.03,0.93,0.93,"",1,3.2,-70,-23.5,-4547302,-33.8,-1096320,-27.0,-101119,-38.9,-115,-13.2,-6007,-13.3
"39141","5","23821","77","0","2008","A","N","Ross County, Ohio","Private","Electrical and wiring contractors","County, NAICS 5-digit -- by ownership sector","All establishment sizes",8,0,0,0,0,0,0,"N",0.56,0,0,0,0,0,0,"N",0,0.0,0,0,0,0,0,0,0,0,0,0,0,0
"39141","5","238212","78","0","2008","A","N","Ross County, Ohio","Private","Nonresidential electrical contractors","County, NAICS 6-digit -- by ownership sector","All establishment sizes",8,0,0,0,0,0,0,"N",1.35,0,0,0,0,0,0,"N",0,0.0,0,0,0,0,0,0,0,0,0,0,0,0
"39141","5","23822","77","0","2008","A","","Ross County, Ohio","Private","Plumbing and hvac contractors","County, NAICS 5-digit -- by ownership sector","All establishment sizes",22,146,4836816,1744766,61897,635,33035,"",1.34,0.77,0.63,0.98,0.88,0.81,0.81,"",0,0.0,-7,-4.6,170350,3.7,-86046,-4.7,-4893,-7.3,47,8.0,2469,8.1
"39141","5","238221","78","0","2008","A","","Ross County, Ohio","Private","Residential plumbing and hvac contractors","County, NAICS 6-digit -- by ownership sector","All establishment sizes",12,70,2371211,855178,23246,654,33996,"",1.00,0.79,0.80,1.10,1.00,1.02,1.02,"",0,0.0,-6,-7.9,-111858,-4.5,-18663,-2.1,-1146,-4.7,26,4.1,1324,4.1
"39141","5","238222","78","0","2008","A","","Ross County, Ohio","Private","Nonresidential plumbing and hvac contractors","County, NAICS 6-digit -- by ownership sector","All establishment sizes",10,77,2465605,889588,38651,618,32160,"",2.23,0.77,0.52,0.90,0.82,0.68,0.68,"",0,0.0,0,0.0,282208,12.9,-67383,-7.0,-3747,-8.8,70,12.8,3681,12.9
"39141","5","23829","77","0","2008","A","N","Ross County, Ohio","Private","Other building equipment contractors","County, NAICS 5-digit -- by ownership sector","All establishment sizes",2,0,0,0,0,0,0,"N",1.26,0,0,0,0,0,0,"N",0,0.0,0,0,0,0,0,0,0,0,0,0,0,0
"39141","5","238292","78","0","2008","A","N","Ross County, Ohio","Private","Other nonresidential equipment contractors","County, NAICS 6-digit -- by ownership sector","All establishment sizes",2,0,0,0,0,0,0,"N",1.53,0,0,0,0,0,0,"N",0,0.0,0,0,0,0,0,0,0,0,0,0,0,0
"39141","5","2383","76","0","2008","A","","Ross County, Ohio","Private","Building finishing contractors","County, NAICS 4-digit -- by ownership sector","All establishment sizes",11,57,1314441,652642,29687,440,22893,"",0.48,0.32,0.23,0.39,0.44,0.69,0.69,"",-1,-8.3,27,90.0,639134,94.6,294874,82.4,3525,13.5,11,2.6,569,2.5
"39141","5","23831","77","0","2008","A","N","Ross County, Ohio","Private","Drywall and insulation contractors","County, NAICS 5-digit -- by ownership sector","All establishment sizes",2,0,0,0,0,0,0,"N",0.49,0,0,0,0,0,0,"N",0,0.0,0,0,0,0,0,0,0,0,0,0,0,0
"39141","5","238311","78","0","2008","A","N","Ross County, Ohio","Private","Residential drywall contractors","County, NAICS 6-digit -- by ownership sector","All establishment sizes",2,0,0,0,0,0,0,"N",0.70,0,0,0,0,0,0,"N",0,0.0,0,0,0,0,0,0,0,0,0,0,0,0
"39141","5","23832","77","0","2008","A","","Ross County, Ohio","Private","Painting and wall covering contractors","County, NAICS 5-digit -- by ownership sector","All establishment sizes",4,9,239760,106601,9076,503,26156,"",0.58,0.21,0.19,0.27,0.56,0.88,0.88,"",-1,-20.0,-1,-10.0,3107,1.3,970,0.9,37,0.4,24,5.0,1245,5.0
"39141","5","238321","78","0","2008","A","N","Ross County, Ohio","Private","Residential painting contractors","County, NAICS 6-digit -- by ownership sector","All establishment sizes",3,0,0,0,0,0,0,"N",0.54,0,0,0,0,0,0,"N",-1,-25.0,0,0,0,0,0,0,0,0,0,0,0,0
"39141","5","238322","78","0","2008","A","N","Ross County, Ohio","Private","Nonresidential painting contractors","County, NAICS 6-digit -- by ownership sector","All establishment sizes",1,0,0,0,0,0,0,"N",0.77,0,0,0,0,0,0,"N",0,0.0,0,0,0,0,0,0,0,0,0,0,0,0
"39141","5","23833","77","0","2008","A","N","Ross County, Ohio","Private","Flooring contractors","County, NAICS 5-digit -- by ownership sector","All establishment sizes",1,0,0,0,0,0,0,"N",0.36,0,0,0,0,0,0,"N",0,0.0,0,0,0,0,0,0,0,0,0,0,0,0
"39141","5","238332","78","0","2008","A","N","Ross County, Ohio","Private","Nonresidential flooring contractors","County, NAICS 6-digit -- by ownership sector","All establishment sizes",1,0,0,0,0,0,0,"N",1.98,0,0,0,0,0,0,"N",0,0.0,0,0,0,0,0,0,0,0,0,0,0,0
"39141","5","23835","77","0","2008","A","N","Ross County, Ohio","Private","Finish carpentry contractors","County, NAICS 5-digit -- by ownership sector","All establishment sizes",2,0,0,0,0,0,0,"N",0.34,0,0,0,0,0,0,"N",-1,-33.3,0,0,0,0,0,0,0,0,0,0,0,0
"39141","5","238351","78","0","2008","A","N","Ross County, Ohio","Private","Residential finish carpentry contractors","County, NAICS 6-digit -- by ownership sector","All establishment sizes",2,0,0,0,0,0,0,"N",0.39,0,0,0,0,0,0,"N",-1,-33.3,0,0,0,0,0,0,0,0,0,0,0,0
"39141","5","23839","77","0","2008","A","N","Ross County, Ohio","Private","Other building finishing contractors","County, NAICS 5-digit -- by ownership sector","All establishment sizes",2,0,0,0,0,0,0,"N",1.39,0,0,0,0,0,0,"N",1,100.0,0,0,0,0,0,0,0,0,0,0,0,0
"39141","5","238392","78","0","2008","A","N","Ross County, Ohio","Private","Other nonresidential finishing contractors","County, NAICS 6-digit -- by ownership sector","All establishment sizes",2,0,0,0,0,0,0,"N",2.90,0,0,0,0,0,0,"N",1,100.0,0,0,0,0,0,0,0,0,0,0,0,0
"39141","5","2389","76","0","2008","A","","Ross County, Ohio","Private","Other specialty trade contractors","County, NAICS 4-digit -- by ownership sector","All establishment sizes",29,86,2258341,1020071,64556,505,26285,"",2.09,0.68,0.49,0.85,1.16,0.73,0.73,"",0,0.0,6,7.5,249851,12.4,74692,7.9,10415,19.2,22,4.6,1179,4.7
"39141","5","23891","77","0","2008","A","","Ross County, Ohio","Private","Site preparation contractors","County, NAICS 5-digit -- by ownership sector","All establishment sizes",15,18,431615,229641,12235,451,23436,"",2.12,0.27,0.17,0.35,0.42,0.63,0.63,"",-1,-6.2,-10,-35.7,-176823,-29.1,-96823,-29.7,-6617,-35.1,27,6.4,1378,6.2
"39141","5","238911","78","0","2008","A","","Ross County, Ohio","Private","Residential site preparation contractors","County, NAICS 6-digit -- by ownership sector","All establishment sizes",10,13,244369,177462,8298,357,18560,"",2.36,0.53,0.31,0.77,0.84,0.58,0.58,"",-1,-9.1,-7,-35.0,-147577,-37.7,-48093,-21.3,-4463,-35.0,-14,-3.8,-716,-3.7
"39141","5","238912","78","0","2008","A","","Ross County, Ohio","Private","Nonresidential site preparation contractors","County, NAICS 6-digit -- by ownership sector","All establishment sizes",5,5,187246,52179,3937,686,35666,"",1.76,0.12,0.11,0.13,0.20,0.90,0.90,"",0,0.0,-2,-28.6,-29246,-13.5,-48730,-48.3,-2154,-35.4,112,19.5,5805,19.4
"39141","5","23899","77","0","2008","A","","Ross County, Ohio","Private","All other specialty trade contractors","County, NAICS 5-digit -- by ownership sector","All establishment sizes",14,68,1826726,790430,52321,520,27063,"",2.06,1.13,0.87,1.42,1.98,0.77,0.77,"",1,7.7,16,30.8,426674,30.5,171515,27.7,17032,48.3,6,1.2,353,1.3
"39141","5","238991","78","0","2008","A","","Ross County, Ohio","Private","All other residential trade contractors","County, NAICS 6-digit -- by ownership sector","All establishment sizes",8,35,1018490,420130,31088,556,28893,"",1.74,1.23,1.21,1.62,2.64,0.98,0.98,"",1,14.3,15,75.0,419136,69.9,176282,72.3,12895,70.9,-13,-2.3,-705,-2.4
"39141","5","238992","78","0","2008","A","","Ross County, Ohio","Private","All other nonresidential trade contractors","County, NAICS 6-digit -- by ownership sector","All establishment sizes",6,32,808236,370300,21233,482,25062,"",2.70,1.02,0.64,1.24,1.45,0.62,0.62,"",0,0.0,0,0.0,7538,0.9,-4767,-1.3,4137,24.2,3,0.6,170,0.7
"39141","5","31-33","74","0","2008","A","","Ross County, Ohio","Private","Manufacturing","County, NAICS Sector -- by ownership sector","All establishment sizes",49,3763,206875108,36472491,1430226,1057,54975,"",0.86,1.45,1.76,1.69,2.13,1.21,1.21,"",3,6.5,-390,-9.4,-26103864,-11.2,-5659020,-13.4,282508,24.6,-22,-2.0,-1125,-2.0
"39141","5","311","75","0","2008","A","","Ross County, Ohio","Private","Food manufacturing","County, NAICS 3-digit -- by ownership sector","All establishment sizes",4,96,2428710,774396,8220,486,25277,"",0.89,0.33,0.26,0.32,0.13,0.79,0.79,"",0,0.0,-2,-2.0,53161,2.2,-49840,-6.0,-3008,-26.8,18,3.8,933,3.8
"39141","5","3111","76","0","2008","A","N","Ross County, Ohio","Private","Animal food manufacturing","County, NAICS 4-digit -- by ownership sector","All establishment sizes",1,0,0,0,0,0,0,"N",3.16,0,0,0,0,0,0,"N",0,0.0,0,0,0,0,0,0,0,0,0,0,0,0
"39141","5","31111","77","0","2008","A","N","Ross County, Ohio","Private","Animal food manufacturing","County, NAICS 5-digit -- by ownership sector","All establishment sizes",1,0,0,0,0,0,0,"N",3.16,0,0,0,0,0,0,"N",0,0.0,0,0,0,0,0,0,0,0,0,0,0,0
"39141","5","311119","78","0","2008","A","N","Ross County, Ohio","Private","Other animal food manufacturing","County, NAICS 6-digit -- by ownership sector","All establishment sizes",1,0,0,0,0,0,0,"N",3.78,0,0,0,0,0,0,"N",0,0.0,0,0,0,0,0,0,0,0,0,0,0,0
"39141","5","3118","76","0","2008","A","N","Ross County, Ohio","Private","Bakeries and tortilla manufacturing","County, NAICS 4-digit -- by ownership sector","All establishment sizes",2,0,0,0,0,0,0,"N",1.11,0,0,0,0,0,0,"N",0,0.0,0,0,0,0,0,0,0,0,0,0,0,0
"39141","5","31181","77","0","2008","A","N","Ross County, Ohio","Private","Bread and bakery product manufacturing","County, NAICS 5-digit -- by ownership sector","All establishment sizes",1,0,0,0,0,0,0,"N",0.63,0,0,0,0,0,0,"N",0,0.0,0,0,0,0,0,0,0,0,0,0,0,0
"39141","5","311811","78","0","2008","A","N","Ross County, Ohio","Private","Retail bakeries","County, NAICS 6-digit -- by ownership sector","All establishment sizes",1,0,0,0,0,0,0,"N",0.93,0,0,0,0,0,0,"N",0,0.0,0,0,0,0,0,0,0,0,0,0,0,0
"39141","5","31182","77","0","2008","A","N","Ross County, Ohio","Private","Cookie, cracker, and pasta manufacturing","County, NAICS 5-digit -- by ownership sector","All establishment sizes",1,0,0,0,0,0,0,"N",6.85,0,0,0,0,0,0,"N",0,0.0,0,0,0,0,0,0,0,0,0,0,0,0
"39141","5","311822","78","0","2008","A","N","Ross County, Ohio","Private","Mixes and dough made from purchased flour","County, NAICS 6-digit -- by ownership sector","All establishment sizes",1,0,0,0,0,0,0,"N",24.33,0,0,0,0,0,0,"N",0,0.0,0,0,0,0,0,0,0,0,0,0,0,0
"39141","5","3119","76","0","2008","A","N","Ross County, Ohio","Private","Other food manufacturing","County, NAICS 4-digit -- by ownership sector","All establishment sizes",1,0,0,0,0,0,0,"N",1.78,0,0,0,0,0,0,"N",0,0.0,0,0,0,0,0,0,0,0,0,0,0,0
"39141","5","31191","77","0","2008","A","N","Ross County, Ohio","Private","Snack food manufacturing","County, NAICS 5-digit -- by ownership sector","All establishment sizes",1,0,0,0,0,0,0,"N",10.63,0,0,0,0,0,0,"N",0,0.0,0,0,0,0,0,0,0,0,0,0,0,0
"39141","5","311919","78","0","2008","A","N","Ross County, Ohio","Private","Other snack food manufacturing","County, NAICS 6-digit -- by ownership sector","All establishment sizes",1,0,0,0,0,0,0,"N",16.20,0,0,0,0,0,0,"N",0,0.0,0,0,0,0,0,0,0,0,0,0,0,0
"39141","5","314","75","0","2008","A","N","Ross County, Ohio","Private","Textile product mills","County, NAICS 3-digit -- by ownership sector","All establishment sizes",2,0,0,0,0,0,0,"N",1.57,0,0,0,0,0,0,"N",1,100.0,0,0,0,0,0,0,0,0,0,0,0,0
"39141","5","3141","76","0","2008","A","N","Ross County, Ohio","Private","Textile furnishings mills","County, NAICS 4-digit -- by ownership sector","All establishment sizes",1,0,0,0,0,0,0,"N",2.35,0,0,0,0,0,0,"N",0,0.0,0,0,0,0,0,0,0,0,0,0,0,0
"39141","5","31412","77","0","2008","A","N","Ross County, Ohio","Private","Curtain and linen mills","County, NAICS 5-digit -- by ownership sector","All establishment sizes",1,0,0,0,0,0,0,"N",2.80,0,0,0,0,0,0,"N",0,0.0,0,0,0,0,0,0,0,0,0,0,0,0
"39141","5","314121","78","0","2008","A","N","Ross County, Ohio","Private","Curtain and drapery mills","County, NAICS 6-digit -- by ownership sector","All establishment sizes",1,0,0,0,0,0,0,"N",4.09,0,0,0,0,0,0,"N",0,0.0,0,0,0,0,0,0,0,0,0,0,0,0
"39141","5","3149","76","0","2008","A","N","Ross County, Ohio","Private","Other textile product mills","County, NAICS 4-digit -- by ownership sector","All establishment sizes",1,0,0,0,0,0,0,"N",1.18,0,0,0,0,0,0,"N",1,100.0,0,0,0,0,0,0,0,0,0,0,0,0
"39141","5","31491","77","0","2008","A","N","Ross County, Ohio","Private","Textile bag and canvas mills","County, NAICS 5-digit -- by ownership sector","All establishment sizes",1,0,0,0,0,0,0,"N",3.15,0,0,0,0,0,0,"N",1,100.0,0,0,0,0,0,0,0,0,0,0,0,0
"39141","5","314912","78","0","2008","A","N","Ross County, Ohio","Private","Canvas and related product mills","County, NAICS 6-digit -- by ownership sector","All establishment sizes",1,0,0,0,0,0,0,"N",3.74,0,0,0,0,0,0,"N",1,100.0,0,0,0,0,0,0,0,0,0,0,0,0
"39141","5","321","75","0","2008","A","N","Ross County, Ohio","Private","Wood product manufacturing","County, NAICS 3-digit -- by ownership sector","All establishment sizes",5,0,0,0,0,0,0,"N",1.84,0,0,0,0,0,0,"N",0,0.0,0,0,0,0,0,0,0,0,0,0,0,0
"39141","5","3211","76","0","2008","A","N","Ross County, Ohio","Private","Sawmills and wood preservation","County, NAICS 4-digit -- by ownership sector","All establishment sizes",1,0,0,0,0,0,0,"N",1.48,0,0,0,0,0,0,"N",0,0.0,0,0,0,0,0,0,0,0,0,0,0,0
"39141","5","32111","77","0","2008","A","N","Ross County, Ohio","Private","Sawmills and wood preservation","County, NAICS 5-digit -- by ownership sector","All establishment sizes",1,0,0,0,0,0,0,"N",1.48,0,0,0,0,0,0,"N",0,0.0,0,0,0,0,0,0,0,0,0,0,0,0
"39141","5","321113","78","0","2008","A","N","Ross County, Ohio","Private","Sawmills","County, NAICS 6-digit -- by ownership sector","All establishment sizes",1,0,0,0,0,0,0,"N",1.68,0,0,0,0,0,0,"N",0,0.0,0,0,0,0,0,0,0,0,0,0,0,0
"39141","5","3219","76","0","2008","A","N","Ross County, Ohio","Private","Other wood product manufacturing","County, NAICS 4-digit -- by ownership sector","All establishment sizes",4,0,0,0,0,0,0,"N",2.35,0,0,0,0,0,0,"N",0,0.0,0,0,0,0,0,0,0,0,0,0,0,0
"39141","5","32191","77","0","2008","A","N","Ross County, Ohio","Private","Millwork","County, NAICS 5-digit -- by ownership sector","All establishment sizes",1,0,0,0,0,0,0,"N",1.41,0,0,0,0,0,0,"N",0,0.0,0,0,0,0,0,0,0,0,0,0,0,0
"39141","5","321918","78","0","2008","A","N","Ross County, Ohio","Private","Other millwork, including flooring","County, NAICS 6-digit -- by ownership sector","All establishment sizes",1,0,0,0,0,0,0,"N",2.67,0,0,0,0,0,0,"N",0,0.0,0,0,0,0,0,0,0,0,0,0,0,0
"39141","5","32192","77","0","2008","A","N","Ross County, Ohio","Private","Wood container and pallet manufacturing","County, NAICS 5-digit -- by ownership sector","All establishment sizes",2,0,0,0,0,0,0,"N",3.99,0,0,0,0,0,0,"N",0,0.0,0,0,0,0,0,0,0,0,0,0,0,0
"39141","5","321920","78","0","2008","A","N","Ross County, Ohio","Private","Wood container and pallet manufacturing","County, NAICS 6-digit -- by ownership sector","All establishment sizes",2,0,0,0,0,0,0,"N",3.99,0,0,0,0,0,0,"N",0,0.0,0,0,0,0,0,0,0,0,0,0,0,0
"39141","5","32199","77","0","2008","A","N","Ross County, Ohio","Private","All other wood product manufacturing","County, NAICS 5-digit -- by ownership sector","All establishment sizes",1,0,0,0,0,0,0,"N",2.04,0,0,0,0,0,0,"N",0,0.0,0,0,0,0,0,0,0,0,0,0,0,0
"39141","5","321991","78","0","2008","A","N","Ross County, Ohio","Private","Manufactured home, mobile home, manufacturing","County, NAICS 6-digit -- by ownership sector","All establishment sizes",1,0,0,0,0,0,0,"N",14.73,0,0,0,0,0,0,"N",0,0.0,0,0,0,0,0,0,0,0,0,0,0,0
"39141","5","322","75","0","2008","A","N","Ross County, Ohio","Private","Paper manufacturing","County, NAICS 3-digit -- by ownership sector","All establishment sizes",7,0,0,0,0,0,0,"N",7.01,0,0,0,0,0,0,"N",0,0.0,0,0,0,0,0,0,0,0,0,0,0,0
"39141","5","3221","76","0","2008","A","N","Ross County, Ohio","Private","Pulp, paper, and paperboard mills","County, NAICS 4-digit -- by ownership sector","All establishment sizes",4,0,0,0,0,0,0,"N",28.58,0,0,0,0,0,0,"N",0,0.0,0,0,0,0,0,0,0,0,0,0,0,0
"39141","5","32212","77","0","2008","A","N","Ross County, Ohio","Private","Paper mills","County, NAICS 5-digit -- by ownership sector","All establishment sizes",4,0,0,0,0,0,0,"N",46.43,0,0,0,0,0,0,"N",0,0.0,0,0,0,0,0,0,0,0,0,0,0,0
"39141","5","322121","78","0","2008","A","N","Ross County, Ohio","Private","Paper, except newsprint, mills","County, NAICS 6-digit -- by ownership sector","All establishment sizes",4,0,0,0,0,0,0,"N",51.45,0,0,0,0,0,0,"N",0,0.0,0,0,0,0,0,0,0,0,0,0,0,0
"39141","5","3222","76","0","2008","A","","Ross County, Ohio","Private","Converted paper product manufacturing","County, NAICS 4-digit -- by ownership sector","All establishment sizes",3,36,1082700,327319,8830,587,30499,"",3.50,0.59,0.43,0.65,0.59,0.74,0.74,"",0,0.0,-2,-5.3,-40895,-3.6,-110812,-25.3,2811,46.7,25,4.4,1251,4.3
"39141","5","32221","77","0","2008","A","N","Ross County, Ohio","Private","Paperboard container manufacturing","County, NAICS 5-digit -- by ownership sector","All establishment sizes",2,0,0,0,0,0,0,"N",4.63,0,0,0,0,0,0,"N",0,0.0,0,0,0,0,0,0,0,0,0,0,0,0
"39141","5","322211","78","0","2008","A","N","Ross County, Ohio","Private","Corrugated and solid fiber box manufacturing","County, NAICS 6-digit -- by ownership sector","All establishment sizes",2,0,0,0,0,0,0,"N",6.78,0,0,0,0,0,0,"N",0,0.0,0,0,0,0,0,0,0,0,0,0,0,0
"39141","5","32222","77","0","2008","A","N","Ross County, Ohio","Private","Paper bag and coated and treated paper mfg.","County, NAICS 5-digit -- by ownership sector","All establishment sizes",1,0,0,0,0,0,0,"N",4.87,0,0,0,0,0,0,"N",0,0.0,0,0,0,0,0,0,0,0,0,0,0,0
"39141","5","322226","78","0","2008","A","N","Ross County, Ohio","Private","Surface-coated paperboard manufacturing","County, NAICS 6-digit -- by ownership sector","All establishment sizes",1,0,0,0,0,0,0,"N",88.77,0,0,0,0,0,0,"N",0,0.0,0,0,0,0,0,0,0,0,0,0,0,0
"39141","5","323","75","0","2008","A","N","Ross County, Ohio","Private","Printing and related support activities","County, NAICS 3-digit -- by ownership sector","All establishment sizes",1,0,0,0,0,0,0,"N",0.18,0,0,0,0,0,0,"N",0,0.0,0,0,0,0,0,0,0,0,0,0,0,0
"39141","5","3231","76","0","2008","A","N","Ross County, Ohio","Private","Printing and related support activities","County, NAICS 4-digit -- by ownership sector","All establishment sizes",1,0,0,0,0,0,0,"N",0.18,0,0,0,0,0,0,"N",0,0.0,0,0,0,0,0,0,0,0,0,0,0,0
"39141","5","32311","77","0","2008","A","N","Ross County, Ohio","Private","Printing","County, NAICS 5-digit -- by ownership sector","All establishment sizes",1,0,0,0,0,0,0,"N",0.19,0,0,0,0,0,0,"N",0,0.0,0,0,0,0,0,0,0,0,0,0,0,0
"39141","5","323113","78","0","2008","A","N","Ross County, Ohio","Private","Commercial screen printing","County, NAICS 6-digit -- by ownership sector","All establishment sizes",0,0,0,0,0,0,0,"N",0.00,0,0,0,0,0,0,"N",0,0,0,0,0,0,0,0,0,0,0,0,0,0
"39141","5","323114","78","0","2008","A","N","Ross County, Ohio","Private","Quick printing","County, NAICS 6-digit -- by ownership sector","All establishment sizes",1,0,0,0,0,0,0,"N",0.71,0,0,0,0,0,0,"N",0,0.0,0,0,0,0,0,0,0,0,0,0,0,0
"39141","5","324","75","0","2008","A","N","Ross County, Ohio","Private","Petroleum and coal products manufacturing","County, NAICS 3-digit -- by ownership sector","All establishment sizes",1,0,0,0,0,0,0,"N",2.61,0,0,0,0,0,0,"N",0,0.0,0,0,0,0,0,0,0,0,0,0,0,0
"39141","5","3241","76","0","2008","A","N","Ross County, Ohio","Private","Petroleum and coal products manufacturing","County, NAICS 4-digit -- by ownership sector","All establishment sizes",1,0,0,0,0,0,0,"N",2.61,0,0,0,0,0,0,"N",0,0.0,0,0,0,0,0,0,0,0,0,0,0,0
"39141","5","32412","77","0","2008","A","N","Ross County, Ohio","Private","Asphalt paving and roofing materials mfg.","County, NAICS 5-digit -- by ownership sector","All establishment sizes",1,0,0,0,0,0,0,"N",5.79,0,0,0,0,0,0,"N",0,0.0,0,0,0,0,0,0,0,0,0,0,0,0
"39141","5","324121","78","0","2008","A","N","Ross County, Ohio","Private","Asphalt paving mixture and block mfg.","County, NAICS 6-digit -- by ownership sector","All establishment sizes",1,0,0,0,0,0,0,"N",7.68,0,0,0,0,0,0,"N",0,0.0,0,0,0,0,0,0,0,0,0,0,0,0
"39141","5","325","75","0","2008","A","N","Ross County, Ohio","Private","Chemical manufacturing","County, NAICS 3-digit -- by ownership sector","All establishment sizes",1,0,0,0,0,0,0,"N",0.39,0,0,0,0,0,0,"N",0,0.0,0,0,0,0,0,0,0,0,0,0,0,0
"39141","5","3259","76","0","2008","A","N","Ross County, Ohio","Private","Other chemical product and preparation mfg.","County, NAICS 4-digit -- by ownership sector","All establishment sizes",1,0,0,0,0,0,0,"N",2.02,0,0,0,0,0,0,"N",0,0.0,0,0,0,0,0,0,0,0,0,0,0,0
"39141","5","32599","77","0","2008","A","N","Ross County, Ohio","Private","All other chemical preparation manufacturing","County, NAICS 5-digit -- by ownership sector","All establishment sizes",1,0,0,0,0,0,0,"N",2.60,0,0,0,0,0,0,"N",0,0.0,0,0,0,0,0,0,0,0,0,0,0,0
"39141","5","325998","78","0","2008","A","N","Ross County, Ohio","Private","Other miscellaneous chemical product mfg.","County, NAICS 6-digit -- by ownership sector","All establishment sizes",1,0,0,0,0,0,0,"N",4.23,0,0,0,0,0,0,"N",0,0.0,0,0,0,0,0,0,0,0,0,0,0,0
"39141","5","327","75","0","2008","A","","Ross County, Ohio","Private","Nonmetallic mineral product manufacturing","County, NAICS 3-digit -- by ownership sector","All establishment sizes",5,93,3442817,943303,72421,713,37086,"",1.72,1.03,0.98,1.25,2.70,0.95,0.95,"",0,0.0,-4,-4.1,35567,1.0,-118296,-11.1,-5815,-7.4,36,5.3,1869,5.3
"39141","5","3273","76","0","2008","A","","Ross County, Ohio","Private","Cement and concrete product manufacturing","County, NAICS 4-digit -- by ownership sector","All establishment sizes",5,93,3442817,943303,72421,713,37086,"",3.12,2.15,2.06,2.58,5.02,0.96,0.96,"",0,0.0,-4,-4.1,35567,1.0,-118296,-11.1,-5815,-7.4,36,5.3,1869,5.3
"39141","5","32732","77","0","2008","A","N","Ross County, Ohio","Private","Ready-mix concrete manufacturing","County, NAICS 5-digit -- by ownership sector","All establishment sizes",3,0,0,0,0,0,0,"N",3.12,0,0,0,0,0,0,"N",0,0.0,0,0,0,0,0,0,0,0,0,0,0,0
"39141","5","327320","78","0","2008","A","N","Ross County, Ohio","Private","Ready-mix concrete manufacturing","County, NAICS 6-digit -- by ownership sector","All establishment sizes",3,0,0,0,0,0,0,"N",3.12,0,0,0,0,0,0,"N",0,0.0,0,0,0,0,0,0,0,0,0,0,0,0
"39141","5","32739","77","0","2008","A","N","Ross County, Ohio","Private","Other concrete product manufacturing","County, NAICS 5-digit -- by ownership sector","All establishment sizes",2,0,0,0,0,0,0,"N",4.96,0,0,0,0,0,0,"N",0,0.0,0,0,0,0,0,0,0,0,0,0,0,0
"39141","5","327390","78","0","2008","A","N","Ross County, Ohio","Private","Other concrete product manufacturing","County, NAICS 6-digit -- by ownership sector","All establishment sizes",2,0,0,0,0,0,0,"N",4.96,0,0,0,0,0,0,"N",0,0.0,0,0,0,0,0,0,0,0,0,0,0,0
"39141","5","332","75","0","2008","A","","Ross County, Ohio","Private","Fabricated metal product manufacturing","County, NAICS 3-digit -- by ownership sector","All establishment sizes",12,133,4452629,1459093,58104,642,33374,"",1.24,0.45,0.38,0.60,0.76,0.85,0.85,"",2,20.0,29,27.9,783887,21.4,304748,26.4,17847,44.3,-35,-5.2,-1846,-5.2
"39141","5","3323","76","0","2008","A","N","Ross County, Ohio","Private","Architectural and structural metals mfg.","County, NAICS 4-digit -- by ownership sector","All establishment sizes",3,0,0,0,0,0,0,"N",1.23,0,0,0,0,0,0,"N",2,200.0,0,0,0,0,0,0,0,0,0,0,0,0
"39141","5","33231","77","0","2008","A","N","Ross County, Ohio","Private","Plate work and fabricated structural products","County, NAICS 5-digit -- by ownership sector","All establishment sizes",2,0,0,0,0,0,0,"N",1.95,0,0,0,0,0,0,"N",1,100.0,0,0,0,0,0,0,0,0,0,0,0,0
"39141","5","332312","78","0","2008","A","N","Ross County, Ohio","Private","Fabricated structural metal manufacturing","County, NAICS 6-digit -- by ownership sector","All establishment sizes",2,0,0,0,0,0,0,"N",3.46,0,0,0,0,0,0,"N",1,100.0,0,0,0,0,0,0,0,0,0,0,0,0
"39141","5","33232","77","0","2008","A","N","Ross County, Ohio","Private","Ornamental and architectural metal products","County, NAICS 5-digit -- by ownership sector","All establishment sizes",1,0,0,0,0,0,0,"N",0.70,0,0,0,0,0,0,"N",1,100.0,0,0,0,0,0,0,0,0,0,0,0,0
"39141","5","332322","78","0","2008","A","N","Ross County, Ohio","Private","Sheet metal work manufacturing","County, NAICS 6-digit -- by ownership sector","All establishment sizes",1,0,0,0,0,0,0,"N",1.43,0,0,0,0,0,0,"N",1,100.0,0,0,0,0,0,0,0,0,0,0,0,0
"39141","5","3326","76","0","2008","A","N","Ross County, Ohio","Private","Spring and wire product manufacturing","County, NAICS 4-digit -- by ownership sector","All establishment sizes",1,0,0,0,0,0,0,"N",4.21,0,0,0,0,0,0,"N",0,0.0,0,0,0,0,0,0,0,0,0,0,0,0
"39141","5","33261","77","0","2008","A","N","Ross County, Ohio","Private","Spring and wire product manufacturing","County, NAICS 5-digit -- by ownership sector","All establishment sizes",1,0,0,0,0,0,0,"N",4.21,0,0,0,0,0,0,"N",0,0.0,0,0,0,0,0,0,0,0,0,0,0,0
"39141","5","332611","78","0","2008","A","N","Ross County, Ohio","Private","Spring, heavy gauge, manufacturing","County, NAICS 6-digit -- by ownership sector","All establishment sizes",1,0,0,0,0,0,0,"N",50.42,0,0,0,0,0,0,"N",0,0.0,0,0,0,0,0,0,0,0,0,0,0,0
"39141","5","3327","76","0","2008","A","N","Ross County, Ohio","Private","Machine shops and threaded product mfg.","County, NAICS 4-digit -- by ownership sector","All establishment sizes",4,0,0,0,0,0,0,"N",1.05,0,0,0,0,0,0,"N",0,0.0,0,0,0,0,0,0,0,0,0,0,0,0
"39141","5","33271","77","0","2008","A","N","Ross County, Ohio","Private","Machine shops","County, NAICS 5-digit -- by ownership sector","All establishment sizes",4,0,0,0,0,0,0,"N",1.17,0,0,0,0,0,0,"N",0,0.0,0,0,0,0,0,0,0,0,0,0,0,0
"39141","5","332710","78","0","2008","A","N","Ross County, Ohio","Private","Machine shops","County, NAICS 6-digit -- by ownership sector","All establishment sizes",4,0,0,0,0,0,0,"N",1.17,0,0,0,0,0,0,"N",0,0.0,0,0,0,0,0,0,0,0,0,0,0,0
"39141","5","3328","76","0","2008","A","N","Ross County, Ohio","Private","Coating, engraving, and heat treating metals","County, NAICS 4-digit -- by ownership sector","All establishment sizes",2,0,0,0,0,0,0,"N",1.82,0,0,0,0,0,0,"N",0,0.0,0,0,0,0,0,0,0,0,0,0,0,0
"39141","5","33281","77","0","2008","A","N","Ross County, Ohio","Private","Coating, engraving, and heat treating metals","County, NAICS 5-digit -- by ownership sector","All establishment sizes",2,0,0,0,0,0,0,"N",1.82,0,0,0,0,0,0,"N",0,0.0,0,0,0,0,0,0,0,0,0,0,0,0
"39141","5","332812","78","0","2008","A","N","Ross County, Ohio","Private","Metal coating and nonprecious engraving","County, NAICS 6-digit -- by ownership sector","All establishment sizes",1,0,0,0,0,0,0,"N",2.17,0,0,0,0,0,0,"N",0,0.0,0,0,0,0,0,0,0,0,0,0,0,0
"39141","5","332813","78","0","2008","A","N","Ross County, Ohio","Private","Electroplating, anodizing, and coloring metal","County, NAICS 6-digit -- by ownership sector","All establishment sizes",1,0,0,0,0,0,0,"N",1.90,0,0,0,0,0,0,"N",0,0.0,0,0,0,0,0,0,0,0,0,0,0,0
"39141","5","3329","76","0","2008","A","N","Ross County, Ohio","Private","Other fabricated metal product manufacturing","County, NAICS 4-digit -- by ownership sector","All establishment sizes",2,0,0,0,0,0,0,"N",1.90,0,0,0,0,0,0,"N",0,0.0,0,0,0,0,0,0,0,0,0,0,0,0
"39141","5","33299","77","0","2008","A","N","Ross County, Ohio","Private","All other fabricated metal product mfg.","County, NAICS 5-digit -- by ownership sector","All establishment sizes",2,0,0,0,0,0,0,"N",2.50,0,0,0,0,0,0,"N",0,0.0,0,0,0,0,0,0,0,0,0,0,0,0
"39141","5","332999","78","0","2008","A","N","Ross County, Ohio","Private","Miscellaneous fabricated metal product mfg.","County, NAICS 6-digit -- by ownership sector","All establishment sizes",2,0,0,0,0,0,0,"N",4.37,0,0,0,0,0,0,"N",0,0.0,0,0,0,0,0,0,0,0,0,0,0,0
"39141","5","333","75","0","2008","A","N","Ross County, Ohio","Private","Machinery manufacturing","County, NAICS 3-digit -- by ownership sector","All establishment sizes",1,0,0,0,0,0,0,"N",0.21,0,0,0,0,0,0,"N",0,0.0,0,0,0,0,0,0,0,0,0,0,0,0
"39141","5","3335","76","0","2008","A","N","Ross County, Ohio","Private","Metalworking machinery manufacturing","County, NAICS 4-digit -- by ownership sector","All establishment sizes",1,0,0,0,0,0,0,"N",0.63,0,0,0,0,0,0,"N",0,0.0,0,0,0,0,0,0,0,0,0,0,0,0
"39141","5","33351","77","0","2008","A","N","Ross County, Ohio","Private","Metalworking machinery manufacturing","County, NAICS 5-digit -- by ownership sector","All establishment sizes",1,0,0,0,0,0,0,"N",0.63,0,0,0,0,0,0,"N",0,0.0,0,0,0,0,0,0,0,0,0,0,0,0
"39141","5","333518","78","0","2008","A","N","Ross County, Ohio","Private","Other metalworking machinery manufacturing","County, NAICS 6-digit -- by ownership sector","All establishment sizes",1,0,0,0,0,0,0,"N",19.57,0,0,0,0,0,0,"N",0,0.0,0,0,0,0,0,0,0,0,0,0,0,0
"39141","5","334","75","0","2008","A","N","Ross County, Ohio","Private","Computer and electronic product manufacturing","County, NAICS 3-digit -- by ownership sector","All establishment sizes",1,0,0,0,0,0,0,"N",0.33,0,0,0,0,0,0,"N",0,0.0,0,0,0,0,0,0,0,0,0,0,0,0
"39141","5","3342","76","0","2008","A","N","Ross County, Ohio","Private","Communications equipment manufacturing","County, NAICS 4-digit -- by ownership sector","All establishment sizes",1,0,0,0,0,0,0,"N",2.81,0,0,0,0,0,0,"N",0,0.0,0,0,0,0,0,0,0,0,0,0,0,0
"39141","5","33429","77","0","2008","A","N","Ross County, Ohio","Private","Other communications equipment manufacturing","County, NAICS 5-digit -- by ownership sector","All establishment sizes",1,0,0,0,0,0,0,"N",9.70,0,0,0,0,0,0,"N",0,0.0,0,0,0,0,0,0,0,0,0,0,0,0
"39141","5","334290","78","0","2008","A","N","Ross County, Ohio","Private","Other communications equipment manufacturing","County, NAICS 6-digit -- by ownership sector","All establishment sizes",1,0,0,0,0,0,0,"N",9.70,0,0,0,0,0,0,"N",0,0.0,0,0,0,0,0,0,0,0,0,0,0,0
"39141","5","335","75","0","2008","A","N","Ross County, Ohio","Private","Electrical equipment and appliance mfg.","County, NAICS 3-digit -- by ownership sector","All establishment sizes",1,0,0,0,0,0,0,"N",0.85,0,0,0,0,0,0,"N",0,0.0,0,0,0,0,0,0,0,0,0,0,0,0
"39141","5","3353","76","0","2008","A","N","Ross County, Ohio","Private","Electrical equipment manufacturing","County, NAICS 4-digit -- by ownership sector","All establishment sizes",1,0,0,0,0,0,0,"N",2.18,0,0,0,0,0,0,"N",0,0.0,0,0,0,0,0,0,0,0,0,0,0,0
"39141","5","33531","77","0","2008","A","N","Ross County, Ohio","Private","Electrical equipment manufacturing","County, NAICS 5-digit -- by ownership sector","All establishment sizes",1,0,0,0,0,0,0,"N",2.18,0,0,0,0,0,0,"N",0,0.0,0,0,0,0,0,0,0,0,0,0,0,0
"39141","5","335312","78","0","2008","A","N","Ross County, Ohio","Private","Motor and generator manufacturing","County, NAICS 6-digit -- by ownership sector","All establishment sizes",1,0,0,0,0,0,0,"N",9.71,0,0,0,0,0,0,"N",0,0.0,0,0,0,0,0,0,0,0,0,0,0,0
"39141","5","336","75","0","2008","A","N","Ross County, Ohio","Private","Transportation equipment manufacturing","County, NAICS 3-digit -- by ownership sector","All establishment sizes",3,0,0,0,0,0,0,"N",1.22,0,0,0,0,0,0,"N",0,0.0,0,0,0,0,0,0,0,0,0,0,0,0
"39141","5","3361","76","0","2008","A","N","Ross County, Ohio","Private","Motor vehicle manufacturing","County, NAICS 4-digit -- by ownership sector","All establishment sizes",1,0,0,0,0,0,0,"N",12.84,0,0,0,0,0,0,"N",0,0.0,0,0,0,0,0,0,0,0,0,0,0,0
"39141","5","33612","77","0","2008","A","N","Ross County, Ohio","Private","Heavy duty truck manufacturing","County, NAICS 5-digit -- by ownership sector","All establishment sizes",1,0,0,0,0,0,0,"N",47.03,0,0,0,0,0,0,"N",0,0.0,0,0,0,0,0,0,0,0,0,0,0,0
"39141","5","336120","78","0","2008","A","N","Ross County, Ohio","Private","Heavy duty truck manufacturing","County, NAICS 6-digit -- by ownership sector","All establishment sizes",1,0,0,0,0,0,0,"N",47.03,0,0,0,0,0,0,"N",0,0.0,0,0,0,0,0,0,0,0,0,0,0,0
"39141","5","3362","76","0","2008","A","N","Ross County, Ohio","Private","Motor vehicle body and trailer manufacturing","County, NAICS 4-digit -- by ownership sector","All establishment sizes",1,0,0,0,0,0,0,"N",2.63,0,0,0,0,0,0,"N",0,0.0,0,0,0,0,0,0,0,0,0,0,0,0
"39141","5","33621","77","0","2008","A","N","Ross County, Ohio","Private","Motor vehicle body and trailer manufacturing","County, NAICS 5-digit -- by ownership sector","All establishment sizes",1,0,0,0,0,0,0,"N",2.63,0,0,0,0,0,0,"N",0,0.0,0,0,0,0,0,0,0,0,0,0,0,0
"39141","5","336212","78","0","2008","A","N","Ross County, Ohio","Private","Truck trailer manufacturing","County, NAICS 6-digit -- by ownership sector","All establishment sizes",1,0,0,0,0,0,0,"N",11.98,0,0,0,0,0,0,"N",0,0.0,0,0,0,0,0,0,0,0,0,0,0,0
"39141","5","3363","76","0","2008","A","N","Ross County, Ohio","Private","Motor vehicle parts manufacturing","County, NAICS 4-digit -- by ownership sector","All establishment sizes",1,0,0,0,0,0,0,"N",1.01,0,0,0,0,0,0,"N",0,0.0,0,0,0,0,0,0,0,0,0,0,0,0
"39141","5","33633","77","0","2008","A","N","Ross County, Ohio","Private","Motor vehicle steering and suspension parts","County, NAICS 5-digit -- by ownership sector","All establishment sizes",1,0,0,0,0,0,0,"N",22.75,0,0,0,0,0,0,"N",0,0.0,0,0,0,0,0,0,0,0,0,0,0,0
"39141","5","336330","78","0","2008","A","N","Ross County, Ohio","Private","Motor vehicle steering and suspension parts","County, NAICS 6-digit -- by ownership sector","All establishment sizes",1,0,0,0,0,0,0,"N",22.75,0,0,0,0,0,0,"N",0,0.0,0,0,0,0,0,0,0,0,0,0,0,0
"39141","5","337","75","0","2008","A","N","Ross County, Ohio","Private","Furniture and related product manufacturing","County, NAICS 3-digit -- by ownership sector","All establishment sizes",1,0,0,0,0,0,0,"N",0.27,0,0,0,0,0,0,"N",0,0.0,0,0,0,0,0,0,0,0,0,0,0,0
"39141","5","3371","76","0","2008","A","N","Ross County, Ohio","Private","Household and institutional furniture mfg.","County, NAICS 4-digit -- by ownership sector","All establishment sizes",1,0,0,0,0,0,0,"N",0.36,0,0,0,0,0,0,"N",0,0.0,0,0,0,0,0,0,0,0,0,0,0,0
"39141","5","33711","77","0","2008","A","N","Ross County, Ohio","Private","Wood kitchen cabinet and countertop mfg.","County, NAICS 5-digit -- by ownership sector","All establishment sizes",1,0,0,0,0,0,0,"N",0.56,0,0,0,0,0,0,"N",0,0.0,0,0,0,0,0,0,0,0,0,0,0,0
"39141","5","337110","78","0","2008","A","N","Ross County, Ohio","Private","Wood kitchen cabinet and countertop mfg.","County, NAICS 6-digit -- by ownership sector","All establishment sizes",1,0,0,0,0,0,0,"N",0.56,0,0,0,0,0,0,"N",0,0.0,0,0,0,0,0,0,0,0,0,0,0,0
"39141","5","339","75","0","2008","A","","Ross County, Ohio","Private","Miscellaneous manufacturing","County, NAICS 3-digit -- by ownership sector","All establishment sizes",4,12,286446,131770,10450,469,24378,"",0.78,0.10,0.06,0.13,0.36,0.58,0.58,"",0,0.0,-3,-20.0,-53234,-15.7,-15931,-10.8,3500,50.4,41,9.6,2104,9.4
"39141","5","3391","76","0","2008","A","N","Ross County, Ohio","Private","Medical equipment and supplies manufacturing","County, NAICS 4-digit -- by ownership sector","All establishment sizes",2,0,0,0,0,0,0,"N",0.96,0,0,0,0,0,0,"N",0,0.0,0,0,0,0,0,0,0,0,0,0,0,0
"39141","5","33911","77","0","2008","A","N","Ross County, Ohio","Private","Medical equipment and supplies manufacturing","County, NAICS 5-digit -- by ownership sector","All establishment sizes",2,0,0,0,0,0,0,"N",0.96,0,0,0,0,0,0,"N",0,0.0,0,0,0,0,0,0,0,0,0,0,0,0
"39141","5","339116","78","0","2008","A","N","Ross County, Ohio","Private","Dental laboratories","County, NAICS 6-digit -- by ownership sector","All establishment sizes",2,0,0,0,0,0,0,"N",1.67,0,0,0,0,0,0,"N",0,0.0,0,0,0,0,0,0,0,0,0,0,0,0
"39141","5","3399","76","0","2008","A","N","Ross County, Ohio","Private","Other miscellaneous manufacturing","County, NAICS 4-digit -- by ownership sector","All establishment sizes",2,0,0,0,0,0,0,"N",0.66,0,0,0,0,0,0,"N",0,0.0,0,0,0,0,0,0,0,0,0,0,0,0
"39141","5","33995","77","0","2008","A","N","Ross County, Ohio","Private","Sign manufacturing","County, NAICS 5-digit -- by ownership sector","All establishment sizes",1,0,0,0,0,0,0,"N",0.90,0,0,0,0,0,0,"N",0,0.0,0,0,0,0,0,0,0,0,0,0,0,0
"39141","5","339950","78","0","2008","A","N","Ross County, Ohio","Private","Sign manufacturing","County, NAICS 6-digit -- by ownership sector","All establishment sizes",1,0,0,0,0,0,0,"N",0.90,0,0,0,0,0,0,"N",0,0.0,0,0,0,0,0,0,0,0,0,0,0,0
"39141","5","33999","77","0","2008","A","N","Ross County, Ohio","Private","All other miscellaneous manufacturing","County, NAICS 5-digit -- by ownership sector","All establishment sizes",1,0,0,0,0,0,0,"N",1.07,0,0,0,0,0,0,"N",0,0.0,0,0,0,0,0,0,0,0,0,0,0,0
"39141","5","339999","78","0","2008","A","N","Ross County, Ohio","Private","All other miscellaneous manufacturing","County, NAICS 6-digit -- by ownership sector","All establishment sizes",1,0,0,0,0,0,0,"N",1.62,0,0,0,0,0,0,"N",0,0.0,0,0,0,0,0,0,0,0,0,0,0,0
"39141","5","42","74","0","2008","A","","Ross County, Ohio","Private","Wholesale trade","County, NAICS Sector -- by ownership sector","All establishment sizes",52,552,23404674,4923340,93682,816,42432,"",0.52,0.48,0.39,0.50,0.36,0.82,0.82,"",0,0.0,-31,-5.3,18770,0.1,-523276,-9.6,-5001,-5.1,45,5.8,2336,5.8
"39141","5","423","75","0","2008","A","","Ross County, Ohio","Private","Merchant wholesalers, durable goods","County, NAICS 3-digit -- by ownership sector","All establishment sizes",20,169,7604966,1401915,29265,867,45089,"",0.49,0.28,0.25,0.28,0.22,0.88,0.88,"",2,11.1,-13,-7.1,-75506,-1.0,-159606,-10.2,-120,-0.4,54,6.6,2831,6.7
"39141","5","4231","76","0","2008","A","","Ross County, Ohio","Private","Motor vehicle and parts merchant wholesalers","County, NAICS 4-digit -- by ownership sector","All establishment sizes",3,76,3575757,530891,11383,904,46998,"",0.79,1.16,1.45,1.01,0.89,1.25,1.25,"N",1,50.0,0,0,0,0,0,0,0,0,0,0,0,0
"39141","5","42312","77","0","2008","A","N","Ross County, Ohio","Private","New motor vehicle parts merchant wholesalers","County, NAICS 5-digit -- by ownership sector","All establishment sizes",2,0,0,0,0,0,0,"N",0.95,0,0,0,0,0,0,"N",1,100.0,0,0,0,0,0,0,0,0,0,0,0,0
"39141","5","423120","78","0","2008","A","N","Ross County, Ohio","Private","New motor vehicle parts merchant wholesalers","County, NAICS 6-digit -- by ownership sector","All establishment sizes",2,0,0,0,0,0,0,"N",0.95,0,0,0,0,0,0,"N",1,100.0,0,0,0,0,0,0,0,0,0,0,0,0
"39141","5","42314","77","0","2008","A","N","Ross County, Ohio","Private","Used motor vehicle parts merchant wholesalers","County, NAICS 5-digit -- by ownership sector","All establishment sizes",1,0,0,0,0,0,0,"N",2.19,0,0,0,0,0,0,"N",0,0.0,0,0,0,0,0,0,0,0,0,0,0,0
"39141","5","423140","78","0","2008","A","N","Ross County, Ohio","Private","Used motor vehicle parts merchant wholesalers","County, NAICS 6-digit -- by ownership sector","All establishment sizes",1,0,0,0,0,0,0,"N",2.19,0,0,0,0,0,0,"N",0,0.0,0,0,0,0,0,0,0,0,0,0,0,0
"39141","5","4232","76","0","2008","A","N","Ross County, Ohio","Private","Furniture and furnishing merchant wholesalers","County, NAICS 4-digit -- by ownership sector","All establishment sizes",1,0,0,0,0,0,0,"N",0.57,0,0,0,0,0,0,"N",0,0.0,0,0,0,0,0,0,0,0,0,0,0,0
"39141","5","42322","77","0","2008","A","N","Ross County, Ohio","Private","Home furnishing merchant wholesalers","County, NAICS 5-digit -- by ownership sector","All establishment sizes",1,0,0,0,0,0,0,"N",0.99,0,0,0,0,0,0,"N",0,0.0,0,0,0,0,0,0,0,0,0,0,0,0
"39141","5","423220","78","0","2008","A","N","Ross County, Ohio","Private","Home furnishing merchant wholesalers","County, NAICS 6-digit -- by ownership sector","All establishment sizes",1,0,0,0,0,0,0,"N",0.99,0,0,0,0,0,0,"N",0,0.0,0,0,0,0,0,0,0,0,0,0,0,0
"39141","5","4234","76","0","2008","A","N","Ross County, Ohio","Private","Commercial equip. merchant wholesalers","County, NAICS 4-digit -- by ownership sector","All establishment sizes",1,0,0,0,0,0,0,"N",0.13,0,0,0,0,0,0,"N",0,0.0,0,0,0,0,0,0,0,0,0,0,0,0
"39141","5","42342","77","0","2008","A","N","Ross County, Ohio","Private","Office equipment merchant wholesalers","County, NAICS 5-digit -- by ownership sector","All establishment sizes",1,0,0,0,0,0,0,"N",1.12,0,0,0,0,0,0,"N",0,0.0,0,0,0,0,0,0,0,0,0,0,0,0
"39141","5","423420","78","0","2008","A","N","Ross County, Ohio","Private","Office equipment merchant wholesalers","County, NAICS 6-digit -- by ownership sector","All establishment sizes",1,0,0,0,0,0,0,"N",1.12,0,0,0,0,0,0,"N",0,0.0,0,0,0,0,0,0,0,0,0,0,0,0
"39141","5","4235","76","0","2008","A","N","Ross County, Ohio","Private","Metal and mineral merchant wholesalers","County, NAICS 4-digit -- by ownership sector","All establishment sizes",1,0,0,0,0,0,0,"N",0.72,0,0,0,0,0,0,"N",0,0.0,0,0,0,0,0,0,0,0,0,0,0,0
"39141","5","42351","77","0","2008","A","N","Ross County, Ohio","Private","Metal merchant wholesalers","County, NAICS 5-digit -- by ownership sector","All establishment sizes",1,0,0,0,0,0,0,"N",0.75,0,0,0,0,0,0,"N",0,0.0,0,0,0,0,0,0,0,0,0,0,0,0
"39141","5","423510","78","0","2008","A","N","Ross County, Ohio","Private","Metal merchant wholesalers","County, NAICS 6-digit -- by ownership sector","All establishment sizes",1,0,0,0,0,0,0,"N",0.75,0,0,0,0,0,0,"N",0,0.0,0,0,0,0,0,0,0,0,0,0,0,0
"39141","5","4236","76","0","2008","A","N","Ross County, Ohio","Private","Electric goods merchant wholesalers","County, NAICS 4-digit -- by ownership sector","All establishment sizes",1,0,0,0,0,0,0,"N",0.22,0,0,0,0,0,0,"N",0,0.0,0,0,0,0,0,0,0,0,0,0,0,0
"39141","5","42369","77","0","2008","A","N","Ross County, Ohio","Private","Other electronic parts merchant wholesalers","County, NAICS 5-digit -- by ownership sector","All establishment sizes",1,0,0,0,0,0,0,"N",0.47,0,0,0,0,0,0,"N",0,0.0,0,0,0,0,0,0,0,0,0,0,0,0
"39141","5","423690","78","0","2008","A","N","Ross County, Ohio","Private","Other electronic parts merchant wholesalers","County, NAICS 6-digit -- by ownership sector","All establishment sizes",1,0,0,0,0,0,0,"N",0.47,0,0,0,0,0,0,"N",0,0.0,0,0,0,0,0,0,0,0,0,0,0,0
"39141","5","4237","76","0","2008","A","","Ross County, Ohio","Private","Hardware and plumbing merchant wholesalers","County, NAICS 4-digit -- by ownership sector","All establishment sizes",5,20,1224209,190137,5571,1202,62513,"",1.50,0.41,0.55,0.47,0.57,1.36,1.36,"",0,0.0,-1,-4.8,66839,5.8,-63702,-25.1,2800,101.0,125,11.6,6511,11.6
"39141","5","42372","77","0","2008","A","","Ross County, Ohio","Private","Plumbing equip. merchant wholesalers","County, NAICS 5-digit -- by ownership sector","All establishment sizes",3,18,1147449,177370,5406,1261,65569,"",2.34,0.97,1.37,1.13,1.45,1.45,1.45,"",0,0.0,-1,-5.3,135799,13.4,-33559,-15.9,2992,123.9,209,19.9,10885,19.9
"39141","5","423720","78","0","2008","A","","Ross County, Ohio","Private","Plumbing and heating equip. merch. whls.","County, NAICS 6-digit -- by ownership sector","All establishment sizes",3,18,1147449,177370,5406,1261,65569,"",2.34,0.97,1.37,1.13,1.45,1.45,1.45,"",0,0.0,-1,-5.3,135799,13.4,-33559,-15.9,2992,123.9,209,19.9,10885,19.9
"39141","5","42373","77","0","2008","A","N","Ross County, Ohio","Private","Hvac equip. merchant wholesalers","County, NAICS 5-digit -- by ownership sector","All establishment sizes",1,0,0,0,0,0,0,"N",1.32,0,0,0,0,0,0,"N",0,0.0,0,0,0,0,0,0,0,0,0,0,0,0
"39141","5","423730","78","0","2008","A","N","Ross County, Ohio","Private","Hvac equip. merchant wholesalers","County, NAICS 6-digit -- by ownership sector","All establishment sizes",1,0,0,0,0,0,0,"N",1.32,0,0,0,0,0,0,"N",0,0.0,0,0,0,0,0,0,0,0,0,0,0,0
"39141","5","42374","77","0","2008","A","N","Ross County, Ohio","Private","Refrigeration equip. merchant wholesalers","County, NAICS 5-digit -- by ownership sector","All establishment sizes",1,0,0,0,0,0,0,"N",4.69,0,0,0,0,0,0,"N",0,0.0,0,0,0,0,0,0,0,0,0,0,0,0
"39141","5","423740","78","0","2008","A","N","Ross County, Ohio","Private","Refrigeration equip. merchant wholesalers","County, NAICS 6-digit -- by ownership sector","All establishment sizes",1,0,0,0,0,0,0,"N",4.69,0,0,0,0,0,0,"N",0,0.0,0,0,0,0,0,0,0,0,0,0,0,0
"39141","5","4238","76","0","2008","A","","Ross County, Ohio","Private","Machinery and supply merchant wholesalers","County, NAICS 4-digit -- by ownership sector","All establishment sizes",7,39,1650532,362108,8875,807,41963,"",0.70,0.29,0.26,0.32,0.35,0.87,0.87,"",2,40.0,3,8.3,310144,23.1,11018,3.1,-982,-10.0,86,11.9,4470,11.9
"39141","5","42381","77","0","2008","A","N","Ross County, Ohio","Private","Construction equipment merchant wholesalers","County, NAICS 5-digit -- by ownership sector","All establishment sizes",1,0,0,0,0,0,0,"N",1.22,0,0,0,0,0,0,"N",0,0.0,0,0,0,0,0,0,0,0,0,0,0,0
"39141","5","423810","78","0","2008","A","N","Ross County, Ohio","Private","Construction equipment merchant wholesalers","County, NAICS 6-digit -- by ownership sector","All establishment sizes",1,0,0,0,0,0,0,"N",1.22,0,0,0,0,0,0,"N",0,0.0,0,0,0,0,0,0,0,0,0,0,0,0
"39141","5","42382","77","0","2008","A","N","Ross County, Ohio","Private","Farm and garden equip. merchant wholesalers","County, NAICS 5-digit -- by ownership sector","All establishment sizes",1,0,0,0,0,0,0,"N",0.72,0,0,0,0,0,0,"N",0,0.0,0,0,0,0,0,0,0,0,0,0,0,0
"39141","5","423820","78","0","2008","A","N","Ross County, Ohio","Private","Farm and garden equip. merchant wholesalers","County, NAICS 6-digit -- by ownership sector","All establishment sizes",1,0,0,0,0,0,0,"N",0.72,0,0,0,0,0,0,"N",0,0.0,0,0,0,0,0,0,0,0,0,0,0,0
"39141","5","42383","77","0","2008","A","N","Ross County, Ohio","Private","Industrial machinery merchant wholesalers","County, NAICS 5-digit -- by ownership sector","All establishment sizes",3,0,0,0,0,0,0,"N",0.63,0,0,0,0,0,0,"N",1,50.0,0,0,0,0,0,0,0,0,0,0,0,0
"39141","5","423830","78","0","2008","A","N","Ross County, Ohio","Private","Industrial machinery merchant wholesalers","County, NAICS 6-digit -- by ownership sector","All establishment sizes",3,0,0,0,0,0,0,"N",0.63,0,0,0,0,0,0,"N",1,50.0,0,0,0,0,0,0,0,0,0,0,0,0
"39141","5","42384","77","0","2008","A","N","Ross County, Ohio","Private","Industrial supplies merchant wholesalers","County, NAICS 5-digit -- by ownership sector","All establishment sizes",1,0,0,0,0,0,0,"N",0.71,0,0,0,0,0,0,"N",1,100.0,0,0,0,0,0,0,0,0,0,0,0,0
"39141","5","423840","78","0","2008","A","N","Ross County, Ohio","Private","Industrial supplies merchant wholesalers","County, NAICS 6-digit -- by ownership sector","All establishment sizes",1,0,0,0,0,0,0,"N",0.71,0,0,0,0,0,0,"N",1,100.0,0,0,0,0,0,0,0,0,0,0,0,0
"39141","5","42385","77","0","2008","A","N","Ross County, Ohio","Private","Service estab. equip. merchant wholesalers","County, NAICS 5-digit -- by ownership sector","All establishment sizes",1,0,0,0,0,0,0,"N",0.96,0,0,0,0,0,0,"N",0,0.0,0,0,0,0,0,0,0,0,0,0,0,0
"39141","5","423850","78","0","2008","A","N","Ross County, Ohio","Private","Service estab. equip. merchant wholesalers","County, NAICS 6-digit -- by ownership sector","All establishment sizes",1,0,0,0,0,0,0,"N",0.96,0,0,0,0,0,0,"N",0,0.0,0,0,0,0,0,0,0,0,0,0,0,0
"39141","5","4239","76","0","2008","A","N","Ross County, Ohio","Private","Misc. durable goods merchant wholesalers","County, NAICS 4-digit -- by ownership sector","All establishment sizes",1,0,0,0,0,0,0,"N",0.19,0,0,0,0,0,0,"N",-1,-50.0,0,0,0,0,0,0,0,0,0,0,0,0
"39141","5","42393","77","0","2008","A","N","Ross County, Ohio","Private","Recyclable material merchant wholesalers","County, NAICS 5-digit -- by ownership sector","All establishment sizes",1,0,0,0,0,0,0,"N",0.78,0,0,0,0,0,0,"N",0,0.0,0,0,0,0,0,0,0,0,0,0,0,0
"39141","5","423930","78","0","2008","A","N","Ross County, Ohio","Private","Recyclable material merchant wholesalers","County, NAICS 6-digit -- by ownership sector","All establishment sizes",1,0,0,0,0,0,0,"N",0.78,0,0,0,0,0,0,"N",0,0.0,0,0,0,0,0,0,0,0,0,0,0,0
"39141","5","424","75","0","2008","A","","Ross County, Ohio","Private","Merchant wholesalers, nondurable goods","County, NAICS 3-digit -- by ownership sector","All establishment sizes",21,308,11760317,2764849,43184,735,38214,"",0.95,0.78,0.64,0.83,0.51,0.83,0.83,"",-1,-4.5,-22,-6.7,-608376,-4.9,-357640,-11.5,-9199,-17.6,13,1.8,686,1.8
"39141","5","4241","76","0","2008","A","N","Ross County, Ohio","Private","Paper and paper product merchant wholesalers","County, NAICS 4-digit -- by ownership sector","All establishment sizes",1,0,0,0,0,0,0,"N",0.58,0,0,0,0,0,0,"N",-1,-50.0,0,0,0,0,0,0,0,0,0,0,0,0
"39141","5","42413","77","0","2008","A","N","Ross County, Ohio","Private","Industrial paper merchant wholesalers","County, NAICS 5-digit -- by ownership sector","All establishment sizes",1,0,0,0,0,0,0,"N",1.34,0,0,0,0,0,0,"N",-1,-50.0,0,0,0,0,0,0,0,0,0,0,0,0
"39141","5","424130","78","0","2008","A","N","Ross County, Ohio","Private","Industrial paper merchant wholesalers","County, NAICS 6-digit -- by ownership sector","All establishment sizes",1,0,0,0,0,0,0,"N",1.34,0,0,0,0,0,0,"N",-1,-50.0,0,0,0,0,0,0,0,0,0,0,0,0
"39141","5","4242","76","0","2008","A","N","Ross County, Ohio","Private","Druggists' goods merchant wholesalers","County, NAICS 4-digit -- by ownership sector","All establishment sizes",2,0,0,0,0,0,0,"N",1.14,0,0,0,0,0,0,"N",1,100.0,0,0,0,0,0,0,0,0,0,0,0,0
"39141","5","42421","77","0","2008","A","N","Ross County, Ohio","Private","Druggists' goods merchant wholesalers","County, NAICS 5-digit -- by ownership sector","All establishment sizes",2,0,0,0,0,0,0,"N",1.14,0,0,0,0,0,0,"N",1,100.0,0,0,0,0,0,0,0,0,0,0,0,0
"39141","5","424210","78","0","2008","A","N","Ross County, Ohio","Private","Druggists' goods merchant wholesalers","County, NAICS 6-digit -- by ownership sector","All establishment sizes",2,0,0,0,0,0,0,"N",1.14,0,0,0,0,0,0,"N",1,100.0,0,0,0,0,0,0,0,0,0,0,0,0
"39141","5","4244","76","0","2008","A","","Ross County, Ohio","Private","Grocery and related product wholesalers","County, NAICS 4-digit -- by ownership sector","All establishment sizes",4,87,3178876,762610,11700,704,36609,"",0.71,0.62,0.57,0.64,0.39,0.92,0.92,"",0,0.0,-6,-6.5,-349404,-9.9,-200698,-20.8,-1769,-13.1,-27,-3.7,-1398,-3.7
"39141","5","42443","77","0","2008","A","N","Ross County, Ohio","Private","Dairy product merchant wholesalers","County, NAICS 5-digit -- by ownership sector","All establishment sizes",1,0,0,0,0,0,0,"N",2.88,0,0,0,0,0,0,"N",0,0.0,0,0,0,0,0,0,0,0,0,0,0,0
"39141","5","424430","78","0","2008","A","N","Ross County, Ohio","Private","Dairy product merchant wholesalers","County, NAICS 6-digit -- by ownership sector","All establishment sizes",1,0,0,0,0,0,0,"N",2.88,0,0,0,0,0,0,"N",0,0.0,0,0,0,0,0,0,0,0,0,0,0,0
"39141","5","42445","77","0","2008","A","N","Ross County, Ohio","Private","Confectionery merchant wholesalers","County, NAICS 5-digit -- by ownership sector","All establishment sizes",1,0,0,0,0,0,0,"N",1.90,0,0,0,0,0,0,"N",0,0.0,0,0,0,0,0,0,0,0,0,0,0,0
"39141","5","424450","78","0","2008","A","N","Ross County, Ohio","Private","Confectionery merchant wholesalers","County, NAICS 6-digit -- by ownership sector","All establishment sizes",1,0,0,0,0,0,0,"N",1.90,0,0,0,0,0,0,"N",0,0.0,0,0,0,0,0,0,0,0,0,0,0,0
"39141","5","42449","77","0","2008","A","N","Ross County, Ohio","Private","Other grocery product merchant wholesalers","County, NAICS 5-digit -- by ownership sector","All establishment sizes",2,0,0,0,0,0,0,"N",0.96,0,0,0,0,0,0,"N",0,0.0,0,0,0,0,0,0,0,0,0,0,0,0
"39141","5","424490","78","0","2008","A","N","Ross County, Ohio","Private","Other grocery product merchant wholesalers","County, NAICS 6-digit -- by ownership sector","All establishment sizes",2,0,0,0,0,0,0,"N",0.96,0,0,0,0,0,0,"N",0,0.0,0,0,0,0,0,0,0,0,0,0,0,0
"39141","5","4245","76","0","2008","A","N","Ross County, Ohio","Private","Farm product raw material merch. whls.","County, NAICS 4-digit -- by ownership sector","All establishment sizes",1,0,0,0,0,0,0,"N",0.98,0,0,0,0,0,0,"N",0,0.0,0,0,0,0,0,0,0,0,0,0,0,0
"39141","5","42451","77","0","2008","A","N","Ross County, Ohio","Private","Grain and field bean merchant wholesalers","County, NAICS 5-digit -- by ownership sector","All establishment sizes",1,0,0,0,0,0,0,"N",1.52,0,0,0,0,0,0,"N",0,0.0,0,0,0,0,0,0,0,0,0,0,0,0
"39141","5","424510","78","0","2008","A","N","Ross County, Ohio","Private","Grain and field bean merchant wholesalers","County, NAICS 6-digit -- by ownership sector","All establishment sizes",1,0,0,0,0,0,0,"N",1.52,0,0,0,0,0,0,"N",0,0.0,0,0,0,0,0,0,0,0,0,0,0,0
"39141","5","4246","76","0","2008","A","","Ross County, Ohio","Private","Chemical merchant wholesalers","County, NAICS 4-digit -- by ownership sector","All establishment sizes",3,13,543702,135589,4716,831,43208,"",1.38,0.51,0.37,0.64,0.94,0.75,0.75,"",0,0.0,-3,-18.8,-343070,-38.7,-21365,-13.6,1312,38.5,-218,-20.8,-11363,-20.8
"39141","5","42469","77","0","2008","A","","Ross County, Ohio","Private","Other chemicals merchant wholesalers","County, NAICS 5-digit -- by ownership sector","All establishment sizes",3,13,543702,135589,4716,831,43208,"",1.73,0.62,0.44,0.78,1.18,0.73,0.73,"",0,0.0,-3,-18.8,-343070,-38.7,-21365,-13.6,1312,38.5,-218,-20.8,-11363,-20.8
"39141","5","424690","78","0","2008","A","","Ross County, Ohio","Private","Other chemicals merchant wholesalers","County, NAICS 6-digit -- by ownership sector","All establishment sizes",3,13,543702,135589,4716,831,43208,"",1.73,0.62,0.44,0.78,1.18,0.73,0.73,"",0,0.0,-3,-18.8,-343070,-38.7,-21365,-13.6,1312,38.5,-218,-20.8,-11363,-20.8
"39141","5","4247","76","0","2008","A","N","Ross County, Ohio","Private","Petroleum merchant wholesalers","County, NAICS 4-digit -- by ownership sector","All establishment sizes",1,0,0,0,0,0,0,"N",0.76,0,0,0,0,0,0,"N",0,0.0,0,0,0,0,0,0,0,0,0,0,0,0
"39141","5","42471","77","0","2008","A","N","Ross County, Ohio","Private","Petroleum bulk stations and terminals","County, NAICS 5-digit -- by ownership sector","All establishment sizes",1,0,0,0,0,0,0,"N",2.30,0,0,0,0,0,0,"N",0,0.0,0,0,0,0,0,0,0,0,0,0,0,0
"39141","5","424710","78","0","2008","A","N","Ross County, Ohio","Private","Petroleum bulk stations and terminals","County, NAICS 6-digit -- by ownership sector","All establishment sizes",1,0,0,0,0,0,0,"N",2.30,0,0,0,0,0,0,"N",0,0.0,0,0,0,0,0,0,0,0,0,0,0,0
"39141","5","4248","76","0","2008","A","N","Ross County, Ohio","Private","Alcoholic beverage merchant wholesalers","County, NAICS 4-digit -- by ownership sector","All establishment sizes",2,0,0,0,0,0,0,"N",2.61,0,0,0,0,0,0,"N",0,0.0,0,0,0,0,0,0,0,0,0,0,0,0
"39141","5","42481","77","0","2008","A","N","Ross County, Ohio","Private","Beer and ale merchant wholesalers","County, NAICS 5-digit -- by ownership sector","All establishment sizes",2,0,0,0,0,0,0,"N",6.01,0,0,0,0,0,0,"N",0,0.0,0,0,0,0,0,0,0,0,0,0,0,0
"39141","5","424810","78","0","2008","A","N","Ross County, Ohio","Private","Beer and ale merchant wholesalers","County, NAICS 6-digit -- by ownership sector","All establishment sizes",2,0,0,0,0,0,0,"N",6.01,0,0,0,0,0,0,"N",0,0.0,0,0,0,0,0,0,0,0,0,0,0,0
"39141","5","4249","76","0","2008","A","","Ross County, Ohio","Private","Misc. nondurable goods merchant wholesalers","County, NAICS 4-digit -- by ownership sector","All establishment sizes",7,53,1083552,428080,6983,394,20509,"",1.26,0.77,0.43,0.75,0.45,0.56,0.56,"",-1,-12.5,-8,-13.1,-44894,-4.0,-59966,-12.3,-1179,-14.4,38,10.7,1985,10.7
"39141","5","42491","77","0","2008","A","","Ross County, Ohio","Private","Farm supplies merchant wholesalers","County, NAICS 5-digit -- by ownership sector","All establishment sizes",4,32,672112,253880,5965,400,20787,"",2.28,1.51,0.79,1.31,1.27,0.52,0.52,"",0,0.0,-3,-8.6,80304,13.6,6978,2.8,-318,-5.1,72,22.0,3716,21.8
"39141","5","424910","78","0","2008","A","","Ross County, Ohio","Private","Farm supplies merchant wholesalers","County, NAICS 6-digit -- by ownership sector","All establishment sizes",4,32,672112,253880,5965,400,20787,"",2.28,1.51,0.79,1.31,1.27,0.52,0.52,"",0,0.0,-3,-8.6,80304,13.6,6978,2.8,-318,-5.1,72,22.0,3716,21.8
"39141","5","42493","77","0","2008","A","N","Ross County, Ohio","Private","Nursery and florist merchant wholesalers","County, NAICS 5-digit -- by ownership sector","All establishment sizes",1,0,0,0,0,0,0,"N",1.61,0,0,0,0,0,0,"N",0,0.0,0,0,0,0,0,0,0,0,0,0,0,0
"39141","5","424930","78","0","2008","A","N","Ross County, Ohio","Private","Nursery and florist merchant wholesalers","County, NAICS 6-digit -- by ownership sector","All establishment sizes",1,0,0,0,0,0,0,"N",1.61,0,0,0,0,0,0,"N",0,0.0,0,0,0,0,0,0,0,0,0,0,0,0
"39141","5","42495","77","0","2008","A","N","Ross County, Ohio","Private","Paint and supplies merchant wholesalers","County, NAICS 5-digit -- by ownership sector","All establishment sizes",1,0,0,0,0,0,0,"N",2.57,0,0,0,0,0,0,"N",-1,-50.0,0,0,0,0,0,0,0,0,0,0,0,0
"39141","5","424950","78","0","2008","A","N","Ross County, Ohio","Private","Paint and supplies merchant wholesalers","County, NAICS 6-digit -- by ownership sector","All establishment sizes",1,0,0,0,0,0,0,"N",2.57,0,0,0,0,0,0,"N",-1,-50.0,0,0,0,0,0,0,0,0,0,0,0,0
"39141","5","42499","77","0","2008","A","N","Ross County, Ohio","Private","Other nondurable goods merchant wholesalers","County, NAICS 5-digit -- by ownership sector","All establishment sizes",1,0,0,0,0,0,0,"N",0.47,0,0,0,0,0,0,"N",0,0.0,0,0,0,0,0,0,0,0,0,0,0,0
"39141","5","424990","78","0","2008","A","N","Ross County, Ohio","Private","Other nondurable goods merchant wholesalers","County, NAICS 6-digit -- by ownership sector","All establishment sizes",1,0,0,0,0,0,0,"N",0.47,0,0,0,0,0,0,"N",0,0.0,0,0,0,0,0,0,0,0,0,0,0,0
"39141","5","425","75","0","2008","A","","Ross County, Ohio","Private","Electronic markets and agents and brokers","County, NAICS 3-digit -- by ownership sector","All establishment sizes",11,75,4039391,756576,21233,1033,53739,"",0.30,0.45,0.38,0.51,0.52,0.84,0.84,"",-1,-8.3,3,4.2,702652,21.1,-6030,-0.8,4318,25.5,141,15.8,7342,15.8
"39141","5","4251","76","0","2008","A","","Ross County, Ohio","Private","Electronic markets and agents and brokers","County, NAICS 4-digit -- by ownership sector","All establishment sizes",11,75,4039391,756576,21233,1033,53739,"",0.30,0.45,0.38,0.51,0.52,0.84,0.84,"",-1,-8.3,3,4.2,702652,21.1,-6030,-0.8,4318,25.5,141,15.8,7342,15.8
"39141","5","42512","77","0","2008","A","","Ross County, Ohio","Private","Wholesale trade agents and brokers","County, NAICS 5-digit -- by ownership sector","All establishment sizes",11,75,4039391,756576,21233,1033,53739,"",0.31,0.48,0.40,0.54,0.55,0.83,0.83,"",-1,-8.3,3,4.2,702652,21.1,-6030,-0.8,4318,25.5,141,15.8,7342,15.8
"39141","5","425120","78","0","2008","A","","Ross County, Ohio","Private","Wholesale trade agents and brokers","County, NAICS 6-digit -- by ownership sector","All establishment sizes",11,75,4039391,756576,21233,1033,53739,"",0.31,0.48,0.40,0.54,0.55,0.83,0.83,"",-1,-8.3,3,4.2,702652,21.1,-6030,-0.8,4318,25.5,141,15.8,7342,15.8
"39141","5","44-45","74","0","2008","A","","Ross County, Ohio","Private","Retail trade","County, NAICS Sector -- by ownership sector","All establishment sizes",247,3749,82155491,32558838,635026,421,21914,"",1.48,1.26,1.27,1.61,1.47,1.01,1.01,"",2,0.8,-62,-1.6,1683762,2.1,-319248,-1.0,34684,5.8,15,3.7,797,3.8
"39141","5","441","75","0","2008","A","","Ross County, Ohio","Private","Motor vehicle and parts dealers","County, NAICS 3-digit -- by ownership sector","All establishment sizes",28,396,11975996,3987008,114310,582,30255,"",1.46,1.11,1.00,1.36,1.54,0.90,0.90,"",-1,-3.4,9,2.3,-77940,-0.6,-137637,-3.3,-11357,-9.0,-17,-2.8,-872,-2.8
"39141","5","4411","76","0","2008","A","","Ross County, Ohio","Private","Automobile dealers","County, NAICS 4-digit -- by ownership sector","All establishment sizes",9,240,8076360,2462946,88207,647,33628,"",1.16,1.05,0.94,1.27,1.69,0.90,0.90,"",-1,-10.0,7,3.0,-74160,-0.9,-187508,-7.1,-12628,-12.5,-25,-3.7,-1303,-3.7
"39141","5","44111","77","0","2008","A","","Ross County, Ohio","Private","New car dealers","County, NAICS 5-digit -- by ownership sector","All establishment sizes",6,236,7959642,2411878,85139,650,33799,"",1.61,1.16,1.01,1.38,1.81,0.88,0.88,"",-1,-14.3,8,3.5,-74476,-0.9,-176877,-6.8,-12054,-12.4,-27,-4.0,-1387,-3.9
"39141","5","441110","78","0","2008","A","","Ross County, Ohio","Private","New car dealers","County, NAICS 6-digit -- by ownership sector","All establishment sizes",6,236,7959642,2411878,85139,650,33799,"",1.61,1.16,1.01,1.38,1.81,0.88,0.88,"",-1,-14.3,8,3.5,-74476,-0.9,-176877,-6.8,-12054,-12.4,-27,-4.0,-1387,-3.9
"39141","5","44112","77","0","2008","A","","Ross County, Ohio","Private","Used car dealers","County, NAICS 5-digit -- by ownership sector","All establishment sizes",3,5,116718,51068,3068,481,25011,"",0.74,0.20,0.16,0.25,0.62,0.85,0.85,"",0,0.0,0,0.0,316,0.3,-10631,-17.2,-574,-15.8,33,7.4,1731,7.4
"39141","5","441120","78","0","2008","A","","Ross County, Ohio","Private","Used car dealers","County, NAICS 6-digit -- by ownership sector","All establishment sizes",3,5,116718,51068,3068,481,25011,"",0.74,0.20,0.16,0.25,0.62,0.85,0.85,"",0,0.0,0,0.0,316,0.3,-10631,-17.2,-574,-15.8,33,7.4,1731,7.4
"39141","5","4412","76","0","2008","A","N","Ross County, Ohio","Private","Other motor vehicle dealers","County, NAICS 4-digit -- by ownership sector","All establishment sizes",1,0,0,0,0,0,0,"N",0.37,0,0,0,0,0,0,"N",0,0.0,0,0,0,0,0,0,0,0,0,0,0,0
"39141","5","44122","77","0","2008","A","N","Ross County, Ohio","Private","Motorcycle, boat, and other vehicle dealers","County, NAICS 5-digit -- by ownership sector","All establishment sizes",1,0,0,0,0,0,0,"N",0.45,0,0,0,0,0,0,"N",0,0.0,0,0,0,0,0,0,0,0,0,0,0,0
"39141","5","441221","78","0","2008","A","N","Ross County, Ohio","Private","Motorcycle, atv, personal watercraft dealers","County, NAICS 6-digit -- by ownership sector","All establishment sizes",1,0,0,0,0,0,0,"N",1.04,0,0,0,0,0,0,"N",0,0.0,0,0,0,0,0,0,0,0,0,0,0,0
"39141","5","4413","76","0","2008","A","N","Ross County, Ohio","Private","Auto parts, accessories, and tire stores","County, NAICS 4-digit -- by ownership sector","All establishment sizes",18,0,0,0,0,0,0,"N",2.07,0,0,0,0,0,0,"N",0,0.0,0,0,0,0,0,0,0,0,0,0,0,0
"39141","5","44131","77","0","2008","A","","Ross County, Ohio","Private","Automotive parts and accessories stores","County, NAICS 5-digit -- by ownership sector","All establishment sizes",13,121,2900881,1167118,22107,460,23925,"",2.27,1.93,2.05,2.55,2.46,1.06,1.06,"",1,8.3,3,2.5,68730,2.4,73608,6.7,4512,25.6,-3,-0.6,-144,-0.6
"39141","5","441310","78","0","2008","A","","Ross County, Ohio","Private","Automotive parts and accessories stores","County, NAICS 6-digit -- by ownership sector","All establishment sizes",13,121,2900881,1167118,22107,460,23925,"",2.27,1.93,2.05,2.55,2.46,1.06,1.06,"",1,8.3,3,2.5,68730,2.4,73608,6.7,4512,25.6,-3,-0.6,-144,-0.6
"39141","5","44132","77","0","2008","A","N","Ross County, Ohio","Private","Tire dealers","County, NAICS 5-digit -- by ownership sector","All establishment sizes",5,0,0,0,0,0,0,"N",1.69,0,0,0,0,0,0,"N",-1,-16.7,0,0,0,0,0,0,0,0,0,0,0,0
"39141","5","441320","78","0","2008","A","N","Ross County, Ohio","Private","Tire dealers","County, NAICS 6-digit -- by ownership sector","All establishment sizes",5,0,0,0,0,0,0,"N",1.69,0,0,0,0,0,0,"N",-1,-16.7,0,0,0,0,0,0,0,0,0,0,0,0
"39141","5","442","75","0","2008","A","","Ross County, Ohio","Private","Furniture and home furnishings stores","County, NAICS 3-digit -- by ownership sector","All establishment sizes",10,76,1971580,676751,9095,498,25885,"",1.07,0.74,0.76,0.89,0.50,1.02,1.02,"",0,0.0,-11,-12.6,-572028,-22.5,-233816,-25.7,1984,27.9,-62,-11.1,-3213,-11.0
"39141","5","4421","76","0","2008","A","","Ross County, Ohio","Private","Furniture stores","County, NAICS 4-digit -- by ownership sector","All establishment sizes",4,52,1370842,486169,4655,512,26618,"",0.96,1.03,0.99,1.22,0.48,0.97,0.97,"",0,0.0,-2,-3.7,-76294,-5.3,12736,2.7,1610,52.9,-8,-1.5,-431,-1.6
"39141","5","44211","77","0","2008","A","","Ross County, Ohio","Private","Furniture stores","County, NAICS 5-digit -- by ownership sector","All establishment sizes",4,52,1370842,486169,4655,512,26618,"",0.96,1.03,0.99,1.22,0.48,0.97,0.97,"",0,0.0,-2,-3.7,-76294,-5.3,12736,2.7,1610,52.9,-8,-1.5,-431,-1.6
"39141","5","442110","78","0","2008","A","","Ross County, Ohio","Private","Furniture stores","County, NAICS 6-digit -- by ownership sector","All establishment sizes",4,52,1370842,486169,4655,512,26618,"",0.96,1.03,0.99,1.22,0.48,0.97,0.97,"",0,0.0,-2,-3.7,-76294,-5.3,12736,2.7,1610,52.9,-8,-1.5,-431,-1.6
"39141","5","4422","76","0","2008","A","","Ross County, Ohio","Private","Home furnishings stores","County, NAICS 4-digit -- by ownership sector","All establishment sizes",6,25,600738,190582,4440,468,24354,"",1.17,0.48,0.50,0.53,0.54,1.05,1.05,"",0,0.0,-9,-26.5,-495734,-45.2,-246552,-56.4,374,9.2,-154,-24.8,-7974,-24.7
"39141","5","44221","77","0","2008","A","","Ross County, Ohio","Private","Floor covering stores","County, NAICS 5-digit -- by ownership sector","All establishment sizes",3,14,445278,118391,3170,627,32581,"",1.37,0.83,0.78,0.84,0.92,0.97,0.97,"N",-1,-25.0,0,0,0,0,0,0,0,0,0,0,0,0
"39141","5","442210","78","0","2008","A","","Ross County, Ohio","Private","Floor covering stores","County, NAICS 6-digit -- by ownership sector","All establishment sizes",3,14,445278,118391,3170,627,32581,"",1.37,0.83,0.78,0.84,0.92,0.97,0.97,"N",-1,-25.0,0,0,0,0,0,0,0,0,0,0,0,0
"39141","5","44229","77","0","2008","A","","Ross County, Ohio","Private","Other home furnishings stores","County, NAICS 5-digit -- by ownership sector","All establishment sizes",3,11,155460,72191,1270,272,14133,"",1.02,0.31,0.24,0.33,0.26,0.78,0.78,"N",1,50.0,0,0,0,0,0,0,0,0,0,0,0,0
"39141","5","442291","78","0","2008","A","N","Ross County, Ohio","Private","Window treatment stores","County, NAICS 6-digit -- by ownership sector","All establishment sizes",1,0,0,0,0,0,0,"N",2.06,0,0,0,0,0,0,"N",0,0.0,0,0,0,0,0,0,0,0,0,0,0,0
"39141","5","442299","78","0","2008","A","N","Ross County, Ohio","Private","All other home furnishings stores","County, NAICS 6-digit -- by ownership sector","All establishment sizes",2,0,0,0,0,0,0,"N",0.81,0,0,0,0,0,0,"N",1,100.0,0,0,0,0,0,0,0,0,0,0,0,0
"39141","5","443","75","0","2008","A","","Ross County, Ohio","Private","Electronics and appliance stores","County, NAICS 3-digit -- by ownership sector","All establishment sizes",8,106,4488316,1201808,74303,815,42376,"",0.95,0.98,1.30,1.51,3.50,1.32,1.32,"",1,14.3,4,3.9,31832,0.7,92932,8.4,8088,12.2,-25,-3.0,-1315,-3.0
"39141","5","4431","76","0","2008","A","","Ross County, Ohio","Private","Electronics and appliance stores","County, NAICS 4-digit -- by ownership sector","All establishment sizes",8,106,4488316,1201808,74303,815,42376,"",0.95,0.98,1.30,1.51,3.50,1.32,1.32,"",1,14.3,4,3.9,31832,0.7,92932,8.4,8088,12.2,-25,-3.0,-1315,-3.0
"39141","5","44311","77","0","2008","A","","Ross County, Ohio","Private","Appliance, tv, and other electronics stores","County, NAICS 5-digit -- by ownership sector","All establishment sizes",8,106,4488316,1201808,74303,815,42376,"",1.37,1.34,2.23,2.08,4.97,1.66,1.66,"",1,14.3,4,3.9,31832,0.7,92932,8.4,8088,12.2,-25,-3.0,-1315,-3.0
"39141","5","443111","78","0","2008","A","N","Ross County, Ohio","Private","Household appliance stores","County, NAICS 6-digit -- by ownership sector","All establishment sizes",3,0,0,0,0,0,0,"N",2.23,0,0,0,0,0,0,"N",0,0.0,0,0,0,0,0,0,0,0,0,0,0,0
"39141","5","443112","78","0","2008","A","N","Ross County, Ohio","Private","Radio, tv, and other electronics stores","County, NAICS 6-digit -- by ownership sector","All establishment sizes",5,0,0,0,0,0,0,"N",1.11,0,0,0,0,0,0,"N",1,25.0,0,0,0,0,0,0,0,0,0,0,0,0
"39141","5","444","75","0","2008","A","","Ross County, Ohio","Private","Building material and garden supply stores","County, NAICS 3-digit -- by ownership sector","All establishment sizes",29,334,8339086,3218840,65775,480,24936,"",2.35,1.38,1.36,1.74,1.54,0.98,0.98,"",-1,-3.3,-10,-2.9,290879,3.6,-32380,-1.0,3816,6.2,30,6.7,1540,6.6
"39141","5","4441","76","0","2008","A","","Ross County, Ohio","Private","Building material and supplies dealers","County, NAICS 4-digit -- by ownership sector","All establishment sizes",20,284,7349657,2781851,54098,497,25864,"",2.07,1.32,1.33,1.69,1.47,1.01,1.01,"",-1,-4.8,-13,-4.4,112329,1.6,-92955,-3.2,-174,-0.3,29,6.2,1516,6.2
"39141","5","44411","77","0","2008","A","","Ross County, Ohio","Private","Home centers","County, NAICS 5-digit -- by ownership sector","All establishment sizes",4,188,4525245,1867510,30992,462,24028,"",2.22,1.49,1.59,1.95,1.48,1.07,1.07,"",0,0.0,-8,-4.1,17282,0.4,-68221,-3.5,-4866,-13.6,20,4.5,1028,4.5
"39141","5","444110","78","0","2008","A","","Ross County, Ohio","Private","Home centers","County, NAICS 6-digit -- by ownership sector","All establishment sizes",4,188,4525245,1867510,30992,462,24028,"",2.22,1.49,1.59,1.95,1.48,1.07,1.07,"",0,0.0,-8,-4.1,17282,0.4,-68221,-3.5,-4866,-13.6,20,4.5,1028,4.5
"39141","5","44412","77","0","2008","A","N","Ross County, Ohio","Private","Paint and wallpaper stores","County, NAICS 5-digit -- by ownership sector","All establishment sizes",1,0,0,0,0,0,0,"N",0.98,0,0,0,0,0,0,"N",0,0.0,0,0,0,0,0,0,0,0,0,0,0,0
"39141","5","444120","78","0","2008","A","N","Ross County, Ohio","Private","Paint and wallpaper stores","County, NAICS 6-digit -- by ownership sector","All establishment sizes",1,0,0,0,0,0,0,"N",0.98,0,0,0,0,0,0,"N",0,0.0,0,0,0,0,0,0,0,0,0,0,0,0
"39141","5","44413","77","0","2008","A","N","Ross County, Ohio","Private","Hardware stores","County, NAICS 5-digit -- by ownership sector","All establishment sizes",7,0,0,0,0,0,0,"N",2.78,0,0,0,0,0,0,"N",0,0.0,0,0,0,0,0,0,0,0,0,0,0,0
"39141","5","444130","78","0","2008","A","N","Ross County, Ohio","Private","Hardware stores","County, NAICS 6-digit -- by ownership sector","All establishment sizes",7,0,0,0,0,0,0,"N",2.78,0,0,0,0,0,0,"N",0,0.0,0,0,0,0,0,0,0,0,0,0,0,0
"39141","5","44419","77","0","2008","A","","Ross County, Ohio","Private","Other building material dealers","County, NAICS 5-digit -- by ownership sector","All establishment sizes",8,54,1816445,537936,17550,653,33952,"",1.85,1.05,0.99,1.26,1.62,0.95,0.95,"",-1,-11.1,-6,-10.0,-23233,-1.3,-68957,-11.4,3915,28.7,66,11.2,3418,11.2
"39141","5","444190","78","0","2008","A","","Ross County, Ohio","Private","Other building material dealers","County, NAICS 6-digit -- by ownership sector","All establishment sizes",8,54,1816445,537936,17550,653,33952,"",1.85,1.05,0.99,1.26,1.62,0.95,0.95,"",-1,-11.1,-6,-10.0,-23233,-1.3,-68957,-11.4,3915,28.7,66,11.2,3418,11.2
"39141","5","4442","76","0","2008","A","","Ross County, Ohio","Private","Lawn and garden equipment and supplies stores","County, NAICS 4-digit -- by ownership sector","All establishment sizes",9,50,989429,436989,11677,379,19690,"",3.39,1.85,1.60,2.15,1.94,0.87,0.86,"",0,0.0,3,6.4,178550,22.0,60575,16.1,3990,51.9,45,13.5,2345,13.5
"39141","5","44421","77","0","2008","A","","Ross County, Ohio","Private","Outdoor power equipment stores","County, NAICS 5-digit -- by ownership sector","All establishment sizes",4,12,286657,115222,2151,463,24055,"",5.37,2.01,1.80,2.55,2.07,0.91,0.91,"",0,0.0,2,20.0,79227,38.2,20768,22.0,1025,91.0,50,12.1,2597,12.1
"39141","5","444210","78","0","2008","A","","Ross County, Ohio","Private","Outdoor power equipment stores","County, NAICS 6-digit -- by ownership sector","All establishment sizes",4,12,286657,115222,2151,463,24055,"",5.37,2.01,1.80,2.55,2.07,0.91,0.91,"",0,0.0,2,20.0,79227,38.2,20768,22.0,1025,91.0,50,12.1,2597,12.1
"39141","5","44422","77","0","2008","A","","Ross County, Ohio","Private","Nursery, garden, and farm supply stores","County, NAICS 5-digit -- by ownership sector","All establishment sizes",5,38,702772,321767,9526,353,18333,"",2.62,1.80,1.54,2.03,1.92,0.85,0.85,"",0,0.0,1,2.7,99323,16.5,39807,14.1,2965,45.2,40,12.8,2060,12.7
"39141","5","444220","78","0","2008","A","","Ross County, Ohio","Private","Nursery, garden, and farm supply stores","County, NAICS 6-digit -- by ownership sector","All establishment sizes",5,38,702772,321767,9526,353,18333,"",2.62,1.80,1.54,2.03,1.92,0.85,0.85,"",0,0.0,1,2.7,99323,16.5,39807,14.1,2965,45.2,40,12.8,2060,12.7
"39141","5","445","75","0","2008","A","","Ross County, Ohio","Private","Food and beverage stores","County, NAICS 3-digit -- by ownership sector","All establishment sizes",31,574,11068336,4808887,59582,371,19286,"",1.40,1.03,1.09,1.35,0.98,1.06,1.06,"",3,10.7,1,0.2,1398910,14.5,535972,12.5,9029,17.9,47,14.5,2413,14.3
"39141","5","4451","76","0","2008","A","","Ross County, Ohio","Private","Grocery stores","County, NAICS 4-digit -- by ownership sector","All establishment sizes",22,524,10223401,4360382,54336,375,19526,"",1.63,1.08,1.16,1.41,1.09,1.08,1.08,"",1,4.8,5,1.0,1367240,15.4,540030,14.1,7894,17.0,47,14.3,2476,14.5
"39141","5","44511","77","0","2008","A","","Ross County, Ohio","Private","Supermarkets and other grocery stores","County, NAICS 5-digit -- by ownership sector","All establishment sizes",15,490,9770149,4030454,46420,384,19959,"",1.59,1.07,1.16,1.38,1.01,1.09,1.09,"",1,7.1,5,1.0,1346930,16.0,536932,15.4,8361,22.0,50,15.0,2598,15.0
"39141","5","445110","78","0","2008","A","","Ross County, Ohio","Private","Supermarkets and other grocery stores","County, NAICS 6-digit -- by ownership sector","All establishment sizes",15,490,9770149,4030454,46420,384,19959,"",1.59,1.07,1.16,1.38,1.01,1.09,1.09,"",1,7.1,5,1.0,1346930,16.0,536932,15.4,8361,22.0,50,15.0,2598,15.0
"39141","5","44512","77","0","2008","A","","Ross County, Ohio","Private","Convenience stores","County, NAICS 5-digit -- by ownership sector","All establishment sizes",7,34,453252,329928,7916,256,13298,"",1.71,1.24,1.17,1.85,2.07,0.94,0.94,"",0,0.0,0,0.0,20310,4.7,3098,0.9,-467,-5.6,13,5.3,657,5.2
"39141","5","445120","78","0","2008","A","","Ross County, Ohio","Private","Convenience stores","County, NAICS 6-digit -- by ownership sector","All establishment sizes",7,34,453252,329928,7916,256,13298,"",1.71,1.24,1.17,1.85,2.07,0.94,0.94,"",0,0.0,0,0.0,20310,4.7,3098,0.9,-467,-5.6,13,5.3,657,5.2
"39141","5","4452","76","0","2008","A","","Ross County, Ohio","Private","Specialty food stores","County, NAICS 4-digit -- by ownership sector","All establishment sizes",3,14,294970,130119,645,415,21583,"",0.69,0.32,0.35,0.45,0.09,1.12,1.12,"",0,0.0,1,7.7,20841,7.6,-4744,-3.5,57,9.7,22,5.6,1151,5.6
"39141","5","44521","77","0","2008","A","N","Ross County, Ohio","Private","Meat markets","County, NAICS 5-digit -- by ownership sector","All establishment sizes",1,0,0,0,0,0,0,"N",1.01,0,0,0,0,0,0,"N",0,0.0,0,0,0,0,0,0,0,0,0,0,0,0
"39141","5","445210","78","0","2008","A","N","Ross County, Ohio","Private","Meat markets","County, NAICS 6-digit -- by ownership sector","All establishment sizes",1,0,0,0,0,0,0,"N",1.01,0,0,0,0,0,0,"N",0,0.0,0,0,0,0,0,0,0,0,0,0,0,0
"39141","5","44523","77","0","2008","A","N","Ross County, Ohio","Private","Fruit and vegetable markets","County, NAICS 5-digit -- by ownership sector","All establishment sizes",1,0,0,0,0,0,0,"N",1.67,0,0,0,0,0,0,"N",0,0.0,0,0,0,0,0,0,0,0,0,0,0,0
"39141","5","445230","78","0","2008","A","N","Ross County, Ohio","Private","Fruit and vegetable markets","County, NAICS 6-digit -- by ownership sector","All establishment sizes",1,0,0,0,0,0,0,"N",1.67,0,0,0,0,0,0,"N",0,0.0,0,0,0,0,0,0,0,0,0,0,0,0
"39141","5","44529","77","0","2008","A","N","Ross County, Ohio","Private","Other specialty food stores","County, NAICS 5-digit -- by ownership sector","All establishment sizes",1,0,0,0,0,0,0,"N",0.42,0,0,0,0,0,0,"N",0,0.0,0,0,0,0,0,0,0,0,0,0,0,0
"39141","5","445291","78","0","2008","A","N","Ross County, Ohio","Private","Baked goods stores","County, NAICS 6-digit -- by ownership sector","All establishment sizes",1,0,0,0,0,0,0,"N",1.98,0,0,0,0,0,0,"N",0,0.0,0,0,0,0,0,0,0,0,0,0,0,0
"39141","5","4453","76","0","2008","A","","Ross County, Ohio","Private","Beer, wine, and liquor stores","County, NAICS 4-digit -- by ownership sector","All establishment sizes",6,37,549965,318386,4601,288,14999,"",1.41,1.36,1.10,1.82,1.22,0.81,0.82,"",2,50.0,-3,-7.5,10829,2.0,686,0.2,1078,30.6,30,11.6,1604,12.0
"39141","5","44531","77","0","2008","A","","Ross County, Ohio","Private","Beer, wine, and liquor stores","County, NAICS 5-digit -- by ownership sector","All establishment sizes",6,37,549965,318386,4601,288,14999,"",1.41,1.36,1.10,1.82,1.22,0.81,0.82,"",2,50.0,-3,-7.5,10829,2.0,686,0.2,1078,30.6,30,11.6,1604,12.0
"39141","5","445310","78","0","2008","A","","Ross County, Ohio","Private","Beer, wine, and liquor stores","County, NAICS 6-digit -- by ownership sector","All establishment sizes",6,37,549965,318386,4601,288,14999,"",1.41,1.36,1.10,1.82,1.22,0.81,0.82,"",2,50.0,-3,-7.5,10829,2.0,686,0.2,1078,30.6,30,11.6,1604,12.0
"39141","5","446","75","0","2008","A","","Ross County, Ohio","Private","Health and personal care stores","County, NAICS 3-digit -- by ownership sector","All establishment sizes",25,192,6451692,1686681,24748,645,33559,"",1.71,0.98,1.20,1.27,0.97,1.22,1.22,"",2,8.7,-1,-0.5,609809,10.4,9856,0.6,4806,24.1,61,10.4,3212,10.6
"39141","5","4461","76","0","2008","A","","Ross County, Ohio","Private","Health and personal care stores","County, NAICS 4-digit -- by ownership sector","All establishment sizes",25,192,6451692,1686681,24748,645,33559,"",1.71,0.98,1.20,1.27,0.97,1.22,1.22,"",2,8.7,-1,-0.5,609809,10.4,9856,0.6,4806,24.1,61,10.4,3212,10.6
"39141","5","44611","77","0","2008","A","","Ross County, Ohio","Private","Pharmacies and drug stores","County, NAICS 5-digit -- by ownership sector","All establishment sizes",15,150,5740478,1432285,18495,736,38270,"",1.88,1.04,1.41,1.47,1.08,1.36,1.36,"",2,15.4,0,0.0,468990,8.9,-22225,-1.5,2287,14.1,61,9.0,3185,9.1
"39141","5","446110","78","0","2008","A","","Ross County, Ohio","Private","Pharmacies and drug stores","County, NAICS 6-digit -- by ownership sector","All establishment sizes",15,150,5740478,1432285,18495,736,38270,"",1.88,1.04,1.41,1.47,1.08,1.36,1.36,"",2,15.4,0,0.0,468990,8.9,-22225,-1.5,2287,14.1,61,9.0,3185,9.1
"39141","5","44612","77","0","2008","A","N","Ross County, Ohio","Private","Cosmetic and beauty supply stores","County, NAICS 5-digit -- by ownership sector","All establishment sizes",2,0,0,0,0,0,0,"N",0.97,0,0,0,0,0,0,"N",0,0.0,0,0,0,0,0,0,0,0,0,0,0,0
"39141","5","446120","78","0","2008","A","N","Ross County, Ohio","Private","Cosmetic and beauty supply stores","County, NAICS 6-digit -- by ownership sector","All establishment sizes",2,0,0,0,0,0,0,"N",0.97,0,0,0,0,0,0,"N",0,0.0,0,0,0,0,0,0,0,0,0,0,0,0
"39141","5","44613","77","0","2008","A","N","Ross County, Ohio","Private","Optical goods stores","County, NAICS 5-digit -- by ownership sector","All establishment sizes",1,0,0,0,0,0,0,"N",0.54,0,0,0,0,0,0,"N",0,0.0,0,0,0,0,0,0,0,0,0,0,0,0
"39141","5","446130","78","0","2008","A","N","Ross County, Ohio","Private","Optical goods stores","County, NAICS 6-digit -- by ownership sector","All establishment sizes",1,0,0,0,0,0,0,"N",0.54,0,0,0,0,0,0,"N",0,0.0,0,0,0,0,0,0,0,0,0,0,0,0
"39141","5","44619","77","0","2008","A","","Ross County, Ohio","Private","Other health and personal care stores","County, NAICS 5-digit -- by ownership sector","All establishment sizes",7,13,365543,126650,4129,548,28484,"",2.59,0.68,0.62,0.89,1.15,0.93,0.93,"",1,16.7,1,8.3,174322,91.2,43157,51.7,1601,63.3,228,71.2,11856,71.3
"39141","5","446191","78","0","2008","A","N","Ross County, Ohio","Private","Food, health, supplement stores","County, NAICS 6-digit -- by ownership sector","All establishment sizes",2,0,0,0,0,0,0,"N",1.54,0,0,0,0,0,0,"N",0,0.0,0,0,0,0,0,0,0,0,0,0,0,0
"39141","5","446199","78","0","2008","A","N","Ross County, Ohio","Private","All other health and personal care stores","County, NAICS 6-digit -- by ownership sector","All establishment sizes",5,0,0,0,0,0,0,"N",3.55,0,0,0,0,0,0,"N",1,25.0,0,0,0,0,0,0,0,0,0,0,0,0
"39141","5","447","75","0","2008","A","","Ross County, Ohio","Private","Gasoline stations","County, NAICS 3-digit -- by ownership sector","All establishment sizes",26,245,3399917,2017324,35542,266,13854,"",1.56,1.49,1.36,1.91,1.71,0.91,0.91,"",-5,-16.1,-39,-13.7,-467208,-12.1,-377570,-15.8,527,1.5,4,1.5,217,1.6
"39141","5","4471","76","0","2008","A","","Ross County, Ohio","Private","Gasoline stations","County, NAICS 4-digit -- by ownership sector","All establishment sizes",26,245,3399917,2017324,35542,266,13854,"",1.56,1.49,1.36,1.91,1.71,0.91,0.91,"",-5,-16.1,-39,-13.7,-467208,-12.1,-377570,-15.8,527,1.5,4,1.5,217,1.6
"39141","5","44711","77","0","2008","A","","Ross County, Ohio","Private","Gasoline stations with convenience stores","County, NAICS 5-digit -- by ownership sector","All establishment sizes",26,245,3399917,2017324,35542,266,13854,"",1.79,1.71,1.61,2.21,2.01,0.94,0.94,"",-5,-16.1,-39,-13.7,-467208,-12.1,-377570,-15.8,527,1.5,4,1.5,217,1.6
"39141","5","447110","78","0","2008","A","","Ross County, Ohio","Private","Gasoline stations with convenience stores","County, NAICS 6-digit -- by ownership sector","All establishment sizes",26,245,3399917,2017324,35542,266,13854,"",1.79,1.71,1.61,2.21,2.01,0.94,0.94,"",-5,-16.1,-39,-13.7,-467208,-12.1,-377570,-15.8,527,1.5,4,1.5,217,1.6
"39141","5","448","75","0","2008","A","","Ross County, Ohio","Private","Clothing and clothing accessories stores","County, NAICS 3-digit -- by ownership sector","All establishment sizes",19,131,2250152,953480,16758,331,17188,"",0.88,0.46,0.50,0.58,0.45,1.09,1.09,"",-1,-5.0,-2,-1.5,257066,12.9,-13559,-1.4,962,6.1,43,14.9,2212,14.8
"39141","5","4481","76","0","2008","A","","Ross County, Ohio","Private","Clothing stores","County, NAICS 4-digit -- by ownership sector","All establishment sizes",7,47,540827,291329,4551,222,11548,"",0.52,0.21,0.17,0.24,0.17,0.80,0.80,"",-2,-22.2,-12,-20.3,-97553,-15.3,-115616,-28.4,-2332,-33.9,15,7.2,804,7.5
"39141","5","44812","77","0","2008","A","N","Ross County, Ohio","Private","Women's clothing stores","County, NAICS 5-digit -- by ownership sector","All establishment sizes",1,0,0,0,0,0,0,"N",0.23,0,0,0,0,0,0,"N",0,0.0,0,0,0,0,0,0,0,0,0,0,0,0
"39141","5","448120","78","0","2008","A","N","Ross County, Ohio","Private","Women's clothing stores","County, NAICS 6-digit -- by ownership sector","All establishment sizes",1,0,0,0,0,0,0,"N",0.23,0,0,0,0,0,0,"N",0,0.0,0,0,0,0,0,0,0,0,0,0,0,0
"39141","5","44814","77","0","2008","A","N","Ross County, Ohio","Private","Family clothing stores","County, NAICS 5-digit -- by ownership sector","All establishment sizes",2,0,0,0,0,0,0,"N",0.53,0,0,0,0,0,0,"N",0,0.0,0,0,0,0,0,0,0,0,0,0,0,0
"39141","5","448140","78","0","2008","A","N","Ross County, Ohio","Private","Family clothing stores","County, NAICS 6-digit -- by ownership sector","All establishment sizes",2,0,0,0,0,0,0,"N",0.53,0,0,0,0,0,0,"N",0,0.0,0,0,0,0,0,0,0,0,0,0,0,0
"39141","5","44815","77","0","2008","A","N","Ross County, Ohio","Private","Clothing accessories stores","County, NAICS 5-digit -- by ownership sector","All establishment sizes",1,0,0,0,0,0,0,"N",0.79,0,0,0,0,0,0,"N",0,0.0,0,0,0,0,0,0,0,0,0,0,0,0
"39141","5","448150","78","0","2008","A","N","Ross County, Ohio","Private","Clothing accessories stores","County, NAICS 6-digit -- by ownership sector","All establishment sizes",1,0,0,0,0,0,0,"N",0.79,0,0,0,0,0,0,"N",0,0.0,0,0,0,0,0,0,0,0,0,0,0,0
"39141","5","44819","77","0","2008","A","","Ross County, Ohio","Private","Other clothing stores","County, NAICS 5-digit -- by ownership sector","All establishment sizes",3,9,62055,51639,884,130,6770,"",1.38,0.40,0.16,0.38,0.26,0.41,0.41,"",0,0.0,-2,-18.2,-7879,-11.3,-10378,-16.7,-112,-11.2,8,6.6,412,6.5
"39141","5","448190","78","0","2008","A","","Ross County, Ohio","Private","Other clothing stores","County, NAICS 6-digit -- by ownership sector","All establishment sizes",3,9,62055,51639,884,130,6770,"",1.38,0.40,0.16,0.38,0.26,0.41,0.41,"",0,0.0,-2,-18.2,-7879,-11.3,-10378,-16.7,-112,-11.2,8,6.6,412,6.5
"39141","5","4482","76","0","2008","A","","Ross County, Ohio","Private","Shoe stores","County, NAICS 4-digit -- by ownership sector","All establishment sizes",8,58,900139,449284,5720,300,15609,"",2.16,1.58,1.57,2.13,1.21,1.00,1.00,"",1,14.3,12,26.1,291986,48.0,109188,32.1,1060,22.7,46,18.1,2412,18.3
"39141","5","44821","77","0","2008","A","","Ross County, Ohio","Private","Shoe stores","County, NAICS 5-digit -- by ownership sector","All establishment sizes",8,58,900139,449284,5720,300,15609,"",2.16,1.58,1.57,2.13,1.21,1.00,1.00,"",1,14.3,12,26.1,291986,48.0,109188,32.1,1060,22.7,46,18.1,2412,18.3
"39141","5","448210","78","0","2008","A","","Ross County, Ohio","Private","Shoe stores","County, NAICS 6-digit -- by ownership sector","All establishment sizes",8,58,900139,449284,5720,300,15609,"",2.16,1.58,1.57,2.13,1.21,1.00,1.00,"",1,14.3,12,26.1,291986,48.0,109188,32.1,1060,22.7,46,18.1,2412,18.3
"39141","5","4483","76","0","2008","A","","Ross County, Ohio","Private","Jewelry, luggage, and leather goods stores","County, NAICS 4-digit -- by ownership sector","All establishment sizes",4,26,809186,212867,6487,589,30632,"",0.94,0.85,1.04,0.98,1.27,1.20,1.20,"",0,0.0,-2,-7.1,62633,8.4,-7131,-3.2,2234,52.5,69,13.3,3567,13.2
"39141","5","44831","77","0","2008","A","","Ross County, Ohio","Private","Jewelry stores","County, NAICS 5-digit -- by ownership sector","All establishment sizes",4,26,809186,212867,6487,589,30632,"",1.00,0.95,1.15,1.08,1.42,1.20,1.20,"",0,0.0,-2,-7.1,62633,8.4,-7131,-3.2,2234,52.5,69,13.3,3567,13.2
"39141","5","448310","78","0","2008","A","","Ross County, Ohio","Private","Jewelry stores","County, NAICS 6-digit -- by ownership sector","All establishment sizes",4,26,809186,212867,6487,589,30632,"",1.00,0.95,1.15,1.08,1.42,1.20,1.20,"",0,0.0,-2,-7.1,62633,8.4,-7131,-3.2,2234,52.5,69,13.3,3567,13.2
"39141","5","451","75","0","2008","A","","Ross County, Ohio","Private","Sporting goods, hobby, book and music stores","County, NAICS 3-digit -- by ownership sector","All establishment sizes",13,117,1563346,845128,13329,257,13352,"",1.38,0.93,0.81,1.13,0.88,0.87,0.87,"",0,0.0,-11,-8.6,-20438,-1.3,-44615,-5.0,766,6.1,19,8.0,954,7.7
"39141","5","4511","76","0","2008","A","","Ross County, Ohio","Private","Sporting goods and musical instrument stores","County, NAICS 4-digit -- by ownership sector","All establishment sizes",9,88,1117742,630808,10869,243,12642,"",1.29,0.95,0.79,1.14,0.95,0.82,0.82,"",0,0.0,-8,-8.3,6248,0.6,-15317,-2.4,839,8.4,20,9.0,1044,9.0
"39141","5","45111","77","0","2008","A","N","Ross County, Ohio","Private","Sporting goods stores","County, NAICS 5-digit -- by ownership sector","All establishment sizes",4,0,0,0,0,0,0,"N",1.07,0,0,0,0,0,0,"N",0,0.0,0,0,0,0,0,0,0,0,0,0,0,0
"39141","5","451110","78","0","2008","A","N","Ross County, Ohio","Private","Sporting goods stores","County, NAICS 6-digit -- by ownership sector","All establishment sizes",4,0,0,0,0,0,0,"N",1.07,0,0,0,0,0,0,"N",0,0.0,0,0,0,0,0,0,0,0,0,0,0,0
"39141","5","45112","77","0","2008","A","","Ross County, Ohio","Private","Hobby, toy, and game stores","County, NAICS 5-digit -- by ownership sector","All establishment sizes",3,34,489125,279410,5993,277,14386,"",1.78,1.22,1.40,1.87,1.88,1.14,1.14,"N",0,0.0,0,0,0,0,0,0,0,0,0,0,0,0
"39141","5","451120","78","0","2008","A","","Ross County, Ohio","Private","Hobby, toy, and game stores","County, NAICS 6-digit -- by ownership sector","All establishment sizes",3,34,489125,279410,5993,277,14386,"",1.78,1.22,1.40,1.87,1.88,1.14,1.14,"N",0,0.0,0,0,0,0,0,0,0,0,0,0,0,0
"39141","5","45113","77","0","2008","A","N","Ross County, Ohio","Private","Sewing, needlework, and piece goods stores","County, NAICS 5-digit -- by ownership sector","All establishment sizes",2,0,0,0,0,0,0,"N",2.35,0,0,0,0,0,0,"N",0,0.0,0,0,0,0,0,0,0,0,0,0,0,0
"39141","5","451130","78","0","2008","A","N","Ross County, Ohio","Private","Sewing, needlework, and piece goods stores","County, NAICS 6-digit -- by ownership sector","All establishment sizes",2,0,0,0,0,0,0,"N",2.35,0,0,0,0,0,0,"N",0,0.0,0,0,0,0,0,0,0,0,0,0,0,0
"39141","5","4512","76","0","2008","A","","Ross County, Ohio","Private","Book, periodical, and music stores","County, NAICS 4-digit -- by ownership sector","All establishment sizes",5,29,445604,214320,2460,299,15544,"",2.04,0.87,0.89,1.12,0.67,1.04,1.04,"",1,25.0,-3,-9.4,-26686,-5.7,-29298,-12.0,-73,-2.9,14,4.9,746,5.0
"39141","5","45121","77","0","2008","A","N","Ross County, Ohio","Private","Book stores and news dealers","County, NAICS 5-digit -- by ownership sector","All establishment sizes",2,0,0,0,0,0,0,"N",1.11,0,0,0,0,0,0,"N",0,0.0,0,0,0,0,0,0,0,0,0,0,0,0
"39141","5","451211","78","0","2008","A","N","Ross County, Ohio","Private","Book stores","County, NAICS 6-digit -- by ownership sector","All establishment sizes",2,0,0,0,0,0,0,"N",1.27,0,0,0,0,0,0,"N",0,0.0,0,0,0,0,0,0,0,0,0,0,0,0
"39141","5","45122","77","0","2008","A","N","Ross County, Ohio","Private","Precorded tape, cd, and record stores","County, NAICS 5-digit -- by ownership sector","All establishment sizes",3,0,0,0,0,0,0,"N",4.56,0,0,0,0,0,0,"N",1,50.0,0,0,0,0,0,0,0,0,0,0,0,0
"39141","5","451220","78","0","2008","A","N","Ross County, Ohio","Private","Precorded tape, cd, and record stores","County, NAICS 6-digit -- by ownership sector","All establishment sizes",3,0,0,0,0,0,0,"N",4.56,0,0,0,0,0,0,"N",1,50.0,0,0,0,0,0,0,0,0,0,0,0,0
"39141","5","452","75","0","2008","A","","Ross County, Ohio","Private","General merchandise stores","County, NAICS 3-digit -- by ownership sector","All establishment sizes",20,1135,19311218,8993108,129319,327,17008,"",2.46,1.92,1.90,2.33,1.85,0.99,0.99,"",2,11.1,-14,-1.2,121342,0.6,-343039,-3.7,8922,7.4,6,1.9,303,1.8
"39141","5","4521","76","0","2008","A","","Ross County, Ohio","Private","Department stores","County, NAICS 4-digit -- by ownership sector","All establishment sizes",5,493,6887048,3531521,29866,268,13958,"",2.42,1.62,1.39,1.83,0.76,0.85,0.86,"",-1,-16.7,-420,-46.0,-8379843,-54.9,-3987996,-53.0,-58772,-66.3,-54,-16.8,-2761,-16.5
"39141","5","45211","77","0","2008","A","","Ross County, Ohio","Private","Department stores","County, NAICS 5-digit -- by ownership sector","All establishment sizes",5,493,6887048,3531521,29866,268,13958,"",2.42,1.62,1.39,1.83,0.76,0.85,0.86,"",-1,-16.7,-420,-46.0,-8379843,-54.9,-3987996,-53.0,-58772,-66.3,-54,-16.8,-2761,-16.5
"39141","5","452111","78","0","2008","A","N","Ross County, Ohio","Private","Department stores, except discount","County, NAICS 6-digit -- by ownership sector","All establishment sizes",2,0,0,0,0,0,0,"N",2.53,0,0,0,0,0,0,"N",0,0.0,0,0,0,0,0,0,0,0,0,0,0,0
"39141","5","452112","78","0","2008","A","N","Ross County, Ohio","Private","Discount department stores","County, NAICS 6-digit -- by ownership sector","All establishment sizes",3,0,0,0,0,0,0,"N",2.35,0,0,0,0,0,0,"N",-1,-25.0,0,0,0,0,0,0,0,0,0,0,0,0
"39141","5","4529","76","0","2008","A","","Ross County, Ohio","Private","Other general merchandise stores","County, NAICS 4-digit -- by ownership sector","All establishment sizes",15,642,12424170,5461587,99453,372,19352,"",2.47,2.23,2.39,2.84,3.26,1.07,1.07,"",3,25.0,406,172.0,8501185,216.7,3644957,200.6,67694,213.1,52,16.2,2700,16.2
"39141","5","45291","77","0","2008","A","N","Ross County, Ohio","Private","Warehouse clubs and supercenters","County, NAICS 5-digit -- by ownership sector","All establishment sizes",2,0,0,0,0,0,0,"N",2.75,0,0,0,0,0,0,"N",1,100.0,0,0,0,0,0,0,0,0,0,0,0,0
"39141","5","452910","78","0","2008","A","N","Ross County, Ohio","Private","Warehouse clubs and supercenters","County, NAICS 6-digit -- by ownership sector","All establishment sizes",2,0,0,0,0,0,0,"N",2.75,0,0,0,0,0,0,"N",1,100.0,0,0,0,0,0,0,0,0,0,0,0,0
"39141","5","45299","77","0","2008","A","N","Ross County, Ohio","Private","All other general merchandise stores","County, NAICS 5-digit -- by ownership sector","All establishment sizes",13,0,0,0,0,0,0,"N",2.43,0,0,0,0,0,0,"N",2,18.2,0,0,0,0,0,0,0,0,0,0,0,0
"39141","5","452990","78","0","2008","A","N","Ross County, Ohio","Private","All other general merchandise stores","County, NAICS 6-digit -- by ownership sector","All establishment sizes",13,0,0,0,0,0,0,"N",2.43,0,0,0,0,0,0,"N",2,18.2,0,0,0,0,0,0,0,0,0,0,0,0
"39141","5","453","75","0","2008","A","","Ross County, Ohio","Private","Miscellaneous store retailers","County, NAICS 3-digit -- by ownership sector","All establishment sizes",30,300,8116692,2823534,69941,521,27093,"",1.55,1.83,2.60,2.74,2.92,1.42,1.42,"",1,3.4,0,0.0,-20195,-0.2,61065,2.2,1070,1.6,0,0.0,-15,-0.1
"39141","5","4531","76","0","2008","A","","Ross County, Ohio","Private","Florists","County, NAICS 4-digit -- by ownership sector","All establishment sizes",4,19,308613,156590,880,312,16243,"",1.35,1.15,1.32,1.58,0.46,1.15,1.15,"N",-1,-20.0,0,0,0,0,0,0,0,0,0,0,0,0
"39141","5","45311","77","0","2008","A","","Ross County, Ohio","Private","Florists","County, NAICS 5-digit -- by ownership sector","All establishment sizes",4,19,308613,156590,880,312,16243,"",1.35,1.15,1.32,1.58,0.46,1.15,1.15,"N",-1,-20.0,0,0,0,0,0,0,0,0,0,0,0,0
"39141","5","453110","78","0","2008","A","","Ross County, Ohio","Private","Florists","County, NAICS 6-digit -- by ownership sector","All establishment sizes",4,19,308613,156590,880,312,16243,"",1.35,1.15,1.32,1.58,0.46,1.15,1.15,"N",-1,-20.0,0,0,0,0,0,0,0,0,0,0,0,0
"39141","5","4532","76","0","2008","A","","Ross County, Ohio","Private","Office supplies, stationery, and gift stores","County, NAICS 4-digit -- by ownership sector","All establishment sizes",11,50,666888,395323,5174,254,13228,"",1.71,0.74,0.52,0.93,0.53,0.70,0.70,"",-1,-8.3,-3,-5.7,-35311,-5.0,-8235,-2.0,183,3.7,0,0.0,41,0.3
"39141","5","45321","77","0","2008","A","N","Ross County, Ohio","Private","Office supplies and stationery stores","County, NAICS 5-digit -- by ownership sector","All establishment sizes",2,0,0,0,0,0,0,"N",1.07,0,0,0,0,0,0,"N",0,0.0,0,0,0,0,0,0,0,0,0,0,0,0
"39141","5","453210","78","0","2008","A","N","Ross County, Ohio","Private","Office supplies and stationery stores","County, NAICS 6-digit -- by ownership sector","All establishment sizes",2,0,0,0,0,0,0,"N",1.07,0,0,0,0,0,0,"N",0,0.0,0,0,0,0,0,0,0,0,0,0,0,0
"39141","5","45322","77","0","2008","A","N","Ross County, Ohio","Private","Gift, novelty, and souvenir stores","County, NAICS 5-digit -- by ownership sector","All establishment sizes",9,0,0,0,0,0,0,"N",1.96,0,0,0,0,0,0,"N",-1,-10.0,0,0,0,0,0,0,0,0,0,0,0,0
"39141","5","453220","78","0","2008","A","N","Ross County, Ohio","Private","Gift, novelty, and souvenir stores","County, NAICS 6-digit -- by ownership sector","All establishment sizes",9,0,0,0,0,0,0,"N",1.96,0,0,0,0,0,0,"N",-1,-10.0,0,0,0,0,0,0,0,0,0,0,0,0
"39141","5","4533","76","0","2008","A","","Ross County, Ohio","Private","Used merchandise stores","County, NAICS 4-digit -- by ownership sector","All establishment sizes",3,7,69815,59798,1690,192,9974,"",1.18,0.30,0.19,0.52,0.70,0.63,0.63,"N",1,50.0,0,0,0,0,0,0,0,0,0,0,0,0
"39141","5","45331","77","0","2008","A","","Ross County, Ohio","Private","Used merchandise stores","County, NAICS 5-digit -- by ownership sector","All establishment sizes",3,7,69815,59798,1690,192,9974,"",1.18,0.30,0.19,0.52,0.70,0.63,0.63,"N",1,50.0,0,0,0,0,0,0,0,0,0,0,0,0
"39141","5","453310","78","0","2008","A","","Ross County, Ohio","Private","Used merchandise stores","County, NAICS 6-digit -- by ownership sector","All establishment sizes",3,7,69815,59798,1690,192,9974,"",1.18,0.30,0.19,0.52,0.70,0.63,0.63,"N",1,50.0,0,0,0,0,0,0,0,0,0,0,0,0
"39141","5","4539","76","0","2008","A","","Ross County, Ohio","Private","Other miscellaneous store retailers","County, NAICS 4-digit -- by ownership sector","All establishment sizes",12,223,7071376,2211823,62197,609,31687,"",1.61,3.92,5.72,5.63,6.34,1.45,1.46,"",1,9.1,-2,-0.9,-26266,-0.4,31246,1.4,141,0.2,3,0.5,177,0.6
"39141","5","45391","77","0","2008","A","N","Ross County, Ohio","Private","Pet and pet supplies stores","County, NAICS 5-digit -- by ownership sector","All establishment sizes",3,0,0,0,0,0,0,"N",2.17,0,0,0,0,0,0,"N",0,0.0,0,0,0,0,0,0,0,0,0,0,0,0
"39141","5","453910","78","0","2008","A","N","Ross County, Ohio","Private","Pet and pet supplies stores","County, NAICS 6-digit -- by ownership sector","All establishment sizes",3,0,0,0,0,0,0,"N",2.17,0,0,0,0,0,0,"N",0,0.0,0,0,0,0,0,0,0,0,0,0,0,0
"39141","5","45392","77","0","2008","A","N","Ross County, Ohio","Private","Art dealers","County, NAICS 5-digit -- by ownership sector","All establishment sizes",1,0,0,0,0,0,0,"N",0.96,0,0,0,0,0,0,"N",0,0.0,0,0,0,0,0,0,0,0,0,0,0,0
"39141","5","453920","78","0","2008","A","N","Ross County, Ohio","Private","Art dealers","County, NAICS 6-digit -- by ownership sector","All establishment sizes",1,0,0,0,0,0,0,"N",0.96,0,0,0,0,0,0,"N",0,0.0,0,0,0,0,0,0,0,0,0,0,0,0
"39141","5","45393","77","0","2008","A","N","Ross County, Ohio","Private","Manufactured, mobile, home dealers","County, NAICS 5-digit -- by ownership sector","All establishment sizes",4,0,0,0,0,0,0,"N",7.06,0,0,0,0,0,0,"N",0,0.0,0,0,0,0,0,0,0,0,0,0,0,0
"39141","5","453930","78","0","2008","A","N","Ross County, Ohio","Private","Manufactured, mobile, home dealers","County, NAICS 6-digit -- by ownership sector","All establishment sizes",4,0,0,0,0,0,0,"N",7.06,0,0,0,0,0,0,"N",0,0.0,0,0,0,0,0,0,0,0,0,0,0,0
"39141","5","45399","77","0","2008","A","","Ross County, Ohio","Private","All other miscellaneous store retailers","County, NAICS 5-digit -- by ownership sector","All establishment sizes",4,6,108749,49895,2018,339,17635,"",0.90,0.21,0.17,0.25,0.37,0.78,0.78,"N",1,33.3,0,0,0,0,0,0,0,0,0,0,0,0
"39141","5","453991","78","0","2008","A","N","Ross County, Ohio","Private","Tobacco stores","County, NAICS 6-digit -- by ownership sector","All establishment sizes",1,0,0,0,0,0,0,"N",1.17,0,0,0,0,0,0,"N",1,100.0,0,0,0,0,0,0,0,0,0,0,0,0
"39141","5","453998","78","0","2008","A","N","Ross County, Ohio","Private","Store retailers not specified elsewhere","County, NAICS 6-digit -- by ownership sector","All establishment sizes",3,0,0,0,0,0,0,"N",0.84,0,0,0,0,0,0,"N",0,0.0,0,0,0,0,0,0,0,0,0,0,0,0
"39141","5","454","75","0","2008","A","","Ross County, Ohio","Private","Nonstore retailers","County, NAICS 3-digit -- by ownership sector","All establishment sizes",9,142,3219160,1346289,22324,436,22670,"",1.53,1.68,1.07,1.89,1.04,0.64,0.64,"",-1,-10.0,11,8.4,131733,4.3,163543,13.8,6071,37.4,-17,-3.8,-883,-3.7
"39141","5","4542","76","0","2008","A","","Ross County, Ohio","Private","Vending machine operators","County, NAICS 4-digit -- by ownership sector","All establishment sizes",3,94,1743702,813811,11513,357,18566,"",3.69,10.39,7.92,11.82,6.12,0.76,0.76,"",0,0.0,13,16.0,207008,13.5,184725,29.4,5268,84.4,-8,-2.2,-406,-2.1
"39141","5","45421","77","0","2008","A","","Ross County, Ohio","Private","Vending machine operators","County, NAICS 5-digit -- by ownership sector","All establishment sizes",3,94,1743702,813811,11513,357,18566,"",3.69,10.39,7.92,11.82,6.12,0.76,0.76,"",0,0.0,13,16.0,207008,13.5,184725,29.4,5268,84.4,-8,-2.2,-406,-2.1
"39141","5","454210","78","0","2008","A","","Ross County, Ohio","Private","Vending machine operators","County, NAICS 6-digit -- by ownership sector","All establishment sizes",3,94,1743702,813811,11513,357,18566,"",3.69,10.39,7.92,11.82,6.12,0.76,0.76,"",0,0.0,13,16.0,207008,13.5,184725,29.4,5268,84.4,-8,-2.2,-406,-2.1
"39141","5","4543","76","0","2008","A","","Ross County, Ohio","Private","Direct selling establishments","County, NAICS 4-digit -- by ownership sector","All establishment sizes",6,48,1475458,532478,10811,590,30685,"",2.20,1.76,1.56,2.28,1.43,0.88,0.88,"N",0,0.0,0,0,0,0,0,0,0,0,0,0,0,0
"39141","5","45431","77","0","2008","A","N","Ross County, Ohio","Private","Fuel dealers","County, NAICS 5-digit -- by ownership sector","All establishment sizes",4,0,0,0,0,0,0,"N",2.72,0,0,0,0,0,0,"N",0,0.0,0,0,0,0,0,0,0,0,0,0,0,0
"39141","5","454311","78","0","2008","A","N","Ross County, Ohio","Private","Heating oil dealers","County, NAICS 6-digit -- by ownership sector","All establishment sizes",1,0,0,0,0,0,0,"N",1.52,0,0,0,0,0,0,"N",0,0.0,0,0,0,0,0,0,0,0,0,0,0,0
"39141","5","454312","78","0","2008","A","","Ross County, Ohio","Private","Liquefied petroleum gas, bottled gas, dealers","County, NAICS 6-digit -- by ownership sector","All establishment sizes",3,20,774323,222612,4136,754,39206,"",3.90,2.59,3.01,3.55,2.37,1.18,1.18,"N",0,0.0,0,0,0,0,0,0,0,0,0,0,0,0
"39141","5","45439","77","0","2008","A","N","Ross County, Ohio","Private","Other direct selling establishments","County, NAICS 5-digit -- by ownership sector","All establishment sizes",2,0,0,0,0,0,0,"N",1.60,0,0,0,0,0,0,"N",0,0.0,0,0,0,0,0,0,0,0,0,0,0,0
"39141","5","454390","78","0","2008","A","N","Ross County, Ohio","Private","Other direct selling establishments","County, NAICS 6-digit -- by ownership sector","All establishment sizes",2,0,0,0,0,0,0,"N",1.60,0,0,0,0,0,0,"N",0,0.0,0,0,0,0,0,0,0,0,0,0,0,0
"39141","5","48-49","74","0","2008","A","","Ross County, Ohio","Private","Transportation and warehousing","County, NAICS Sector -- by ownership sector","All establishment sizes",40,451,17891397,4970471,198018,763,39700,"",1.13,0.54,0.60,0.71,1.07,1.11,1.11,"",-1,-2.4,-10,-2.2,-780628,-4.2,-239913,-4.6,-18680,-8.6,-15,-1.9,-767,-1.9
"39141","5","484","75","0","2008","A","","Ross County, Ohio","Private","Truck transportation","County, NAICS 3-digit -- by ownership sector","All establishment sizes",28,276,12317539,3365649,175645,859,44642,"",1.50,1.02,1.30,1.38,2.92,1.28,1.28,"",-1,-3.4,-11,-3.8,-535324,-4.2,-181891,-5.1,-18927,-9.7,-2,-0.2,-155,-0.3
"39141","5","4841","76","0","2008","A","","Ross County, Ohio","Private","General freight trucking","County, NAICS 4-digit -- by ownership sector","All establishment sizes",18,151,5723898,1724456,56412,729,37907,"",1.62,0.79,0.84,1.00,1.44,1.06,1.06,"",-1,-5.3,-1,-0.7,226866,4.1,-35147,-2.0,-5264,-8.5,31,4.4,1623,4.5
"39141","5","48411","77","0","2008","A","","Ross County, Ohio","Private","General freight trucking, local","County, NAICS 5-digit -- by ownership sector","All establishment sizes",12,79,2487254,885648,30744,603,31352,"",2.58,1.80,1.69,2.19,2.61,0.93,0.93,"",-2,-14.3,-12,-13.2,-534372,-17.7,-123608,-12.2,-13502,-30.5,-34,-5.3,-1792,-5.4
"39141","5","484110","78","0","2008","A","","Ross County, Ohio","Private","General freight trucking, local","County, NAICS 6-digit -- by ownership sector","All establishment sizes",12,79,2487254,885648,30744,603,31352,"",2.58,1.80,1.69,2.19,2.61,0.93,0.93,"",-2,-14.3,-12,-13.2,-534372,-17.7,-123608,-12.2,-13502,-30.5,-34,-5.3,-1792,-5.4
"39141","5","48412","77","0","2008","A","","Ross County, Ohio","Private","General freight trucking, long-distance","County, NAICS 5-digit -- by ownership sector","All establishment sizes",6,72,3236644,838808,25668,869,45162,"",0.93,0.49,0.61,0.64,0.93,1.24,1.24,"",1,20.0,12,20.0,761238,30.8,88461,11.8,8238,47.3,80,10.1,4133,10.1
"39141","5","484121","78","0","2008","A","N","Ross County, Ohio","Private","General freight trucking, long-distance tl","County, NAICS 6-digit -- by ownership sector","All establishment sizes",5,0,0,0,0,0,0,"N",0.94,0,0,0,0,0,0,"N",1,25.0,0,0,0,0,0,0,0,0,0,0,0,0
"39141","5","484122","78","0","2008","A","N","Ross County, Ohio","Private","General freight trucking, long-distance ltl","County, NAICS 6-digit -- by ownership sector","All establishment sizes",1,0,0,0,0,0,0,"N",0.88,0,0,0,0,0,0,"N",0,0.0,0,0,0,0,0,0,0,0,0,0,0,0
"39141","5","4842","76","0","2008","A","","Ross County, Ohio","Private","Specialized freight trucking","County, NAICS 4-digit -- by ownership sector","All establishment sizes",9,125,6593641,1641193,119233,1015,52784,"",1.19,1.54,2.48,2.28,5.69,1.60,1.61,"",-1,-10.0,-10,-7.4,-762190,-10.4,-146744,-8.2,-13663,-10.3,-30,-2.9,-1536,-2.8
"39141","5","48421","77","0","2008","A","N","Ross County, Ohio","Private","Used household and office goods moving","County, NAICS 5-digit -- by ownership sector","All establishment sizes",2,0,0,0,0,0,0,"N",1.64,0,0,0,0,0,0,"N",0,0.0,0,0,0,0,0,0,0,0,0,0,0,0
"39141","5","484210","78","0","2008","A","N","Ross County, Ohio","Private","Used household and office goods moving","County, NAICS 6-digit -- by ownership sector","All establishment sizes",2,0,0,0,0,0,0,"N",1.64,0,0,0,0,0,0,"N",0,0.0,0,0,0,0,0,0,0,0,0,0,0,0
"39141","5","48422","77","0","2008","A","N","Ross County, Ohio","Private","Other specialized trucking, local","County, NAICS 5-digit -- by ownership sector","All establishment sizes",3,0,0,0,0,0,0,"N",0.62,0,0,0,0,0,0,"N",-1,-25.0,0,0,0,0,0,0,0,0,0,0,0,0
"39141","5","484220","78","0","2008","A","N","Ross County, Ohio","Private","Other specialized trucking, local","County, NAICS 6-digit -- by ownership sector","All establishment sizes",3,0,0,0,0,0,0,"N",0.62,0,0,0,0,0,0,"N",-1,-25.0,0,0,0,0,0,0,0,0,0,0,0,0
"39141","5","48423","77","0","2008","A","","Ross County, Ohio","Private","Other specialized trucking, long-distance","County, NAICS 5-digit -- by ownership sector","All establishment sizes",4,107,6168754,1429194,115992,1104,57428,"",2.70,4.63,7.42,6.65,22.99,1.59,1.60,"N",0,0.0,0,0,0,0,0,0,0,0,0,0,0,0
"39141","5","484230","78","0","2008","A","","Ross County, Ohio","Private","Other specialized trucking, long-distance","County, NAICS 6-digit -- by ownership sector","All establishment sizes",4,107,6168754,1429194,115992,1104,57428,"",2.70,4.63,7.42,6.65,22.99,1.59,1.60,"N",0,0.0,0,0,0,0,0,0,0,0,0,0,0,0
"39141","5","485","75","0","2008","A","N","Ross County, Ohio","Private","Transit and ground passenger transportation","County, NAICS 3-digit -- by ownership sector","All establishment sizes",1,0,0,0,0,0,0,"N",0.35,0,0,0,0,0,0,"N",0,0.0,0,0,0,0,0,0,0,0,0,0,0,0
"39141","5","4855","76","0","2008","A","N","Ross County, Ohio","Private","Charter bus industry","County, NAICS 4-digit -- by ownership sector","All establishment sizes",1,0,0,0,0,0,0,"N",4.43,0,0,0,0,0,0,"N",0,0.0,0,0,0,0,0,0,0,0,0,0,0,0
"39141","5","48551","77","0","2008","A","N","Ross County, Ohio","Private","Charter bus industry","County, NAICS 5-digit -- by ownership sector","All establishment sizes",1,0,0,0,0,0,0,"N",4.43,0,0,0,0,0,0,"N",0,0.0,0,0,0,0,0,0,0,0,0,0,0,0
"39141","5","485510","78","0","2008","A","N","Ross County, Ohio","Private","Charter bus industry","County, NAICS 6-digit -- by ownership sector","All establishment sizes",1,0,0,0,0,0,0,"N",4.43,0,0,0,0,0,0,"N",0,0.0,0,0,0,0,0,0,0,0,0,0,0,0
"39141","5","488","75","0","2008","A","","Ross County, Ohio","Private","Support activities for transportation","County, NAICS 3-digit -- by ownership sector","All establishment sizes",4,16,364269,175322,2325,429,22302,"",0.61,0.14,0.08,0.18,0.09,0.57,0.57,"",-1,-20.0,-9,-36.0,-399281,-52.3,-59722,-25.4,-2445,-51.3,-160,-27.2,-8342,-27.2
"39141","5","4881","76","0","2008","A","N","Ross County, Ohio","Private","Support activities for air transportation","County, NAICS 4-digit -- by ownership sector","All establishment sizes",2,0,0,0,0,0,0,"N",1.95,0,0,0,0,0,0,"N",0,0.0,0,0,0,0,0,0,0,0,0,0,0,0
"39141","5","48811","77","0","2008","A","N","Ross County, Ohio","Private","Airport operations","County, NAICS 5-digit -- by ownership sector","All establishment sizes",1,0,0,0,0,0,0,"N",3.46,0,0,0,0,0,0,"N",0,0.0,0,0,0,0,0,0,0,0,0,0,0,0
"39141","5","488119","78","0","2008","A","N","Ross County, Ohio","Private","Other airport operations","County, NAICS 6-digit -- by ownership sector","All establishment sizes",1,0,0,0,0,0,0,"N",3.89,0,0,0,0,0,0,"N",0,0.0,0,0,0,0,0,0,0,0,0,0,0,0
"39141","5","48819","77","0","2008","A","N","Ross County, Ohio","Private","Other support activities for air transport.","County, NAICS 5-digit -- by ownership sector","All establishment sizes",1,0,0,0,0,0,0,"N",1.36,0,0,0,0,0,0,"N",0,0.0,0,0,0,0,0,0,0,0,0,0,0,0
"39141","5","488190","78","0","2008","A","N","Ross County, Ohio","Private","Other support activities for air transport.","County, NAICS 6-digit -- by ownership sector","All establishment sizes",1,0,0,0,0,0,0,"N",1.36,0,0,0,0,0,0,"N",0,0.0,0,0,0,0,0,0,0,0,0,0,0,0
"39141","5","4884","76","0","2008","A","N","Ross County, Ohio","Private","Support activities for road transportation","County, NAICS 4-digit -- by ownership sector","All establishment sizes",1,0,0,0,0,0,0,"N",0.59,0,0,0,0,0,0,"N",0,0.0,0,0,0,0,0,0,0,0,0,0,0,0
"39141","5","48841","77","0","2008","A","N","Ross County, Ohio","Private","Motor vehicle towing","County, NAICS 5-digit -- by ownership sector","All establishment sizes",1,0,0,0,0,0,0,"N",0.76,0,0,0,0,0,0,"N",0,0.0,0,0,0,0,0,0,0,0,0,0,0,0
"39141","5","488410","78","0","2008","A","N","Ross County, Ohio","Private","Motor vehicle towing","County, NAICS 6-digit -- by ownership sector","All establishment sizes",1,0,0,0,0,0,0,"N",0.76,0,0,0,0,0,0,"N",0,0.0,0,0,0,0,0,0,0,0,0,0,0,0
"39141","5","4885","76","0","2008","A","N","Ross County, Ohio","Private","Freight transportation arrangement","County, NAICS 4-digit -- by ownership sector","All establishment sizes",1,0,0,0,0,0,0,"N",0.36,0,0,0,0,0,0,"N",-1,-50.0,0,0,0,0,0,0,0,0,0,0,0,0
"39141","5","48851","77","0","2008","A","N","Ross County, Ohio","Private","Freight transportation arrangement","County, NAICS 5-digit -- by ownership sector","All establishment sizes",1,0,0,0,0,0,0,"N",0.36,0,0,0,0,0,0,"N",-1,-50.0,0,0,0,0,0,0,0,0,0,0,0,0
"39141","5","488510","78","0","2008","A","N","Ross County, Ohio","Private","Freight transportation arrangement","County, NAICS 6-digit -- by ownership sector","All establishment sizes",1,0,0,0,0,0,0,"N",0.36,0,0,0,0,0,0,"N",-1,-50.0,0,0,0,0,0,0,0,0,0,0,0,0
"39141","5","492","75","0","2008","A","","Ross County, Ohio","Private","Couriers and messengers","County, NAICS 3-digit -- by ownership sector","All establishment sizes",4,133,4542809,1170078,12457,658,34199,"",1.55,1.19,1.21,1.47,0.92,1.02,1.02,"N",1,33.3,0,0,0,0,0,0,0,0,0,0,0,0
"39141","5","4921","76","0","2008","A","","Ross County, Ohio","Private","Couriers and express delivery services","County, NAICS 4-digit -- by ownership sector","All establishment sizes",4,133,4542809,1170078,12457,658,34199,"",2.64,1.29,1.29,1.61,1.07,1.00,1.00,"N",1,33.3,0,0,0,0,0,0,0,0,0,0,0,0
"39141","5","49211","77","0","2008","A","","Ross County, Ohio","Private","Couriers and express delivery services","County, NAICS 5-digit -- by ownership sector","All establishment sizes",4,133,4542809,1170078,12457,658,34199,"",2.64,1.29,1.29,1.61,1.07,1.00,1.00,"N",1,33.3,0,0,0,0,0,0,0,0,0,0,0,0
"39141","5","492110","78","0","2008","A","","Ross County, Ohio","Private","Couriers and express delivery services","County, NAICS 6-digit -- by ownership sector","All establishment sizes",4,133,4542809,1170078,12457,658,34199,"",2.64,1.29,1.29,1.61,1.07,1.00,1.00,"N",1,33.3,0,0,0,0,0,0,0,0,0,0,0,0
"39141","5","493","75","0","2008","A","N","Ross County, Ohio","Private","Warehousing and storage","County, NAICS 3-digit -- by ownership sector","All establishment sizes",3,0,0,0,0,0,0,"N",1.24,0,0,0,0,0,0,"N",0,0.0,0,0,0,0,0,0,0,0,0,0,0,0
"39141","5","4931","76","0","2008","A","N","Ross County, Ohio","Private","Warehousing and storage","County, NAICS 4-digit -- by ownership sector","All establishment sizes",3,0,0,0,0,0,0,"N",1.24,0,0,0,0,0,0,"N",0,0.0,0,0,0,0,0,0,0,0,0,0,0,0
"39141","5","49311","77","0","2008","A","N","Ross County, Ohio","Private","General warehousing and storage","County, NAICS 5-digit -- by ownership sector","All establishment sizes",3,0,0,0,0,0,0,"N",1.71,0,0,0,0,0,0,"N",0,0.0,0,0,0,0,0,0,0,0,0,0,0,0
"39141","5","493110","78","0","2008","A","N","Ross County, Ohio","Private","General warehousing and storage","County, NAICS 6-digit -- by ownership sector","All establishment sizes",3,0,0,0,0,0,0,"N",1.71,0,0,0,0,0,0,"N",0,0.0,0,0,0,0,0,0,0,0,0,0,0,0
"39141","5","51","74","0","2008","A","","Ross County, Ohio","Private","Information","County, NAICS Sector -- by ownership sector","All establishment sizes",12,398,24597245,3372126,131510,1189,61841,"",0.52,0.68,0.72,0.68,0.87,1.05,1.05,"",2,20.0,2,0.5,1716382,7.5,136978,4.2,33678,34.4,79,7.1,4097,7.1
"39141","5","511","75","0","2008","A","N","Ross County, Ohio","Private","Publishing industries, except internet","County, NAICS 3-digit -- by ownership sector","All establishment sizes",1,0,0,0,0,0,0,"N",0.17,0,0,0,0,0,0,"N",0,0.0,0,0,0,0,0,0,0,0,0,0,0,0
"39141","5","5111","76","0","2008","A","N","Ross County, Ohio","Private","Newspaper, book, and directory publishers","County, NAICS 4-digit -- by ownership sector","All establishment sizes",1,0,0,0,0,0,0,"N",0.24,0,0,0,0,0,0,"N",0,0.0,0,0,0,0,0,0,0,0,0,0,0,0
"39141","5","51111","77","0","2008","A","N","Ross County, Ohio","Private","Newspaper publishers","County, NAICS 5-digit -- by ownership sector","All establishment sizes",1,0,0,0,0,0,0,"N",0.69,0,0,0,0,0,0,"N",0,0.0,0,0,0,0,0,0,0,0,0,0,0,0
"39141","5","511110","78","0","2008","A","N","Ross County, Ohio","Private","Newspaper publishers","County, NAICS 6-digit -- by ownership sector","All establishment sizes",1,0,0,0,0,0,0,"N",0.69,0,0,0,0,0,0,"N",0,0.0,0,0,0,0,0,0,0,0,0,0,0,0
"39141","5","512","75","0","2008","A","N","Ross County, Ohio","Private","Motion picture and sound recording industries","County, NAICS 3-digit -- by ownership sector","All establishment sizes",2,0,0,0,0,0,0,"N",0.47,0,0,0,0,0,0,"N",0,0.0,0,0,0,0,0,0,0,0,0,0,0,0
"39141","5","5121","76","0","2008","A","N","Ross County, Ohio","Private","Motion picture and video industries","County, NAICS 4-digit -- by ownership sector","All establishment sizes",2,0,0,0,0,0,0,"N",0.55,0,0,0,0,0,0,"N",0,0.0,0,0,0,0,0,0,0,0,0,0,0,0
"39141","5","51211","77","0","2008","A","N","Ross County, Ohio","Private","Motion picture and video production","County, NAICS 5-digit -- by ownership sector","All establishment sizes",1,0,0,0,0,0,0,"N",0.40,0,0,0,0,0,0,"N",0,0.0,0,0,0,0,0,0,0,0,0,0,0,0
"39141","5","512110","78","0","2008","A","N","Ross County, Ohio","Private","Motion picture and video production","County, NAICS 6-digit -- by ownership sector","All establishment sizes",1,0,0,0,0,0,0,"N",0.40,0,0,0,0,0,0,"N",0,0.0,0,0,0,0,0,0,0,0,0,0,0,0
"39141","5","51213","77","0","2008","A","N","Ross County, Ohio","Private","Motion picture and video exhibition","County, NAICS 5-digit -- by ownership sector","All establishment sizes",1,0,0,0,0,0,0,"N",1.32,0,0,0,0,0,0,"N",0,0.0,0,0,0,0,0,0,0,0,0,0,0,0
"39141","5","512131","78","0","2008","A","N","Ross County, Ohio","Private","Motion picture theaters, except drive-ins","County, NAICS 6-digit -- by ownership sector","All establishment sizes",1,0,0,0,0,0,0,"N",1.40,0,0,0,0,0,0,"N",0,0.0,0,0,0,0,0,0,0,0,0,0,0,0
"39141","5","515","75","0","2008","A","N","Ross County, Ohio","Private","Broadcasting, except internet","County, NAICS 3-digit -- by ownership sector","All establishment sizes",3,0,0,0,0,0,0,"N",1.90,0,0,0,0,0,0,"N",0,0.0,0,0,0,0,0,0,0,0,0,0,0,0
"39141","5","5151","76","0","2008","A","N","Ross County, Ohio","Private","Radio and television broadcasting","County, NAICS 4-digit -- by ownership sector","All establishment sizes",2,0,0,0,0,0,0,"N",1.49,0,0,0,0,0,0,"N",0,0.0,0,0,0,0,0,0,0,0,0,0,0,0
"39141","5","51511","77","0","2008","A","N","Ross County, Ohio","Private","Radio broadcasting","County, NAICS 5-digit -- by ownership sector","All establishment sizes",2,0,0,0,0,0,0,"N",2.15,0,0,0,0,0,0,"N",0,0.0,0,0,0,0,0,0,0,0,0,0,0,0
"39141","5","515112","78","0","2008","A","N","Ross County, Ohio","Private","Radio stations","County, NAICS 6-digit -- by ownership sector","All establishment sizes",2,0,0,0,0,0,0,"N",2.85,0,0,0,0,0,0,"N",0,0.0,0,0,0,0,0,0,0,0,0,0,0,0
"39141","5","5152","76","0","2008","A","N","Ross County, Ohio","Private","Cable and other subscription programming","County, NAICS 4-digit -- by ownership sector","All establishment sizes",1,0,0,0,0,0,0,"N",4.18,0,0,0,0,0,0,"N",0,0.0,0,0,0,0,0,0,0,0,0,0,0,0
"39141","5","51521","77","0","2008","A","N","Ross County, Ohio","Private","Cable and other subscription programming","County, NAICS 5-digit -- by ownership sector","All establishment sizes",1,0,0,0,0,0,0,"N",4.18,0,0,0,0,0,0,"N",0,0.0,0,0,0,0,0,0,0,0,0,0,0,0
"39141","5","515210","78","0","2008","A","N","Ross County, Ohio","Private","Cable and other subscription programming","County, NAICS 6-digit -- by ownership sector","All establishment sizes",1,0,0,0,0,0,0,"N",4.18,0,0,0,0,0,0,"N",0,0.0,0,0,0,0,0,0,0,0,0,0,0,0
"39141","5","517","75","0","2008","A","N","Ross County, Ohio","Private","Telecommunications","County, NAICS 3-digit -- by ownership sector","All establishment sizes",6,0,0,0,0,0,0,"N",0.80,0,0,0,0,0,0,"N",2,50.0,0,0,0,0,0,0,0,0,0,0,0,0
"39141","5","5171","76","0","2008","A","N","Ross County, Ohio","Private","Wired telecommunications carriers","County, NAICS 4-digit -- by ownership sector","All establishment sizes",5,0,0,0,0,0,0,"N",1.16,0,0,0,0,0,0,"N",2,66.7,0,0,0,0,0,0,0,0,0,0,0,0
"39141","5","51711","77","0","2008","A","N","Ross County, Ohio","Private","Wired telecommunications carriers","County, NAICS 5-digit -- by ownership sector","All establishment sizes",5,0,0,0,0,0,0,"N",1.16,0,0,0,0,0,0,"N",2,66.7,0,0,0,0,0,0,0,0,0,0,0,0
"39141","5","517110","78","0","2008","A","N","Ross County, Ohio","Private","Wired telecommunications carriers","County, NAICS 6-digit -- by ownership sector","All establishment sizes",5,0,0,0,0,0,0,"N",1.16,0,0,0,0,0,0,"N",2,66.7,0,0,0,0,0,0,0,0,0,0,0,0
"39141","5","5172","76","0","2008","A","N","Ross County, Ohio","Private","Wireless telecommunications carriers","County, NAICS 4-digit -- by ownership sector","All establishment sizes",1,0,0,0,0,0,0,"N",0.64,0,0,0,0,0,0,"N",0,0.0,0,0,0,0,0,0,0,0,0,0,0,0
"39141","5","51721","77","0","2008","A","N","Ross County, Ohio","Private","Wireless telecommunications carriers","County, NAICS 5-digit -- by ownership sector","All establishment sizes",1,0,0,0,0,0,0,"N",0.64,0,0,0,0,0,0,"N",0,0.0,0,0,0,0,0,0,0,0,0,0,0,0
"39141","5","517210","78","0","2008","A","N","Ross County, Ohio","Private","Wireless telecommunications carriers","County, NAICS 6-digit -- by ownership sector","All establishment sizes",1,0,0,0,0,0,0,"N",0.64,0,0,0,0,0,0,"N",0,0.0,0,0,0,0,0,0,0,0,0,0,0,0
"39141","5","52","74","0","2008","A","","Ross County, Ohio","Private","Finance and insurance","County, NAICS Sector -- by ownership sector","All establishment sizes",86,514,18861553,4657792,65638,705,36678,"",1.11,0.45,0.23,0.48,0.27,0.52,0.52,"",4,4.9,-58,-10.1,-913873,-4.6,-421464,-8.3,-9129,-12.2,41,6.2,2131,6.2
"39141","5","522","75","0","2008","A","","Ross County, Ohio","Private","Credit intermediation and related activities","County, NAICS 3-digit -- by ownership sector","All establishment sizes",41,362,12640675,3240822,42389,671,34895,"",1.26,0.68,0.48,0.73,0.40,0.70,0.70,"",0,0.0,-53,-12.8,-1207946,-8.7,-408358,-11.2,-10925,-20.5,29,4.5,1511,4.5
"39141","5","5221","76","0","2008","A","","Ross County, Ohio","Private","Depository credit intermediation","County, NAICS 4-digit -- by ownership sector","All establishment sizes",25,313,10910381,2751295,32398,669,34811,"",1.46,0.89,0.68,0.96,0.52,0.76,0.76,"",2,8.7,-40,-11.3,-929828,-7.9,-277160,-9.2,-6794,-17.3,24,3.7,1261,3.8
"39141","5","52211","77","0","2008","A","","Ross County, Ohio","Private","Commercial banking","County, NAICS 5-digit -- by ownership sector","All establishment sizes",20,249,8587881,2110604,24533,664,34547,"",1.62,0.95,0.68,0.99,0.53,0.71,0.72,"",1,5.3,-25,-9.1,-725195,-7.8,-177595,-7.8,-2567,-9.5,11,1.7,589,1.7
"39141","5","522110","78","0","2008","A","","Ross County, Ohio","Private","Commercial banking","County, NAICS 6-digit -- by ownership sector","All establishment sizes",20,249,8587881,2110604,24533,664,34547,"",1.62,0.95,0.68,0.99,0.53,0.71,0.72,"",1,5.3,-25,-9.1,-725195,-7.8,-177595,-7.8,-2567,-9.5,11,1.7,589,1.7
"39141","5","52213","77","0","2008","A","","Ross County, Ohio","Private","Credit unions","County, NAICS 5-digit -- by ownership sector","All establishment sizes",5,65,2322500,640691,7865,689,35823,"",2.10,1.45,1.59,1.79,1.23,1.10,1.10,"",1,25.0,-14,-17.7,-204633,-8.1,-99565,-13.5,-4227,-35.0,71,11.5,3698,11.5
"39141","5","522130","78","0","2008","A","","Ross County, Ohio","Private","Credit unions","County, NAICS 6-digit -- by ownership sector","All establishment sizes",5,65,2322500,640691,7865,689,35823,"",2.10,1.45,1.59,1.79,1.23,1.10,1.10,"",1,25.0,-14,-17.7,-204633,-8.1,-99565,-13.5,-4227,-35.0,71,11.5,3698,11.5
"39141","5","5222","76","0","2008","A","","Ross County, Ohio","Private","Nondepository credit intermediation","County, NAICS 4-digit -- by ownership sector","All establishment sizes",10,28,1170088,283141,5614,801,41665,"",1.07,0.23,0.16,0.26,0.19,0.68,0.68,"",-1,-9.1,-15,-34.9,-387985,-24.9,-147555,-34.3,-2594,-31.6,97,13.8,5076,13.9
"39141","5","52222","77","0","2008","A","N","Ross County, Ohio","Private","Sales financing","County, NAICS 5-digit -- by ownership sector","All establishment sizes",2,0,0,0,0,0,0,"N",1.75,0,0,0,0,0,0,"N",0,0.0,0,0,0,0,0,0,0,0,0,0,0,0
"39141","5","522220","78","0","2008","A","N","Ross County, Ohio","Private","Sales financing","County, NAICS 6-digit -- by ownership sector","All establishment sizes",2,0,0,0,0,0,0,"N",1.75,0,0,0,0,0,0,"N",0,0.0,0,0,0,0,0,0,0,0,0,0,0,0
"39141","5","52229","77","0","2008","A","N","Ross County, Ohio","Private","Other nondepository credit intermediation","County, NAICS 5-digit -- by ownership sector","All establishment sizes",8,0,0,0,0,0,0,"N",1.01,0,0,0,0,0,0,"N",-1,-11.1,0,0,0,0,0,0,0,0,0,0,0,0
"39141","5","522291","78","0","2008","A","","Ross County, Ohio","Private","Consumer lending","County, NAICS 6-digit -- by ownership sector","All establishment sizes",4,15,554244,160848,2887,699,36344,"",1.47,0.69,0.61,0.87,0.60,0.87,0.87,"",0,0.0,-7,-31.8,-282165,-33.7,-57779,-26.4,-1248,-30.2,-24,-3.3,-1247,-3.3
"39141","5","522292","78","0","2008","A","N","Ross County, Ohio","Private","Real estate credit","County, NAICS 6-digit -- by ownership sector","All establishment sizes",2,0,0,0,0,0,0,"N",0.53,0,0,0,0,0,0,"N",-1,-33.3,0,0,0,0,0,0,0,0,0,0,0,0
"39141","5","522298","78","0","2008","A","N","Ross County, Ohio","Private","All other nondepository credit intermediation","County, NAICS 6-digit -- by ownership sector","All establishment sizes",2,0,0,0,0,0,0,"N",1.58,0,0,0,0,0,0,"N",0,0.0,0,0,0,0,0,0,0,0,0,0,0,0
"39141","5","5223","76","0","2008","A","","Ross County, Ohio","Private","Activities related to credit intermediation","County, NAICS 4-digit -- by ownership sector","All establishment sizes",6,21,560206,206386,4377,519,26998,"",1.01,0.39,0.21,0.44,0.33,0.56,0.56,"",0,0.0,2,10.5,109867,24.4,16357,8.6,-1537,-26.0,71,15.8,3705,15.9
"39141","5","52231","77","0","2008","A","N","Ross County, Ohio","Private","Mortgage and nonmortgage loan brokers","County, NAICS 5-digit -- by ownership sector","All establishment sizes",1,0,0,0,0,0,0,"N",0.29,0,0,0,0,0,0,"N",1,100.0,0,0,0,0,0,0,0,0,0,0,0,0
"39141","5","522310","78","0","2008","A","N","Ross County, Ohio","Private","Mortgage and nonmortgage loan brokers","County, NAICS 6-digit -- by ownership sector","All establishment sizes",1,0,0,0,0,0,0,"N",0.29,0,0,0,0,0,0,"N",1,100.0,0,0,0,0,0,0,0,0,0,0,0,0
"39141","5","52232","77","0","2008","A","N","Ross County, Ohio","Private","Financial transaction processing and clearing","County, NAICS 5-digit -- by ownership sector","All establishment sizes",2,0,0,0,0,0,0,"N",2.58,0,0,0,0,0,0,"N",0,0.0,0,0,0,0,0,0,0,0,0,0,0,0
"39141","5","522320","78","0","2008","A","N","Ross County, Ohio","Private","Financial transaction processing and clearing","County, NAICS 6-digit -- by ownership sector","All establishment sizes",2,0,0,0,0,0,0,"N",2.58,0,0,0,0,0,0,"N",0,0.0,0,0,0,0,0,0,0,0,0,0,0,0
"39141","5","52239","77","0","2008","A","","Ross County, Ohio","Private","Other credit intermediation activities","County, NAICS 5-digit -- by ownership sector","All establishment sizes",3,10,266478,113945,3027,530,27567,"",1.78,0.57,0.33,0.84,0.73,0.60,0.60,"N",-1,-25.0,0,0,0,0,0,0,0,0,0,0,0,0
"39141","5","522390","78","0","2008","A","","Ross County, Ohio","Private","Other credit intermediation activities","County, NAICS 6-digit -- by ownership sector","All establishment sizes",3,10,266478,113945,3027,530,27567,"",1.78,0.57,0.33,0.84,0.73,0.60,0.60,"N",-1,-25.0,0,0,0,0,0,0,0,0,0,0,0,0
"39141","5","523","75","0","2008","A","","Ross County, Ohio","Private","Securities, commodity contracts, investments","County, NAICS 3-digit -- by ownership sector","All establishment sizes",14,33,2374223,287431,2733,1384,71946,"",0.95,0.20,0.08,0.18,0.06,0.42,0.42,"",2,16.7,3,10.0,491681,26.1,76641,36.4,500,22.4,191,16.0,9884,15.9
"39141","5","5231","76","0","2008","A","N","Ross County, Ohio","Private","Securities and commodity contracts brokerage","County, NAICS 4-digit -- by ownership sector","All establishment sizes",13,0,0,0,0,0,0,"N",2.19,0,0,0,0,0,0,"N",2,18.2,0,0,0,0,0,0,0,0,0,0,0,0
"39141","5","52311","77","0","2008","A","N","Ross County, Ohio","Private","Investment banking and securities dealing","County, NAICS 5-digit -- by ownership sector","All establishment sizes",2,0,0,0,0,0,0,"N",1.09,0,0,0,0,0,0,"N",1,100.0,0,0,0,0,0,0,0,0,0,0,0,0
"39141","5","523110","78","0","2008","A","N","Ross County, Ohio","Private","Investment banking and securities dealing","County, NAICS 6-digit -- by ownership sector","All establishment sizes",2,0,0,0,0,0,0,"N",1.09,0,0,0,0,0,0,"N",1,100.0,0,0,0,0,0,0,0,0,0,0,0,0
"39141","5","52312","77","0","2008","A","","Ross County, Ohio","Private","Securities brokerage","County, NAICS 5-digit -- by ownership sector","All establishment sizes",11,30,2220438,267712,2528,1423,74015,"",3.06,0.51,0.22,0.52,0.19,0.43,0.43,"",1,10.0,2,7.1,570239,34.6,90006,50.6,669,36.0,269,23.3,14008,23.3
"39141","5","523120","78","0","2008","A","","Ross County, Ohio","Private","Securities brokerage","County, NAICS 6-digit -- by ownership sector","All establishment sizes",11,30,2220438,267712,2528,1423,74015,"",3.06,0.51,0.22,0.52,0.19,0.43,0.43,"",1,10.0,2,7.1,570239,34.6,90006,50.6,669,36.0,269,23.3,14008,23.3
"39141","5","5239","76","0","2008","A","N","Ross County, Ohio","Private","Other financial investment activities","County, NAICS 4-digit -- by ownership sector","All establishment sizes",1,0,0,0,0,0,0,"N",0.11,0,0,0,0,0,0,"N",-1,-50.0,0,0,0,0,0,0,0,0,0,0,0,0
"39141","5","52393","77","0","2008","A","N","Ross County, Ohio","Private","Investment advice","County, NAICS 5-digit -- by ownership sector","All establishment sizes",1,0,0,0,0,0,0,"N",0.21,0,0,0,0,0,0,"N",-1,-50.0,0,0,0,0,0,0,0,0,0,0,0,0
"39141","5","523930","78","0","2008","A","N","Ross County, Ohio","Private","Investment advice","County, NAICS 6-digit -- by ownership sector","All establishment sizes",1,0,0,0,0,0,0,"N",0.21,0,0,0,0,0,0,"N",-1,-50.0,0,0,0,0,0,0,0,0,0,0,0,0
"39141","5","524","75","0","2008","A","","Ross County, Ohio","Private","Insurance carriers and related activities","County, NAICS 3-digit -- by ownership sector","All establishment sizes",31,119,3846655,1129539,20516,622,32325,"",1.05,0.28,0.16,0.32,0.24,0.57,0.57,"",1,3.3,-8,-6.3,-197608,-4.9,-89747,-7.4,1296,6.7,11,1.8,543,1.7
"39141","5","5241","76","0","2008","A","N","Ross County, Ohio","Private","Insurance carriers","County, NAICS 4-digit -- by ownership sector","All establishment sizes",4,0,0,0,0,0,0,"N",0.68,0,0,0,0,0,0,"N",0,0.0,0,0,0,0,0,0,0,0,0,0,0,0
"39141","5","52411","77","0","2008","A","N","Ross County, Ohio","Private","Direct life and health insurance carriers","County, NAICS 5-digit -- by ownership sector","All establishment sizes",1,0,0,0,0,0,0,"N",0.56,0,0,0,0,0,0,"N",0,0.0,0,0,0,0,0,0,0,0,0,0,0,0
"39141","5","524113","78","0","2008","A","N","Ross County, Ohio","Private","Direct life insurance carriers","County, NAICS 6-digit -- by ownership sector","All establishment sizes",1,0,0,0,0,0,0,"N",0.87,0,0,0,0,0,0,"N",0,0.0,0,0,0,0,0,0,0,0,0,0,0,0
"39141","5","52412","77","0","2008","A","N","Ross County, Ohio","Private","Direct insurers, except life and health","County, NAICS 5-digit -- by ownership sector","All establishment sizes",3,0,0,0,0,0,0,"N",0.75,0,0,0,0,0,0,"N",0,0.0,0,0,0,0,0,0,0,0,0,0,0,0
"39141","5","524126","78","0","2008","A","N","Ross County, Ohio","Private","Direct property and casualty insurers","County, NAICS 6-digit -- by ownership sector","All establishment sizes",3,0,0,0,0,0,0,"N",1.11,0,0,0,0,0,0,"N",0,0.0,0,0,0,0,0,0,0,0,0,0,0,0
"39141","5","5242","76","0","2008","A","N","Ross County, Ohio","Private","Insurance agencies and brokerages","County, NAICS 4-digit -- by ownership sector","All establishment sizes",27,0,0,0,0,0,0,"N",1.15,0,0,0,0,0,0,"N",1,3.8,0,0,0,0,0,0,0,0,0,0,0,0
"39141","5","52421","77","0","2008","A","N","Ross County, Ohio","Private","Insurance agencies and brokerages","County, NAICS 5-digit -- by ownership sector","All establishment sizes",27,0,0,0,0,0,0,"N",1.31,0,0,0,0,0,0,"N",1,3.8,0,0,0,0,0,0,0,0,0,0,0,0
"39141","5","524210","78","0","2008","A","N","Ross County, Ohio","Private","Insurance agencies and brokerages","County, NAICS 6-digit -- by ownership sector","All establishment sizes",27,0,0,0,0,0,0,"N",1.31,0,0,0,0,0,0,"N",1,3.8,0,0,0,0,0,0,0,0,0,0,0,0
"39141","5","53","74","0","2008","A","","Ross County, Ohio","Private","Real estate and rental and leasing","County, NAICS Sector -- by ownership sector","All establishment sizes",56,152,3483781,1335850,25127,440,22857,"",0.95,0.37,0.24,0.42,0.29,0.64,0.64,"",-2,-3.4,-18,-10.6,-450630,-11.5,-283435,-17.5,-6342,-20.2,-6,-1.3,-343,-1.5
"39141","5","531","75","0","2008","A","","Ross County, Ohio","Private","Real estate","County, NAICS 3-digit -- by ownership sector","All establishment sizes",45,85,2049317,757442,13556,463,24086,"",0.92,0.30,0.19,0.34,0.22,0.65,0.65,"",-2,-4.3,-6,-6.6,-214978,-9.5,-157247,-17.2,-3241,-19.3,-16,-3.3,-842,-3.4
"39141","5","5311","76","0","2008","A","","Ross County, Ohio","Private","Lessors of real estate","County, NAICS 4-digit -- by ownership sector","All establishment sizes",17,40,910385,349041,7499,437,22712,"",1.00,0.34,0.24,0.41,0.32,0.69,0.69,"",-1,-5.6,0,0.0,-33957,-3.6,-28673,-7.6,-393,-5.0,-21,-4.6,-1095,-4.6
"39141","5","53111","77","0","2008","A","","Ross County, Ohio","Private","Lessors of residential buildings","County, NAICS 5-digit -- by ownership sector","All establishment sizes",10,23,558634,197693,4549,472,24555,"",1.02,0.32,0.28,0.38,0.31,0.87,0.87,"",0,0.0,0,0.0,-26443,-4.5,6421,3.4,341,8.1,-23,-4.6,-1163,-4.5
"39141","5","531110","78","0","2008","A","","Ross County, Ohio","Private","Lessors of residential buildings","County, NAICS 6-digit -- by ownership sector","All establishment sizes",10,23,558634,197693,4549,472,24555,"",1.02,0.32,0.28,0.38,0.31,0.87,0.87,"",0,0.0,0,0.0,-26443,-4.5,6421,3.4,341,8.1,-23,-4.6,-1163,-4.5
"39141","5","53112","77","0","2008","A","","Ross County, Ohio","Private","Lessors of nonresidential buildings","County, NAICS 5-digit -- by ownership sector","All establishment sizes",4,10,236876,81976,497,467,24295,"",1.06,0.35,0.17,0.37,0.09,0.49,0.50,"",-1,-20.0,1,11.1,-17284,-6.8,-31678,-27.9,-1365,-73.3,-61,-11.6,-3182,-11.6
"39141","5","531120","78","0","2008","A","","Ross County, Ohio","Private","Lessors of nonresidential buildings","County, NAICS 6-digit -- by ownership sector","All establishment sizes",4,10,236876,81976,497,467,24295,"",1.06,0.35,0.17,0.37,0.09,0.49,0.50,"",-1,-20.0,1,11.1,-17284,-6.8,-31678,-27.9,-1365,-73.3,-61,-11.6,-3182,-11.6
"39141","5","53119","77","0","2008","A","","Ross County, Ohio","Private","Lessors of other real estate property","County, NAICS 5-digit -- by ownership sector","All establishment sizes",3,8,114875,69372,2453,291,15148,"",1.85,1.02,0.56,1.33,1.76,0.57,0.58,"",0,0.0,0,0.0,9770,9.3,-3416,-4.7,631,34.6,27,10.2,1439,10.5
"39141","5","531190","78","0","2008","A","","Ross County, Ohio","Private","Lessors of other real estate property","County, NAICS 6-digit -- by ownership sector","All establishment sizes",3,8,114875,69372,2453,291,15148,"",1.85,1.02,0.56,1.33,1.76,0.57,0.58,"",0,0.0,0,0.0,9770,9.3,-3416,-4.7,631,34.6,27,10.2,1439,10.5
"39141","5","5312","76","0","2008","A","","Ross County, Ohio","Private","Offices of real estate agents and brokers","County, NAICS 4-digit -- by ownership sector","All establishment sizes",12,16,374412,161676,1129,457,23772,"",0.66,0.25,0.13,0.30,0.08,0.54,0.54,"",-1,-7.7,-6,-27.3,-150026,-28.6,-103228,-39.0,-1011,-47.2,-1,-0.2,-66,-0.3
"39141","5","53121","77","0","2008","A","","Ross County, Ohio","Private","Offices of real estate agents and brokers","County, NAICS 5-digit -- by ownership sector","All establishment sizes",12,16,374412,161676,1129,457,23772,"",0.66,0.25,0.13,0.30,0.08,0.54,0.54,"",-1,-7.7,-6,-27.3,-150026,-28.6,-103228,-39.0,-1011,-47.2,-1,-0.2,-66,-0.3
"39141","5","531210","78","0","2008","A","","Ross County, Ohio","Private","Offices of real estate agents and brokers","County, NAICS 6-digit -- by ownership sector","All establishment sizes",12,16,374412,161676,1129,457,23772,"",0.66,0.25,0.13,0.30,0.08,0.54,0.54,"",-1,-7.7,-6,-27.3,-150026,-28.6,-103228,-39.0,-1011,-47.2,-1,-0.2,-66,-0.3
"39141","5","5313","76","0","2008","A","","Ross County, Ohio","Private","Activities related to real estate","County, NAICS 4-digit -- by ownership sector","All establishment sizes",16,29,764520,246725,4928,503,26137,"",1.19,0.28,0.19,0.30,0.20,0.69,0.69,"",0,0.0,0,0.0,-30995,-3.9,-25346,-9.3,-1837,-27.2,-22,-4.2,-1138,-4.2
"39141","5","53131","77","0","2008","A","","Ross County, Ohio","Private","Real estate property managers","County, NAICS 5-digit -- by ownership sector","All establishment sizes",10,19,545677,160403,3387,545,28347,"",1.07,0.21,0.17,0.23,0.16,0.78,0.78,"",0,0.0,1,5.6,44925,9.0,-2271,-1.4,-1638,-32.6,10,1.9,527,1.9
"39141","5","531311","78","0","2008","A","N","Ross County, Ohio","Private","Residential property managers","County, NAICS 6-digit -- by ownership sector","All establishment sizes",8,0,0,0,0,0,0,"N",1.21,0,0,0,0,0,0,"N",0,0.0,0,0,0,0,0,0,0,0,0,0,0,0
"39141","5","531312","78","0","2008","A","N","Ross County, Ohio","Private","nonresidential property managers","County, NAICS 6-digit -- by ownership sector","All establishment sizes",2,0,0,0,0,0,0,"N",0.73,0,0,0,0,0,0,"N",0,0.0,0,0,0,0,0,0,0,0,0,0,0,0
"39141","5","53132","77","0","2008","A","N","Ross County, Ohio","Private","Offices of real estate appraisers","County, NAICS 5-digit -- by ownership sector","All establishment sizes",5,0,0,0,0,0,0,"N",2.01,0,0,0,0,0,0,"N",0,0.0,0,0,0,0,0,0,0,0,0,0,0,0
"39141","5","531320","78","0","2008","A","N","Ross County, Ohio","Private","Offices of real estate appraisers","County, NAICS 6-digit -- by ownership sector","All establishment sizes",5,0,0,0,0,0,0,"N",2.01,0,0,0,0,0,0,"N",0,0.0,0,0,0,0,0,0,0,0,0,0,0,0
"39141","5","53139","77","0","2008","A","N","Ross County, Ohio","Private","Other activities related to real estate","County, NAICS 5-digit -- by ownership sector","All establishment sizes",1,0,0,0,0,0,0,"N",0.62,0,0,0,0,0,0,"N",0,0.0,0,0,0,0,0,0,0,0,0,0,0,0
"39141","5","531390","78","0","2008","A","N","Ross County, Ohio","Private","Other activities related to real estate","County, NAICS 6-digit -- by ownership sector","All establishment sizes",1,0,0,0,0,0,0,"N",0.62,0,0,0,0,0,0,"N",0,0.0,0,0,0,0,0,0,0,0,0,0,0,0
"39141","5","532","75","0","2008","A","","Ross County, Ohio","Private","Rental and leasing services","County, NAICS 3-digit -- by ownership sector","All establishment sizes",11,67,1434464,578408,11571,410,21304,"",1.11,0.56,0.38,0.64,0.49,0.68,0.68,"",0,0.0,-12,-15.2,-235652,-14.1,-126188,-17.9,-3101,-21.1,2,0.5,96,0.5
"39141","5","5321","76","0","2008","A","N","Ross County, Ohio","Private","Automotive equipment rental and leasing","County, NAICS 4-digit -- by ownership sector","All establishment sizes",2,0,0,0,0,0,0,"N",0.85,0,0,0,0,0,0,"N",0,0.0,0,0,0,0,0,0,0,0,0,0,0,0
"39141","5","53211","77","0","2008","A","N","Ross County, Ohio","Private","Passenger car rental and leasing","County, NAICS 5-digit -- by ownership sector","All establishment sizes",1,0,0,0,0,0,0,"N",0.70,0,0,0,0,0,0,"N",0,0.0,0,0,0,0,0,0,0,0,0,0,0,0
"39141","5","532111","78","0","2008","A","N","Ross County, Ohio","Private","Passenger car rental","County, NAICS 6-digit -- by ownership sector","All establishment sizes",1,0,0,0,0,0,0,"N",0.77,0,0,0,0,0,0,"N",0,0.0,0,0,0,0,0,0,0,0,0,0,0,0
"39141","5","53212","77","0","2008","A","N","Ross County, Ohio","Private","Truck, trailer, and rv rental and leasing","County, NAICS 5-digit -- by ownership sector","All establishment sizes",1,0,0,0,0,0,0,"N",1.11,0,0,0,0,0,0,"N",0,0.0,0,0,0,0,0,0,0,0,0,0,0,0
"39141","5","532120","78","0","2008","A","N","Ross County, Ohio","Private","Truck, trailer, and rv rental and leasing","County, NAICS 6-digit -- by ownership sector","All establishment sizes",1,0,0,0,0,0,0,"N",1.11,0,0,0,0,0,0,"N",0,0.0,0,0,0,0,0,0,0,0,0,0,0,0
"39141","5","5322","76","0","2008","A","","Ross County, Ohio","Private","Consumer goods rental","County, NAICS 4-digit -- by ownership sector","All establishment sizes",8,55,1066264,458297,10228,375,19505,"",1.69,1.17,1.05,1.46,1.16,0.90,0.90,"",0,0.0,-5,-8.3,-82919,-7.2,-44041,-8.8,-1352,-11.7,7,1.9,379,2.0
"39141","5","53221","77","0","2008","A","N","Ross County, Ohio","Private","Consumer electronics and appliances rental","County, NAICS 5-digit -- by ownership sector","All establishment sizes",2,0,0,0,0,0,0,"N",3.43,0,0,0,0,0,0,"N",0,0.0,0,0,0,0,0,0,0,0,0,0,0,0
"39141","5","532210","78","0","2008","A","N","Ross County, Ohio","Private","Consumer electronics and appliances rental","County, NAICS 6-digit -- by ownership sector","All establishment sizes",2,0,0,0,0,0,0,"N",3.43,0,0,0,0,0,0,"N",0,0.0,0,0,0,0,0,0,0,0,0,0,0,0
"39141","5","53223","77","0","2008","A","","Ross County, Ohio","Private","Video tape and disc rental","County, NAICS 5-digit -- by ownership sector","All establishment sizes",3,31,357778,211029,2426,220,11418,"",1.38,1.56,1.50,2.01,1.12,0.96,0.96,"",0,0.0,0,0.0,-11995,-3.2,-20981,-9.0,-652,-21.2,-8,-3.5,-446,-3.8
"39141","5","532230","78","0","2008","A","","Ross County, Ohio","Private","Video tape and disc rental","County, NAICS 6-digit -- by ownership sector","All establishment sizes",3,31,357778,211029,2426,220,11418,"",1.38,1.56,1.50,2.01,1.12,0.96,0.96,"",0,0.0,0,0.0,-11995,-3.2,-20981,-9.0,-652,-21.2,-8,-3.5,-446,-3.8
"39141","5","53229","77","0","2008","A","N","Ross County, Ohio","Private","Other consumer goods rental","County, NAICS 5-digit -- by ownership sector","All establishment sizes",3,0,0,0,0,0,0,"N",1.79,0,0,0,0,0,0,"N",0,0.0,0,0,0,0,0,0,0,0,0,0,0,0
"39141","5","532291","78","0","2008","A","N","Ross County, Ohio","Private","Home health equipment rental","County, NAICS 6-digit -- by ownership sector","All establishment sizes",2,0,0,0,0,0,0,"N",3.75,0,0,0,0,0,0,"N",0,0.0,0,0,0,0,0,0,0,0,0,0,0,0
"39141","5","532299","78","0","2008","A","N","Ross County, Ohio","Private","All other consumer goods rental","County, NAICS 6-digit -- by ownership sector","All establishment sizes",1,0,0,0,0,0,0,"N",1.18,0,0,0,0,0,0,"N",0,0.0,0,0,0,0,0,0,0,0,0,0,0,0
"39141","5","5323","76","0","2008","A","N","Ross County, Ohio","Private","General rental centers","County, NAICS 4-digit -- by ownership sector","All establishment sizes",1,0,0,0,0,0,0,"N",1.21,0,0,0,0,0,0,"N",-1,-50.0,0,0,0,0,0,0,0,0,0,0,0,0
"39141","5","53231","77","0","2008","A","N","Ross County, Ohio","Private","General rental centers","County, NAICS 5-digit -- by ownership sector","All establishment sizes",1,0,0,0,0,0,0,"N",1.21,0,0,0,0,0,0,"N",-1,-50.0,0,0,0,0,0,0,0,0,0,0,0,0
"39141","5","532310","78","0","2008","A","N","Ross County, Ohio","Private","General rental centers","County, NAICS 6-digit -- by ownership sector","All establishment sizes",1,0,0,0,0,0,0,"N",1.21,0,0,0,0,0,0,"N",-1,-50.0,0,0,0,0,0,0,0,0,0,0,0,0
"39141","5","54","74","0","2008","A","","Ross County, Ohio","Private","Professional and technical services","County, NAICS Sector -- by ownership sector","All establishment sizes",83,390,13102267,3576868,80912,647,33639,"",0.52,0.26,0.14,0.28,0.22,0.54,0.54,"",-4,-4.6,12,3.2,1606617,14.0,-26534,-0.7,-6953,-7.9,62,10.6,3227,10.6
"39141","5","541","75","0","2008","A","","Ross County, Ohio","Private","Professional and technical services","County, NAICS 3-digit -- by ownership sector","All establishment sizes",83,390,13102267,3576868,80912,647,33639,"",0.52,0.26,0.14,0.28,0.22,0.54,0.54,"",-4,-4.6,12,3.2,1606617,14.0,-26534,-0.7,-6953,-7.9,62,10.6,3227,10.6
"39141","5","5411","76","0","2008","A","","Ross County, Ohio","Private","Legal services","County, NAICS 4-digit -- by ownership sector","All establishment sizes",28,82,2350384,704999,7823,553,28751,"",0.94,0.36,0.16,0.38,0.18,0.43,0.43,"",-3,-9.7,-8,-8.9,929,0.0,-92642,-11.6,-2140,-21.5,52,10.4,2718,10.4
"39141","5","54111","77","0","2008","A","","Ross County, Ohio","Private","Offices of lawyers","County, NAICS 5-digit -- by ownership sector","All establishment sizes",24,69,2015528,574479,5875,560,29105,"",0.87,0.33,0.14,0.33,0.15,0.43,0.43,"",-2,-7.7,-7,-9.2,25766,1.3,-86172,-13.0,-1959,-25.0,55,10.9,2866,10.9
"39141","5","541110","78","0","2008","A","","Ross County, Ohio","Private","Offices of lawyers","County, NAICS 6-digit -- by ownership sector","All establishment sizes",24,69,2015528,574479,5875,560,29105,"",0.87,0.33,0.14,0.33,0.15,0.43,0.43,"",-2,-7.7,-7,-9.2,25766,1.3,-86172,-13.0,-1959,-25.0,55,10.9,2866,10.9
"39141","5","54119","77","0","2008","A","","Ross County, Ohio","Private","Other legal services","County, NAICS 5-digit -- by ownership sector","All establishment sizes",4,13,334856,130520,1948,515,26788,"",1.74,0.88,0.57,1.04,0.52,0.67,0.67,"",-1,-20.0,-1,-7.1,-24837,-6.9,-6470,-4.7,-181,-8.5,35,7.3,1838,7.4
"39141","5","541191","78","0","2008","A","N","Ross County, Ohio","Private","Title abstract and settlement offices","County, NAICS 6-digit -- by ownership sector","All establishment sizes",3,0,0,0,0,0,0,"N",1.69,0,0,0,0,0,0,"N",-1,-25.0,0,0,0,0,0,0,0,0,0,0,0,0
"39141","5","541199","78","0","2008","A","N","Ross County, Ohio","Private","All other legal services","County, NAICS 6-digit -- by ownership sector","All establishment sizes",1,0,0,0,0,0,0,"N",1.89,0,0,0,0,0,0,"N",0,0.0,0,0,0,0,0,0,0,0,0,0,0,0
"39141","5","5412","76","0","2008","A","","Ross County, Ohio","Private","Accounting and bookkeeping services","County, NAICS 4-digit -- by ownership sector","All establishment sizes",19,106,4144143,953604,24888,753,39157,"",0.93,0.58,0.48,0.63,0.59,0.84,0.84,"",1,5.6,3,2.9,598309,16.9,-40704,-4.1,-1330,-5.1,94,14.3,4870,14.2
"39141","5","54121","77","0","2008","A","","Ross County, Ohio","Private","Accounting and bookkeeping services","County, NAICS 5-digit -- by ownership sector","All establishment sizes",19,106,4144143,953604,24888,753,39157,"",0.93,0.58,0.48,0.63,0.59,0.84,0.84,"",1,5.6,3,2.9,598309,16.9,-40704,-4.1,-1330,-5.1,94,14.3,4870,14.2
"39141","5","541211","78","0","2008","A","","Ross County, Ohio","Private","Offices of certified public accountants","County, NAICS 6-digit -- by ownership sector","All establishment sizes",5,58,1720138,527080,7058,571,29700,"",0.57,0.70,0.35,0.75,0.50,0.50,0.50,"",-1,-16.7,2,3.6,95987,5.9,-6244,-1.2,392,5.9,9,1.6,480,1.6
"39141","5","541213","78","0","2008","A","","Ross County, Ohio","Private","Tax preparation services","County, NAICS 6-digit -- by ownership sector","All establishment sizes",7,28,389832,235836,14407,273,14176,"",1.82,1.29,0.97,1.57,1.73,0.77,0.77,"",0,0.0,1,3.7,-21217,-5.2,-37811,-13.8,-3220,-18.3,-24,-8.1,-1287,-8.3
"39141","5","541219","78","0","2008","A","","Ross County, Ohio","Private","Other accounting services","County, NAICS 6-digit -- by ownership sector","All establishment sizes",7,20,2034173,190688,3423,1916,99633,"",1.06,0.43,1.10,0.52,0.38,2.51,2.52,"",1,16.7,-1,-4.8,523539,34.7,3351,1.8,1498,77.8,549,40.2,28544,40.2
"39141","5","5413","76","0","2008","A","","Ross County, Ohio","Private","Architectural and engineering services","County, NAICS 4-digit -- by ownership sector","All establishment sizes",8,61,2256731,650824,26297,714,37148,"",0.39,0.22,0.13,0.27,0.38,0.60,0.61,"",-3,-27.3,7,13.0,496676,28.2,61541,10.4,1091,4.3,88,14.1,4605,14.2
"39141","5","54133","77","0","2008","A","N","Ross County, Ohio","Private","Engineering services","County, NAICS 5-digit -- by ownership sector","All establishment sizes",4,0,0,0,0,0,0,"N",0.37,0,0,0,0,0,0,"N",-1,-20.0,0,0,0,0,0,0,0,0,0,0,0,0
"39141","5","541330","78","0","2008","A","N","Ross County, Ohio","Private","Engineering services","County, NAICS 6-digit -- by ownership sector","All establishment sizes",4,0,0,0,0,0,0,"N",0.37,0,0,0,0,0,0,"N",-1,-20.0,0,0,0,0,0,0,0,0,0,0,0,0
"39141","5","54134","77","0","2008","A","N","Ross County, Ohio","Private","Drafting services","County, NAICS 5-digit -- by ownership sector","All establishment sizes",1,0,0,0,0,0,0,"N",1.93,0,0,0,0,0,0,"N",-1,-50.0,0,0,0,0,0,0,0,0,0,0,0,0
"39141","5","541340","78","0","2008","A","N","Ross County, Ohio","Private","Drafting services","County, NAICS 6-digit -- by ownership sector","All establishment sizes",1,0,0,0,0,0,0,"N",1.93,0,0,0,0,0,0,"N",-1,-50.0,0,0,0,0,0,0,0,0,0,0,0,0
"39141","5","54137","77","0","2008","A","N","Ross County, Ohio","Private","Other surveying and mapping services","County, NAICS 5-digit -- by ownership sector","All establishment sizes",3,0,0,0,0,0,0,"N",2.03,0,0,0,0,0,0,"N",0,0.0,0,0,0,0,0,0,0,0,0,0,0,0
"39141","5","541370","78","0","2008","A","N","Ross County, Ohio","Private","Other surveying and mapping services","County, NAICS 6-digit -- by ownership sector","All establishment sizes",3,0,0,0,0,0,0,"N",2.03,0,0,0,0,0,0,"N",0,0.0,0,0,0,0,0,0,0,0,0,0,0,0
"39141","5","5414","76","0","2008","A","N","Ross County, Ohio","Private","Specialized design services","County, NAICS 4-digit -- by ownership sector","All establishment sizes",1,0,0,0,0,0,0,"N",0.17,0,0,0,0,0,0,"N",1,100.0,0,0,0,0,0,0,0,0,0,0,0,0
"39141","5","54143","77","0","2008","A","N","Ross County, Ohio","Private","Graphic design services","County, NAICS 5-digit -- by ownership sector","All establishment sizes",1,0,0,0,0,0,0,"N",0.36,0,0,0,0,0,0,"N",1,100.0,0,0,0,0,0,0,0,0,0,0,0,0
"39141","5","541430","78","0","2008","A","N","Ross County, Ohio","Private","Graphic design services","County, NAICS 6-digit -- by ownership sector","All establishment sizes",1,0,0,0,0,0,0,"N",0.36,0,0,0,0,0,0,"N",1,100.0,0,0,0,0,0,0,0,0,0,0,0,0
"39141","5","5415","76","0","2008","A","","Ross County, Ohio","Private","Computer systems design and related services","County, NAICS 4-digit -- by ownership sector","All establishment sizes",5,17,818513,162619,2413,926,48148,"",0.18,0.06,0.04,0.06,0.03,0.65,0.65,"",0,0.0,2,13.3,167196,25.7,16132,11.0,-2532,-51.2,77,9.1,3991,9.0
"39141","5","54151","77","0","2008","A","","Ross County, Ohio","Private","Computer systems design and related services","County, NAICS 5-digit -- by ownership sector","All establishment sizes",5,17,818513,162619,2413,926,48148,"",0.18,0.06,0.04,0.06,0.03,0.65,0.65,"",0,0.0,2,13.3,167196,25.7,16132,11.0,-2532,-51.2,77,9.1,3991,9.0
"39141","5","541511","78","0","2008","A","N","Ross County, Ohio","Private","Custom computer programming services","County, NAICS 6-digit -- by ownership sector","All establishment sizes",2,0,0,0,0,0,0,"N",0.16,0,0,0,0,0,0,"N",0,0.0,0,0,0,0,0,0,0,0,0,0,0,0
"39141","5","541512","78","0","2008","A","N","Ross County, Ohio","Private","Computer systems design services","County, NAICS 6-digit -- by ownership sector","All establishment sizes",2,0,0,0,0,0,0,"N",0.15,0,0,0,0,0,0,"N",0,0.0,0,0,0,0,0,0,0,0,0,0,0,0
"39141","5","541513","78","0","2008","A","N","Ross County, Ohio","Private","Computer facilities management services","County, NAICS 6-digit -- by ownership sector","All establishment sizes",1,0,0,0,0,0,0,"N",2.59,0,0,0,0,0,0,"N",0,0.0,0,0,0,0,0,0,0,0,0,0,0,0
"39141","5","5416","76","0","2008","A","","Ross County, Ohio","Private","Management and technical consulting services","County, NAICS 4-digit -- by ownership sector","All establishment sizes",8,24,980675,275354,8298,775,40302,"",0.26,0.12,0.07,0.16,0.16,0.60,0.60,"",0,0.0,3,14.3,311164,46.5,8157,3.1,-1819,-18.0,159,25.8,8294,25.9
"39141","5","54161","77","0","2008","A","N","Ross County, Ohio","Private","Management consulting services","County, NAICS 5-digit -- by ownership sector","All establishment sizes",6,0,0,0,0,0,0,"N",0.26,0,0,0,0,0,0,"N",-1,-14.3,0,0,0,0,0,0,0,0,0,0,0,0
"39141","5","541611","78","0","2008","A","","Ross County, Ohio","Private","Administrative management consulting services","County, NAICS 6-digit -- by ownership sector","All establishment sizes",4,13,537169,181379,4376,790,41058,"",0.33,0.18,0.09,0.29,0.25,0.53,0.53,"",0,0.0,0,0.0,65932,14.0,5978,3.4,-1777,-28.9,79,11.1,4098,11.1
"39141","5","541613","78","0","2008","A","N","Ross County, Ohio","Private","Marketing consulting services","County, NAICS 6-digit -- by ownership sector","All establishment sizes",1,0,0,0,0,0,0,"N",0.21,0,0,0,0,0,0,"N",0,0.0,0,0,0,0,0,0,0,0,0,0,0,0
"39141","5","541614","78","0","2008","A","N","Ross County, Ohio","Private","Process and logistics consulting services","County, NAICS 6-digit -- by ownership sector","All establishment sizes",1,0,0,0,0,0,0,"N",0.54,0,0,0,0,0,0,"N",-1,-50.0,0,0,0,0,0,0,0,0,0,0,0,0
"39141","5","54169","77","0","2008","A","N","Ross County, Ohio","Private","Other technical consulting services","County, NAICS 5-digit -- by ownership sector","All establishment sizes",2,0,0,0,0,0,0,"N",0.34,0,0,0,0,0,0,"N",1,100.0,0,0,0,0,0,0,0,0,0,0,0,0
"39141","5","541690","78","0","2008","A","N","Ross County, Ohio","Private","Other technical consulting services","County, NAICS 6-digit -- by ownership sector","All establishment sizes",2,0,0,0,0,0,0,"N",0.34,0,0,0,0,0,0,"N",1,100.0,0,0,0,0,0,0,0,0,0,0,0,0
"39141","5","5417","76","0","2008","A","N","Ross County, Ohio","Private","Scientific research and development services","County, NAICS 4-digit -- by ownership sector","All establishment sizes",2,0,0,0,0,0,0,"N",0.58,0,0,0,0,0,0,"N",0,0.0,0,0,0,0,0,0,0,0,0,0,0,0
"39141","5","54171","77","0","2008","A","N","Ross County, Ohio","Private","Physical, engineering and biological research","County, NAICS 5-digit -- by ownership sector","All establishment sizes",1,0,0,0,0,0,0,"N",0.36,0,0,0,0,0,0,"N",0,0.0,0,0,0,0,0,0,0,0,0,0,0,0
"39141","5","541712","78","0","2008","A","N","Ross County, Ohio","Private","Other physical and biological research","County, NAICS 6-digit -- by ownership sector","All establishment sizes",1,0,0,0,0,0,0,"N",0.51,0,0,0,0,0,0,"N",0,0.0,0,0,0,0,0,0,0,0,0,0,0,0
"39141","5","54172","77","0","2008","A","N","Ross County, Ohio","Private","Social science and humanities research","County, NAICS 5-digit -- by ownership sector","All establishment sizes",1,0,0,0,0,0,0,"N",1.59,0,0,0,0,0,0,"N",0,0.0,0,0,0,0,0,0,0,0,0,0,0,0
"39141","5","541720","78","0","2008","A","N","Ross County, Ohio","Private","Social science and humanities research","County, NAICS 6-digit -- by ownership sector","All establishment sizes",1,0,0,0,0,0,0,"N",1.59,0,0,0,0,0,0,"N",0,0.0,0,0,0,0,0,0,0,0,0,0,0,0
"39141","5","5418","76","0","2008","A","N","Ross County, Ohio","Private","Advertising, pr, and related services","County, NAICS 4-digit -- by ownership sector","All establishment sizes",1,0,0,0,0,0,0,"N",0.13,0,0,0,0,0,0,"N",0,0.0,0,0,0,0,0,0,0,0,0,0,0,0
"39141","5","54181","77","0","2008","A","N","Ross County, Ohio","Private","Advertising agencies","County, NAICS 5-digit -- by ownership sector","All establishment sizes",1,0,0,0,0,0,0,"N",0.33,0,0,0,0,0,0,"N",0,0.0,0,0,0,0,0,0,0,0,0,0,0,0
"39141","5","541810","78","0","2008","A","N","Ross County, Ohio","Private","Advertising agencies","County, NAICS 6-digit -- by ownership sector","All establishment sizes",1,0,0,0,0,0,0,"N",0.33,0,0,0,0,0,0,"N",0,0.0,0,0,0,0,0,0,0,0,0,0,0,0
"39141","5","5419","76","0","2008","A","","Ross County, Ohio","Private","Other professional and technical services","County, NAICS 4-digit -- by ownership sector","All establishment sizes",12,89,2155534,745448,10159,466,24219,"",1.06,0.78,0.59,0.88,0.50,0.76,0.76,"",0,0.0,3,3.5,109156,5.3,35145,4.9,811,8.7,7,1.5,331,1.4
"39141","5","54192","77","0","2008","A","","Ross County, Ohio","Private","Photographic services","County, NAICS 5-digit -- by ownership sector","All establishment sizes",4,13,159058,94206,2544,235,12235,"",1.41,0.82,0.49,0.86,0.65,0.59,0.59,"",0,0.0,1,8.3,-5138,-3.1,-3185,-3.3,318,14.3,-30,-11.3,-1544,-11.2
"39141","5","541921","78","0","2008","A","","Ross County, Ohio","Private","Photography studios, portrait","County, NAICS 6-digit -- by ownership sector","All establishment sizes",4,13,159058,94206,2544,235,12235,"",1.78,0.94,0.65,1.01,0.73,0.69,0.69,"",0,0.0,1,8.3,-5138,-3.1,-3185,-3.3,318,14.3,-30,-11.3,-1544,-11.2
"39141","5","54194","77","0","2008","A","","Ross County, Ohio","Private","Veterinary services","County, NAICS 5-digit -- by ownership sector","All establishment sizes",8,76,1996476,651242,7615,505,26269,"",1.82,1.31,1.33,1.57,1.16,1.02,1.02,"",0,0.0,2,2.7,114294,6.1,38330,6.3,493,6.9,14,2.9,748,2.9
"39141","5","541940","78","0","2008","A","","Ross County, Ohio","Private","Veterinary services","County, NAICS 6-digit -- by ownership sector","All establishment sizes",8,76,1996476,651242,7615,505,26269,"",1.82,1.31,1.33,1.57,1.16,1.02,1.02,"",0,0.0,2,2.7,114294,6.1,38330,6.3,493,6.9,14,2.9,748,2.9
"39141","5","55","74","0","2008","A","","Ross County, Ohio","Private","Management of companies and enterprises","County, NAICS Sector -- by ownership sector","All establishment sizes",6,266,11839073,3574243,67719,857,44578,"",0.74,0.72,0.41,0.88,0.65,0.56,0.56,"",0,0.0,28,11.8,617911,5.5,313745,9.6,-419,-0.6,-48,-5.3,-2487,-5.3
"39141","5","551","75","0","2008","A","","Ross County, Ohio","Private","Management of companies and enterprises","County, NAICS 3-digit -- by ownership sector","All establishment sizes",6,266,11839073,3574243,67719,857,44578,"",0.74,0.72,0.41,0.88,0.65,0.56,0.56,"",0,0.0,28,11.8,617911,5.5,313745,9.6,-419,-0.6,-48,-5.3,-2487,-5.3
"39141","5","5511","76","0","2008","A","","Ross County, Ohio","Private","Management of companies and enterprises","County, NAICS 4-digit -- by ownership sector","All establishment sizes",6,266,11839073,3574243,67719,857,44578,"",0.74,0.72,0.41,0.88,0.65,0.56,0.56,"",0,0.0,28,11.8,617911,5.5,313745,9.6,-419,-0.6,-48,-5.3,-2487,-5.3
"39141","5","55111","77","0","2008","A","","Ross County, Ohio","Private","Management of companies and enterprises","County, NAICS 5-digit -- by ownership sector","All establishment sizes",6,266,11839073,3574243,67719,857,44578,"",0.74,0.72,0.41,0.88,0.65,0.56,0.56,"",0,0.0,28,11.8,617911,5.5,313745,9.6,-419,-0.6,-48,-5.3,-2487,-5.3
"39141","5","551114","78","0","2008","A","","Ross County, Ohio","Private","Managing offices","County, NAICS 6-digit -- by ownership sector","All establishment sizes",6,266,11839073,3574243,67719,857,44578,"",0.94,0.76,0.44,0.91,0.67,0.58,0.58,"N",1,20.0,0,0,0,0,0,0,0,0,0,0,0,0
"39141","5","56","74","0","2008","A","","Ross County, Ohio","Private","Administrative and waste services","County, NAICS Sector -- by ownership sector","All establishment sizes",67,970,22500182,11869917,345432,446,23194,"",0.90,0.62,0.54,0.93,0.83,0.87,0.87,"",-1,-1.5,-187,-16.2,-2080572,-8.5,-1812007,-13.2,-110433,-24.2,37,9.0,1943,9.1
"39141","5","561","75","0","2008","A","","Ross County, Ohio","Private","Administrative and support services","County, NAICS 3-digit -- by ownership sector","All establishment sizes",61,879,19331688,10873744,316238,423,21993,"",0.87,0.59,0.50,0.90,0.80,0.85,0.85,"",-1,-1.6,-180,-17.0,-1807603,-8.6,-1775325,-14.0,-104028,-24.8,39,10.2,2024,10.1
"39141","5","5611","76","0","2008","A","N","Ross County, Ohio","Private","Office administrative services","County, NAICS 4-digit -- by ownership sector","All establishment sizes",5,0,0,0,0,0,0,"N",0.75,0,0,0,0,0,0,"N",-1,-16.7,0,0,0,0,0,0,0,0,0,0,0,0
"39141","5","56111","77","0","2008","A","N","Ross County, Ohio","Private","Office administrative services","County, NAICS 5-digit -- by ownership sector","All establishment sizes",5,0,0,0,0,0,0,"N",0.75,0,0,0,0,0,0,"N",-1,-16.7,0,0,0,0,0,0,0,0,0,0,0,0
"39141","5","561110","78","0","2008","A","N","Ross County, Ohio","Private","Office administrative services","County, NAICS 6-digit -- by ownership sector","All establishment sizes",5,0,0,0,0,0,0,"N",0.75,0,0,0,0,0,0,"N",-1,-16.7,0,0,0,0,0,0,0,0,0,0,0,0
"39141","5","5612","76","0","2008","A","N","Ross County, Ohio","Private","Facilities support services","County, NAICS 4-digit -- by ownership sector","All establishment sizes",2,0,0,0,0,0,0,"N",4.21,0,0,0,0,0,0,"N",0,0.0,0,0,0,0,0,0,0,0,0,0,0,0
"39141","5","56121","77","0","2008","A","N","Ross County, Ohio","Private","Facilities support services","County, NAICS 5-digit -- by ownership sector","All establishment sizes",2,0,0,0,0,0,0,"N",4.21,0,0,0,0,0,0,"N",0,0.0,0,0,0,0,0,0,0,0,0,0,0,0
"39141","5","561210","78","0","2008","A","N","Ross County, Ohio","Private","Facilities support services","County, NAICS 6-digit -- by ownership sector","All establishment sizes",2,0,0,0,0,0,0,"N",4.21,0,0,0,0,0,0,"N",0,0.0,0,0,0,0,0,0,0,0,0,0,0,0
"39141","5","5613","76","0","2008","A","","Ross County, Ohio","Private","Employment services","County, NAICS 4-digit -- by ownership sector","All establishment sizes",13,585,12538059,8671675,221387,412,21430,"",1.05,0.97,0.88,1.63,1.14,0.91,0.91,"",-3,-18.8,-193,-24.8,-2295710,-15.5,-1962671,-18.5,-112475,-33.7,45,12.3,2366,12.4
"39141","5","56131","77","0","2008","A","N","Ross County, Ohio","Private","Employment placement and executive search","County, NAICS 5-digit -- by ownership sector","All establishment sizes",2,0,0,0,0,0,0,"N",0.65,0,0,0,0,0,0,"N",0,0.0,0,0,0,0,0,0,0,0,0,0,0,0
"39141","5","561311","78","0","2008","A","N","Ross County, Ohio","Private","Employment placement agencies","County, NAICS 6-digit -- by ownership sector","All establishment sizes",2,0,0,0,0,0,0,"N",0.89,0,0,0,0,0,0,"N",0,0.0,0,0,0,0,0,0,0,0,0,0,0,0
"39141","5","56132","77","0","2008","A","","Ross County, Ohio","Private","Temporary help services","County, NAICS 5-digit -- by ownership sector","All establishment sizes",6,284,4131874,2979894,52260,280,14536,"",0.84,0.63,0.44,0.74,0.35,0.69,0.69,"",-2,-25.0,-46,-13.9,-1268072,-23.5,-875756,-22.7,-125347,-70.6,-35,-11.1,-1852,-11.3
"39141","5","561320","78","0","2008","A","","Ross County, Ohio","Private","Temporary help services","County, NAICS 6-digit -- by ownership sector","All establishment sizes",6,284,4131874,2979894,52260,280,14536,"",0.84,0.63,0.44,0.74,0.35,0.69,0.69,"",-2,-25.0,-46,-13.9,-1268072,-23.5,-875756,-22.7,-125347,-70.6,-35,-11.1,-1852,-11.3
"39141","5","56133","77","0","2008","A","N","Ross County, Ohio","Private","Professional employer organizations","County, NAICS 5-digit -- by ownership sector","All establishment sizes",5,0,0,0,0,0,0,"N",2.35,0,0,0,0,0,0,"N",-1,-16.7,0,0,0,0,0,0,0,0,0,0,0,0
"39141","5","561330","78","0","2008","A","N","Ross County, Ohio","Private","Professional employer organizations","County, NAICS 6-digit -- by ownership sector","All establishment sizes",5,0,0,0,0,0,0,"N",2.35,0,0,0,0,0,0,"N",-1,-16.7,0,0,0,0,0,0,0,0,0,0,0,0
"39141","5","5614","76","0","2008","A","","Ross County, Ohio","Private","Business support services","County, NAICS 4-digit -- by ownership sector","All establishment sizes",4,36,642922,344591,11099,344,17900,"",0.53,0.22,0.14,0.27,0.31,0.63,0.63,"",0,0.0,8,28.6,63641,11.0,66394,23.9,3265,41.7,-53,-13.4,-2727,-13.2
"39141","5","56141","77","0","2008","A","N","Ross County, Ohio","Private","Document preparation services","County, NAICS 5-digit -- by ownership sector","All establishment sizes",0,0,0,0,0,0,0,"N",0.00,0,0,0,0,0,0,"N",0,0,0,0,0,0,0,0,0,0,0,0,0,0
"39141","5","561410","78","0","2008","A","N","Ross County, Ohio","Private","Document preparation services","County, NAICS 6-digit -- by ownership sector","All establishment sizes",0,0,0,0,0,0,0,"N",0.00,0,0,0,0,0,0,"N",0,0,0,0,0,0,0,0,0,0,0,0,0,0
"39141","5","56142","77","0","2008","A","N","Ross County, Ohio","Private","Telephone call centers","County, NAICS 5-digit -- by ownership sector","All establishment sizes",2,0,0,0,0,0,0,"N",1.64,0,0,0,0,0,0,"N",1,100.0,0,0,0,0,0,0,0,0,0,0,0,0
"39141","5","561421","78","0","2008","A","N","Ross County, Ohio","Private","Telephone answering services","County, NAICS 6-digit -- by ownership sector","All establishment sizes",1,0,0,0,0,0,0,"N",2.98,0,0,0,0,0,0,"N",0,0.0,0,0,0,0,0,0,0,0,0,0,0,0
"39141","5","561422","78","0","2008","A","N","Ross County, Ohio","Private","Telemarketing and other contact centers","County, NAICS 6-digit -- by ownership sector","All establishment sizes",1,0,0,0,0,0,0,"N",1.13,0,0,0,0,0,0,"N",1,100.0,0,0,0,0,0,0,0,0,0,0,0,0
"39141","5","56143","77","0","2008","A","N","Ross County, Ohio","Private","Business service centers","County, NAICS 5-digit -- by ownership sector","All establishment sizes",1,0,0,0,0,0,0,"N",0.56,0,0,0,0,0,0,"N",0,0.0,0,0,0,0,0,0,0,0,0,0,0,0
"39141","5","561431","78","0","2008","A","N","Ross County, Ohio","Private","Private mail centers","County, NAICS 6-digit -- by ownership sector","All establishment sizes",1,0,0,0,0,0,0,"N",1.12,0,0,0,0,0,0,"N",0,0.0,0,0,0,0,0,0,0,0,0,0,0,0
"39141","5","56144","77","0","2008","A","N","Ross County, Ohio","Private","Collection agencies","County, NAICS 5-digit -- by ownership sector","All establishment sizes",1,0,0,0,0,0,0,"N",0.98,0,0,0,0,0,0,"N",0,0.0,0,0,0,0,0,0,0,0,0,0,0,0
"39141","5","561440","78","0","2008","A","N","Ross County, Ohio","Private","Collection agencies","County, NAICS 6-digit -- by ownership sector","All establishment sizes",1,0,0,0,0,0,0,"N",0.98,0,0,0,0,0,0,"N",0,0.0,0,0,0,0,0,0,0,0,0,0,0,0
"39141","5","56145","77","0","2008","A","N","Ross County, Ohio","Private","Credit bureaus","County, NAICS 5-digit -- by ownership sector","All establishment sizes",1,0,0,0,0,0,0,"N",4.29,0,0,0,0,0,0,"N",0,0.0,0,0,0,0,0,0,0,0,0,0,0,0
"39141","5","561450","78","0","2008","A","N","Ross County, Ohio","Private","Credit bureaus","County, NAICS 6-digit -- by ownership sector","All establishment sizes",1,0,0,0,0,0,0,"N",4.29,0,0,0,0,0,0,"N",0,0.0,0,0,0,0,0,0,0,0,0,0,0,0
"39141","5","5615","76","0","2008","A","","Ross County, Ohio","Private","Travel arrangement and reservation services","County, NAICS 4-digit -- by ownership sector","All establishment sizes",4,10,278868,68511,1302,560,29099,"",1.02,0.23,0.18,0.20,0.14,0.83,0.83,"",0,0.0,-1,-9.1,29707,11.9,-9176,-11.8,-151,-10.4,104,22.8,5369,22.6
"39141","5","56151","77","0","2008","A","N","Ross County, Ohio","Private","Travel agencies","County, NAICS 5-digit -- by ownership sector","All establishment sizes",2,0,0,0,0,0,0,"N",0.75,0,0,0,0,0,0,"N",0,0.0,0,0,0,0,0,0,0,0,0,0,0,0
"39141","5","561510","78","0","2008","A","N","Ross County, Ohio","Private","Travel agencies","County, NAICS 6-digit -- by ownership sector","All establishment sizes",2,0,0,0,0,0,0,"N",0.75,0,0,0,0,0,0,"N",0,0.0,0,0,0,0,0,0,0,0,0,0,0,0
"39141","5","56159","77","0","2008","A","N","Ross County, Ohio","Private","Other travel arrangement services","County, NAICS 5-digit -- by ownership sector","All establishment sizes",2,0,0,0,0,0,0,"N",2.60,0,0,0,0,0,0,"N",0,0.0,0,0,0,0,0,0,0,0,0,0,0,0
"39141","5","561591","78","0","2008","A","N","Ross County, Ohio","Private","Convention and visitors bureaus","County, NAICS 6-digit -- by ownership sector","All establishment sizes",1,0,0,0,0,0,0,"N",6.22,0,0,0,0,0,0,"N",0,0.0,0,0,0,0,0,0,0,0,0,0,0,0
"39141","5","561599","78","0","2008","A","N","Ross County, Ohio","Private","All other travel arrangement services","County, NAICS 6-digit -- by ownership sector","All establishment sizes",1,0,0,0,0,0,0,"N",1.64,0,0,0,0,0,0,"N",0,0.0,0,0,0,0,0,0,0,0,0,0,0,0
"39141","5","5616","76","0","2008","A","","Ross County, Ohio","Private","Investigation and security services","County, NAICS 4-digit -- by ownership sector","All establishment sizes",4,29,757982,329568,8479,504,26213,"",0.89,0.18,0.21,0.28,0.26,1.13,1.13,"",1,33.3,14,93.3,559523,281.9,165649,101.1,5768,212.8,242,92.4,12604,92.6
"39141","5","56161","77","0","2008","A","N","Ross County, Ohio","Private","Security and armored car services","County, NAICS 5-digit -- by ownership sector","All establishment sizes",1,0,0,0,0,0,0,"N",0.36,0,0,0,0,0,0,"N",0,0.0,0,0,0,0,0,0,0,0,0,0,0,0
"39141","5","561611","78","0","2008","A","N","Ross County, Ohio","Private","Investigation services","County, NAICS 6-digit -- by ownership sector","All establishment sizes",1,0,0,0,0,0,0,"N",1.17,0,0,0,0,0,0,"N",0,0.0,0,0,0,0,0,0,0,0,0,0,0,0
"39141","5","56162","77","0","2008","A","N","Ross County, Ohio","Private","Security systems services","County, NAICS 5-digit -- by ownership sector","All establishment sizes",3,0,0,0,0,0,0,"N",1.71,0,0,0,0,0,0,"N",1,50.0,0,0,0,0,0,0,0,0,0,0,0,0
"39141","5","561621","78","0","2008","A","N","Ross County, Ohio","Private","Security systems services, except locksmiths","County, NAICS 6-digit -- by ownership sector","All establishment sizes",2,0,0,0,0,0,0,"N",1.75,0,0,0,0,0,0,"N",1,100.0,0,0,0,0,0,0,0,0,0,0,0,0
"39141","5","561622","78","0","2008","A","N","Ross County, Ohio","Private","Locksmiths","County, NAICS 6-digit -- by ownership sector","All establishment sizes",1,0,0,0,0,0,0,"N",1.65,0,0,0,0,0,0,"N",0,0.0,0,0,0,0,0,0,0,0,0,0,0,0
"39141","5","5617","76","0","2008","A","","Ross County, Ohio","Private","Services to buildings and dwellings","County, NAICS 4-digit -- by ownership sector","All establishment sizes",27,123,1966126,1153132,66494,307,15985,"",0.88,0.35,0.28,0.44,0.83,0.81,0.81,"",0,0.0,-4,-3.1,104081,5.6,-21889,-1.9,2975,4.7,25,8.9,1342,9.2
"39141","5","56171","77","0","2008","A","N","Ross County, Ohio","Private","Exterminating and pest control services","County, NAICS 5-digit -- by ownership sector","All establishment sizes",2,0,0,0,0,0,0,"N",1.01,0,0,0,0,0,0,"N",0,0.0,0,0,0,0,0,0,0,0,0,0,0,0
"39141","5","561710","78","0","2008","A","N","Ross County, Ohio","Private","Exterminating and pest control services","County, NAICS 6-digit -- by ownership sector","All establishment sizes",2,0,0,0,0,0,0,"N",1.01,0,0,0,0,0,0,"N",0,0.0,0,0,0,0,0,0,0,0,0,0,0,0
"39141","5","56172","77","0","2008","A","","Ross County, Ohio","Private","Janitorial services","County, NAICS 5-digit -- by ownership sector","All establishment sizes",13,40,504785,348429,12591,246,12779,"",1.36,0.22,0.18,0.29,0.43,0.83,0.83,"",2,18.2,-6,-13.0,-21141,-4.0,-36361,-9.4,488,4.0,27,12.3,1367,12.0
"39141","5","561720","78","0","2008","A","","Ross County, Ohio","Private","Janitorial services","County, NAICS 6-digit -- by ownership sector","All establishment sizes",13,40,504785,348429,12591,246,12779,"",1.36,0.22,0.18,0.29,0.43,0.83,0.83,"",2,18.2,-6,-13.0,-21141,-4.0,-36361,-9.4,488,4.0,27,12.3,1367,12.0
"39141","5","56173","77","0","2008","A","","Ross County, Ohio","Private","Landscaping services","County, NAICS 5-digit -- by ownership sector","All establishment sizes",9,63,1202961,616854,49655,365,18969,"",0.58,0.49,0.39,0.57,1.20,0.80,0.80,"",0,0.0,-1,-1.6,97557,8.8,-15295,-2.4,1853,3.9,30,9.0,1561,9.0
"39141","5","561730","78","0","2008","A","","Ross County, Ohio","Private","Landscaping services","County, NAICS 6-digit -- by ownership sector","All establishment sizes",9,63,1202961,616854,49655,365,18969,"",0.58,0.49,0.39,0.57,1.20,0.80,0.80,"",0,0.0,-1,-1.6,97557,8.8,-15295,-2.4,1853,3.9,30,9.0,1561,9.0
"39141","5","56174","77","0","2008","A","N","Ross County, Ohio","Private","Carpet and upholstery cleaning services","County, NAICS 5-digit -- by ownership sector","All establishment sizes",1,0,0,0,0,0,0,"N",0.71,0,0,0,0,0,0,"N",-1,-50.0,0,0,0,0,0,0,0,0,0,0,0,0
"39141","5","561740","78","0","2008","A","N","Ross County, Ohio","Private","Carpet and upholstery cleaning services","County, NAICS 6-digit -- by ownership sector","All establishment sizes",1,0,0,0,0,0,0,"N",0.71,0,0,0,0,0,0,"N",-1,-50.0,0,0,0,0,0,0,0,0,0,0,0,0
"39141","5","56179","77","0","2008","A","N","Ross County, Ohio","Private","Other services to buildings and dwellings","County, NAICS 5-digit -- by ownership sector","All establishment sizes",2,0,0,0,0,0,0,"N",0.94,0,0,0,0,0,0,"N",0,0.0,0,0,0,0,0,0,0,0,0,0,0,0
"39141","5","561790","78","0","2008","A","N","Ross County, Ohio","Private","Other services to buildings and dwellings","County, NAICS 6-digit -- by ownership sector","All establishment sizes",2,0,0,0,0,0,0,"N",0.94,0,0,0,0,0,0,"N",0,0.0,0,0,0,0,0,0,0,0,0,0,0,0
"39141","5","5619","76","0","2008","A","N","Ross County, Ohio","Private","Other support services","County, NAICS 4-digit -- by ownership sector","All establishment sizes",2,0,0,0,0,0,0,"N",0.48,0,0,0,0,0,0,"N",1,100.0,0,0,0,0,0,0,0,0,0,0,0,0
"39141","5","56192","77","0","2008","A","N","Ross County, Ohio","Private","Convention and trade show organizers","County, NAICS 5-digit -- by ownership sector","All establishment sizes",1,0,0,0,0,0,0,"N",1.46,0,0,0,0,0,0,"N",1,100.0,0,0,0,0,0,0,0,0,0,0,0,0
"39141","5","561920","78","0","2008","A","N","Ross County, Ohio","Private","Convention and trade show organizers","County, NAICS 6-digit -- by ownership sector","All establishment sizes",1,0,0,0,0,0,0,"N",1.46,0,0,0,0,0,0,"N",1,100.0,0,0,0,0,0,0,0,0,0,0,0,0
"39141","5","56199","77","0","2008","A","N","Ross County, Ohio","Private","All other support services","County, NAICS 5-digit -- by ownership sector","All establishment sizes",1,0,0,0,0,0,0,"N",0.33,0,0,0,0,0,0,"N",0,0.0,0,0,0,0,0,0,0,0,0,0,0,0
"39141","5","561990","78","0","2008","A","N","Ross County, Ohio","Private","All other support services","County, NAICS 6-digit -- by ownership sector","All establishment sizes",1,0,0,0,0,0,0,"N",0.33,0,0,0,0,0,0,"N",0,0.0,0,0,0,0,0,0,0,0,0,0,0,0
"39141","5","562","75","0","2008","A","","Ross County, Ohio","Private","Waste management and remediation services","County, NAICS 3-digit -- by ownership sector","All establishment sizes",6,91,3168494,996173,29194,669,34787,"",1.59,1.31,1.10,1.56,1.39,0.83,0.83,"",0,0.0,-7,-7.1,-272969,-7.9,-36682,-3.6,-6405,-18.0,-6,-0.9,-300,-0.9
"39141","5","5621","76","0","2008","A","N","Ross County, Ohio","Private","Waste collection","County, NAICS 4-digit -- by ownership sector","All establishment sizes",2,0,0,0,0,0,0,"N",1.29,0,0,0,0,0,0,"N",0,0.0,0,0,0,0,0,0,0,0,0,0,0,0
"39141","5","56211","77","0","2008","A","N","Ross County, Ohio","Private","Waste collection","County, NAICS 5-digit -- by ownership sector","All establishment sizes",2,0,0,0,0,0,0,"N",1.29,0,0,0,0,0,0,"N",0,0.0,0,0,0,0,0,0,0,0,0,0,0,0
"39141","5","562111","78","0","2008","A","N","Ross County, Ohio","Private","Solid waste collection","County, NAICS 6-digit -- by ownership sector","All establishment sizes",1,0,0,0,0,0,0,"N",0.82,0,0,0,0,0,0,"N",0,0.0,0,0,0,0,0,0,0,0,0,0,0,0
"39141","5","562119","78","0","2008","A","N","Ross County, Ohio","Private","Other waste collection","County, NAICS 6-digit -- by ownership sector","All establishment sizes",1,0,0,0,0,0,0,"N",4.24,0,0,0,0,0,0,"N",0,0.0,0,0,0,0,0,0,0,0,0,0,0,0
"39141","5","5622","76","0","2008","A","N","Ross County, Ohio","Private","Waste treatment and disposal","County, NAICS 4-digit -- by ownership sector","All establishment sizes",1,0,0,0,0,0,0,"N",1.71,0,0,0,0,0,0,"N",0,0.0,0,0,0,0,0,0,0,0,0,0,0,0
"39141","5","56221","77","0","2008","A","N","Ross County, Ohio","Private","Waste treatment and disposal","County, NAICS 5-digit -- by ownership sector","All establishment sizes",1,0,0,0,0,0,0,"N",1.71,0,0,0,0,0,0,"N",0,0.0,0,0,0,0,0,0,0,0,0,0,0,0
"39141","5","562212","78","0","2008","A","N","Ross County, Ohio","Private","Solid waste landfill","County, NAICS 6-digit -- by ownership sector","All establishment sizes",1,0,0,0,0,0,0,"N",3.72,0,0,0,0,0,0,"N",0,0.0,0,0,0,0,0,0,0,0,0,0,0,0
"39141","5","5629","76","0","2008","A","","Ross County, Ohio","Private","Remediation and other waste services","County, NAICS 4-digit -- by ownership sector","All establishment sizes",3,12,279190,101817,3052,454,23594,"",1.81,0.52,0.30,0.43,0.32,0.59,0.58,"",0,0.0,1,9.1,-3799,-1.3,-8952,-8.1,-223,-6.8,-26,-5.4,-1376,-5.5
"39141","5","56299","77","0","2008","A","","Ross County, Ohio","Private","All other waste management services","County, NAICS 5-digit -- by ownership sector","All establishment sizes",3,12,279190,101817,3052,454,23594,"",3.87,1.77,1.24,1.69,1.63,0.71,0.71,"",0,0.0,1,9.1,-3799,-1.3,-8952,-8.1,-223,-6.8,-26,-5.4,-1376,-5.5
"39141","5","562991","78","0","2008","A","N","Ross County, Ohio","Private","Septic tank and related services","County, NAICS 6-digit -- by ownership sector","All establishment sizes",2,0,0,0,0,0,0,"N",3.61,0,0,0,0,0,0,"N",0,0.0,0,0,0,0,0,0,0,0,0,0,0,0
"39141","5","562998","78","0","2008","A","N","Ross County, Ohio","Private","Miscellaneous waste management services","County, NAICS 6-digit -- by ownership sector","All establishment sizes",1,0,0,0,0,0,0,"N",4.52,0,0,0,0,0,0,"N",0,0.0,0,0,0,0,0,0,0,0,0,0,0,0
"39141","5","61","74","0","2008","A","","Ross County, Ohio","Private","Educational services","County, NAICS Sector -- by ownership sector","All establishment sizes",8,116,2500292,770875,33565,415,21570,"",0.57,0.25,0.16,0.56,0.88,0.63,0.63,"",0,0.0,9,8.4,112895,4.7,110930,16.8,16610,98.0,-15,-3.5,-794,-3.6
"39141","5","611","75","0","2008","A","","Ross County, Ohio","Private","Educational services","County, NAICS 3-digit -- by ownership sector","All establishment sizes",8,116,2500292,770875,33565,415,21570,"",0.57,0.25,0.16,0.56,0.88,0.63,0.63,"",0,0.0,9,8.4,112895,4.7,110930,16.8,16610,98.0,-15,-3.5,-794,-3.6
"39141","5","6111","76","0","2008","A","N","Ross County, Ohio","Private","Elementary and secondary schools","County, NAICS 4-digit -- by ownership sector","All establishment sizes",2,0,0,0,0,0,0,"N",0.79,0,0,0,0,0,0,"N",0,0.0,0,0,0,0,0,0,0,0,0,0,0,0
"39141","5","61111","77","0","2008","A","N","Ross County, Ohio","Private","Elementary and secondary schools","County, NAICS 5-digit -- by ownership sector","All establishment sizes",2,0,0,0,0,0,0,"N",0.79,0,0,0,0,0,0,"N",0,0.0,0,0,0,0,0,0,0,0,0,0,0,0
"39141","5","611110","78","0","2008","A","N","Ross County, Ohio","Private","Elementary and secondary schools","County, NAICS 6-digit -- by ownership sector","All establishment sizes",2,0,0,0,0,0,0,"N",0.79,0,0,0,0,0,0,"N",0,0.0,0,0,0,0,0,0,0,0,0,0,0,0
"39141","5","6114","76","0","2008","A","N","Ross County, Ohio","Private","Business, computer and management training","County, NAICS 4-digit -- by ownership sector","All establishment sizes",2,0,0,0,0,0,0,"N",1.26,0,0,0,0,0,0,"N",0,0.0,0,0,0,0,0,0,0,0,0,0,0,0
"39141","5","61141","77","0","2008","A","N","Ross County, Ohio","Private","Business and secretarial schools","County, NAICS 5-digit -- by ownership sector","All establishment sizes",1,0,0,0,0,0,0,"N",13.85,0,0,0,0,0,0,"N",0,0.0,0,0,0,0,0,0,0,0,0,0,0,0
"39141","5","611410","78","0","2008","A","N","Ross County, Ohio","Private","Business and secretarial schools","County, NAICS 6-digit -- by ownership sector","All establishment sizes",1,0,0,0,0,0,0,"N",13.85,0,0,0,0,0,0,"N",0,0.0,0,0,0,0,0,0,0,0,0,0,0,0
"39141","5","61142","77","0","2008","A","N","Ross County, Ohio","Private","Computer training","County, NAICS 5-digit -- by ownership sector","All establishment sizes",0,0,0,0,0,0,0,"N",0.00,0,0,0,0,0,0,"N",0,0,0,0,0,0,0,0,0,0,0,0,0,0
"39141","5","611420","78","0","2008","A","N","Ross County, Ohio","Private","Computer training","County, NAICS 6-digit -- by ownership sector","All establishment sizes",0,0,0,0,0,0,0,"N",0.00,0,0,0,0,0,0,"N",0,0,0,0,0,0,0,0,0,0,0,0,0,0
"39141","5","61143","77","0","2008","A","N","Ross County, Ohio","Private","Management training","County, NAICS 5-digit -- by ownership sector","All establishment sizes",1,0,0,0,0,0,0,"N",0.93,0,0,0,0,0,0,"N",0,0.0,0,0,0,0,0,0,0,0,0,0,0,0
"39141","5","611430","78","0","2008","A","N","Ross County, Ohio","Private","Management training","County, NAICS 6-digit -- by ownership sector","All establishment sizes",1,0,0,0,0,0,0,"N",0.93,0,0,0,0,0,0,"N",0,0.0,0,0,0,0,0,0,0,0,0,0,0,0
"39141","5","6115","76","0","2008","A","N","Ross County, Ohio","Private","Technical and trade schools","County, NAICS 4-digit -- by ownership sector","All establishment sizes",1,0,0,0,0,0,0,"N",0.74,0,0,0,0,0,0,"N",0,0.0,0,0,0,0,0,0,0,0,0,0,0,0
"39141","5","61151","77","0","2008","A","N","Ross County, Ohio","Private","Technical and trade schools","County, NAICS 5-digit -- by ownership sector","All establishment sizes",1,0,0,0,0,0,0,"N",0.74,0,0,0,0,0,0,"N",0,0.0,0,0,0,0,0,0,0,0,0,0,0,0
"39141","5","611519","78","0","2008","A","N","Ross County, Ohio","Private","Other technical and trade schools","County, NAICS 6-digit -- by ownership sector","All establishment sizes",1,0,0,0,0,0,0,"N",1.44,0,0,0,0,0,0,"N",0,0.0,0,0,0,0,0,0,0,0,0,0,0,0
"39141","5","6116","76","0","2008","A","","Ross County, Ohio","Private","Other schools and instruction","County, NAICS 4-digit -- by ownership sector","All establishment sizes",3,13,106624,80063,1404,154,7997,"",0.49,0.23,0.11,0.26,0.18,0.49,0.49,"N",0,0.0,0,0,0,0,0,0,0,0,0,0,0,0
"39141","5","61162","77","0","2008","A","N","Ross County, Ohio","Private","Sports and recreation instruction","County, NAICS 5-digit -- by ownership sector","All establishment sizes",1,0,0,0,0,0,0,"N",0.54,0,0,0,0,0,0,"N",0,0.0,0,0,0,0,0,0,0,0,0,0,0,0
"39141","5","611620","78","0","2008","A","N","Ross County, Ohio","Private","Sports and recreation instruction","County, NAICS 6-digit -- by ownership sector","All establishment sizes",1,0,0,0,0,0,0,"N",0.54,0,0,0,0,0,0,"N",0,0.0,0,0,0,0,0,0,0,0,0,0,0,0
"39141","5","61169","77","0","2008","A","N","Ross County, Ohio","Private","All other schools and instruction","County, NAICS 5-digit -- by ownership sector","All establishment sizes",2,0,0,0,0,0,0,"N",0.84,0,0,0,0,0,0,"N",0,0.0,0,0,0,0,0,0,0,0,0,0,0,0
"39141","5","611691","78","0","2008","A","N","Ross County, Ohio","Private","Exam preparation and tutoring","County, NAICS 6-digit -- by ownership sector","All establishment sizes",1,0,0,0,0,0,0,"N",0.94,0,0,0,0,0,0,"N",0,0.0,0,0,0,0,0,0,0,0,0,0,0,0
"39141","5","611692","78","0","2008","A","N","Ross County, Ohio","Private","Automobile driving schools","County, NAICS 6-digit -- by ownership sector","All establishment sizes",1,0,0,0,0,0,0,"N",2.77,0,0,0,0,0,0,"N",1,100.0,0,0,0,0,0,0,0,0,0,0,0,0
"39141","5","62","74","0","2008","A","","Ross County, Ohio","Private","Health care and social assistance","County, NAICS Sector -- by ownership sector","All establishment sizes",163,4128,182114828,18053014,309394,848,44121,"",1.35,1.36,1.71,1.27,1.02,1.26,1.26,"",3,1.9,204,5.2,15937867,9.6,-155919,-0.9,-16184,-5.0,34,4.2,1776,4.2
"39141","5","621","75","0","2008","A","","Ross County, Ohio","Private","Ambulatory health care services","County, NAICS 3-digit -- by ownership sector","All establishment sizes",89,893,48580790,7392414,114201,1046,54392,"",1.08,0.81,1.02,0.98,0.74,1.25,1.25,"",3,3.5,-55,-5.8,-2369667,-4.7,-777898,-9.5,-17339,-13.2,12,1.2,647,1.2
"39141","5","6211","76","0","2008","A","","Ross County, Ohio","Private","Offices of physicians","County, NAICS 4-digit -- by ownership sector","All establishment sizes",29,184,18232646,1811485,26047,1902,98911,"",0.85,0.42,0.68,0.59,0.43,1.63,1.63,"",-1,-3.3,-39,-17.5,-2589206,-12.4,-323734,-15.2,-5983,-18.7,108,6.0,5609,6.0
"39141","5","62111","77","0","2008","A","","Ross County, Ohio","Private","Offices of physicians","County, NAICS 5-digit -- by ownership sector","All establishment sizes",29,184,18232646,1811485,26047,1902,98911,"",0.85,0.42,0.68,0.59,0.43,1.63,1.63,"",-1,-3.3,-39,-17.5,-2589206,-12.4,-323734,-15.2,-5983,-18.7,108,6.0,5609,6.0
"39141","5","621111","78","0","2008","A","","Ross County, Ohio","Private","Offices of physicians, except mental health","County, NAICS 6-digit -- by ownership sector","All establishment sizes",29,184,18232646,1811485,26047,1902,98911,"",0.89,0.43,0.69,0.60,0.44,1.62,1.62,"",-1,-3.3,-39,-17.5,-2589206,-12.4,-323734,-15.2,-5983,-18.7,108,6.0,5609,6.0
"39141","5","6212","76","0","2008","A","","Ross County, Ohio","Private","Offices of dentists","County, NAICS 4-digit -- by ownership sector","All establishment sizes",20,180,7371206,1712685,31809,786,40857,"",1.04,1.13,1.25,1.37,1.32,1.10,1.10,"",0,0.0,-5,-2.7,229046,3.2,-105818,-5.8,-5054,-13.7,44,5.9,2251,5.8
"39141","5","62121","77","0","2008","A","","Ross County, Ohio","Private","Offices of dentists","County, NAICS 5-digit -- by ownership sector","All establishment sizes",20,180,7371206,1712685,31809,786,40857,"",1.04,1.13,1.25,1.37,1.32,1.10,1.10,"",0,0.0,-5,-2.7,229046,3.2,-105818,-5.8,-5054,-13.7,44,5.9,2251,5.8
"39141","5","621210","78","0","2008","A","","Ross County, Ohio","Private","Offices of dentists","County, NAICS 6-digit -- by ownership sector","All establishment sizes",20,180,7371206,1712685,31809,786,40857,"",1.04,1.13,1.25,1.37,1.32,1.10,1.10,"",0,0.0,-5,-2.7,229046,3.2,-105818,-5.8,-5054,-13.7,44,5.9,2251,5.8
"39141","5","6213","76","0","2008","A","","Ross County, Ohio","Private","Offices of other health practitioners","County, NAICS 4-digit -- by ownership sector","All establishment sizes",26,156,5741230,1161809,17387,708,36822,"",1.41,1.28,1.58,1.28,0.93,1.23,1.23,"",1,4.0,6,4.0,111495,2.0,28997,2.6,1835,11.8,-13,-1.8,-689,-1.8
"39141","5","62131","77","0","2008","A","","Ross County, Ohio","Private","Offices of chiropractors","County, NAICS 5-digit -- by ownership sector","All establishment sizes",9,37,1503854,353365,7354,780,40553,"",1.55,1.63,2.86,2.10,2.05,1.75,1.75,"",0,0.0,-5,-11.9,-15880,-1.0,-60916,-14.7,-1000,-12.0,81,11.6,4225,11.6
"39141","5","621310","78","0","2008","A","","Ross County, Ohio","Private","Offices of chiropractors","County, NAICS 6-digit -- by ownership sector","All establishment sizes",9,37,1503854,353365,7354,780,40553,"",1.55,1.63,2.86,2.10,2.05,1.75,1.75,"",0,0.0,-5,-11.9,-15880,-1.0,-60916,-14.7,-1000,-12.0,81,11.6,4225,11.6
"39141","5","62132","77","0","2008","A","","Ross County, Ohio","Private","Offices of optometrists","County, NAICS 5-digit -- by ownership sector","All establishment sizes",10,54,1244637,508312,6371,445,23120,"",3.32,2.63,2.15,3.30,2.30,0.82,0.82,"",0,0.0,-4,-6.9,-206327,-14.2,-33649,-6.2,1020,19.1,-38,-7.9,-2005,-8.0
"39141","5","621320","78","0","2008","A","","Ross County, Ohio","Private","Offices of optometrists","County, NAICS 6-digit -- by ownership sector","All establishment sizes",10,54,1244637,508312,6371,445,23120,"",3.32,2.63,2.15,3.30,2.30,0.82,0.82,"",0,0.0,-4,-6.9,-206327,-14.2,-33649,-6.2,1020,19.1,-38,-7.9,-2005,-8.0
"39141","5","62133","77","0","2008","A","N","Ross County, Ohio","Private","Offices of mental health practitioners","County, NAICS 5-digit -- by ownership sector","All establishment sizes",1,0,0,0,0,0,0,"N",0.46,0,0,0,0,0,0,"N",0,0.0,0,0,0,0,0,0,0,0,0,0,0,0
"39141","5","621330","78","0","2008","A","N","Ross County, Ohio","Private","Offices of mental health practitioners","County, NAICS 6-digit -- by ownership sector","All establishment sizes",1,0,0,0,0,0,0,"N",0.46,0,0,0,0,0,0,"N",0,0.0,0,0,0,0,0,0,0,0,0,0,0,0
"39141","5","62134","77","0","2008","A","","Ross County, Ohio","Private","Offices of specialty therapists","County, NAICS 5-digit -- by ownership sector","All establishment sizes",4,52,2044544,143781,1808,753,39130,"",0.95,1.07,1.29,0.39,0.24,1.20,1.20,"",0,0.0,4,8.3,-372600,-15.4,-3822,-2.6,210,13.1,-212,-22.0,-11053,-22.0
"39141","5","621340","78","0","2008","A","","Ross County, Ohio","Private","Offices of specialty therapists","County, NAICS 6-digit -- by ownership sector","All establishment sizes",4,52,2044544,143781,1808,753,39130,"",0.95,1.07,1.29,0.39,0.24,1.20,1.20,"",0,0.0,4,8.3,-372600,-15.4,-3822,-2.6,210,13.1,-212,-22.0,-11053,-22.0
"39141","5","62139","77","0","2008","A","N","Ross County, Ohio","Private","Offices of all other health practitioners","County, NAICS 5-digit -- by ownership sector","All establishment sizes",2,0,0,0,0,0,0,"N",0.62,0,0,0,0,0,0,"N",1,100.0,0,0,0,0,0,0,0,0,0,0,0,0
"39141","5","621391","78","0","2008","A","N","Ross County, Ohio","Private","Offices of podiatrists","County, NAICS 6-digit -- by ownership sector","All establishment sizes",1,0,0,0,0,0,0,"N",0.78,0,0,0,0,0,0,"N",1,100.0,0,0,0,0,0,0,0,0,0,0,0,0
"39141","5","621399","78","0","2008","A","N","Ross County, Ohio","Private","Offices of miscellaneous health practitioners","County, NAICS 6-digit -- by ownership sector","All establishment sizes",1,0,0,0,0,0,0,"N",0.51,0,0,0,0,0,0,"N",0,0.0,0,0,0,0,0,0,0,0,0,0,0,0
"39141","5","6214","76","0","2008","A","","Ross County, Ohio","Private","Outpatient care centers","County, NAICS 4-digit -- by ownership sector","All establishment sizes",6,231,14017535,1512741,22102,1167,60660,"",1.74,2.24,3.45,2.75,1.76,1.54,1.54,"",1,20.0,-49,-17.5,-1291161,-8.4,-624854,-29.2,-12628,-36.4,114,10.8,5888,10.8
"39141","5","62142","77","0","2008","A","N","Ross County, Ohio","Private","Outpatient mental health centers","County, NAICS 5-digit -- by ownership sector","All establishment sizes",2,0,0,0,0,0,0,"N",1.90,0,0,0,0,0,0,"N",0,0.0,0,0,0,0,0,0,0,0,0,0,0,0
"39141","5","621420","78","0","2008","A","N","Ross County, Ohio","Private","Outpatient mental health centers","County, NAICS 6-digit -- by ownership sector","All establishment sizes",2,0,0,0,0,0,0,"N",1.90,0,0,0,0,0,0,"N",0,0.0,0,0,0,0,0,0,0,0,0,0,0,0
"39141","5","62149","77","0","2008","A","N","Ross County, Ohio","Private","Other outpatient care centers","County, NAICS 5-digit -- by ownership sector","All establishment sizes",4,0,0,0,0,0,0,"N",1.88,0,0,0,0,0,0,"N",1,33.3,0,0,0,0,0,0,0,0,0,0,0,0
"39141","5","621492","78","0","2008","A","N","Ross County, Ohio","Private","Kidney dialysis centers","County, NAICS 6-digit -- by ownership sector","All establishment sizes",1,0,0,0,0,0,0,"N",1.61,0,0,0,0,0,0,"N",0,0.0,0,0,0,0,0,0,0,0,0,0,0,0
"39141","5","621493","78","0","2008","A","N","Ross County, Ohio","Private","Freestanding emergency medical centers","County, NAICS 6-digit -- by ownership sector","All establishment sizes",2,0,0,0,0,0,0,"N",3.09,0,0,0,0,0,0,"N",1,100.0,0,0,0,0,0,0,0,0,0,0,0,0
"39141","5","621498","78","0","2008","A","N","Ross County, Ohio","Private","All other outpatient care centers","County, NAICS 6-digit -- by ownership sector","All establishment sizes",1,0,0,0,0,0,0,"N",1.49,0,0,0,0,0,0,"N",0,0.0,0,0,0,0,0,0,0,0,0,0,0,0
"39141","5","6215","76","0","2008","A","N","Ross County, Ohio","Private","Medical and diagnostic laboratories","County, NAICS 4-digit -- by ownership sector","All establishment sizes",3,0,0,0,0,0,0,"N",1.31,0,0,0,0,0,0,"N",0,0.0,0,0,0,0,0,0,0,0,0,0,0,0
"39141","5","62151","77","0","2008","A","N","Ross County, Ohio","Private","Medical and diagnostic laboratories","County, NAICS 5-digit -- by ownership sector","All establishment sizes",3,0,0,0,0,0,0,"N",1.31,0,0,0,0,0,0,"N",0,0.0,0,0,0,0,0,0,0,0,0,0,0,0
"39141","5","621511","78","0","2008","A","N","Ross County, Ohio","Private","Medical laboratories","County, NAICS 6-digit -- by ownership sector","All establishment sizes",1,0,0,0,0,0,0,"N",0.76,0,0,0,0,0,0,"N",0,0.0,0,0,0,0,0,0,0,0,0,0,0,0
"39141","5","621512","78","0","2008","A","N","Ross County, Ohio","Private","Diagnostic imaging centers","County, NAICS 6-digit -- by ownership sector","All establishment sizes",2,0,0,0,0,0,0,"N",2.06,0,0,0,0,0,0,"N",0,0.0,0,0,0,0,0,0,0,0,0,0,0,0
"39141","5","6216","76","0","2008","A","","Ross County, Ohio","Private","Home health care services","County, NAICS 4-digit -- by ownership sector","All establishment sizes",4,117,2563983,930267,10761,421,21868,"",1.13,0.63,0.63,0.85,0.46,1.00,1.00,"N",0,0.0,0,0,0,0,0,0,0,0,0,0,0,0
"39141","5","62161","77","0","2008","A","","Ross County, Ohio","Private","Home health care services","County, NAICS 5-digit -- by ownership sector","All establishment sizes",4,117,2563983,930267,10761,421,21868,"",1.13,0.63,0.63,0.85,0.46,1.00,1.00,"N",0,0.0,0,0,0,0,0,0,0,0,0,0,0,0
"39141","5","621610","78","0","2008","A","","Ross County, Ohio","Private","Home health care services","County, NAICS 6-digit -- by ownership sector","All establishment sizes",4,117,2563983,930267,10761,421,21868,"",1.13,0.63,0.63,0.85,0.46,1.00,1.00,"N",0,0.0,0,0,0,0,0,0,0,0,0,0,0,0
"39141","5","6219","76","0","2008","A","N","Ross County, Ohio","Private","Other ambulatory health care services","County, NAICS 4-digit -- by ownership sector","All establishment sizes",1,0,0,0,0,0,0,"N",0.73,0,0,0,0,0,0,"N",1,100.0,0,0,0,0,0,0,0,0,0,0,0,0
"39141","5","62191","77","0","2008","A","N","Ross County, Ohio","Private","Ambulance services","County, NAICS 5-digit -- by ownership sector","All establishment sizes",1,0,0,0,0,0,0,"N",1.50,0,0,0,0,0,0,"N",1,100.0,0,0,0,0,0,0,0,0,0,0,0,0
"39141","5","621910","78","0","2008","A","N","Ross County, Ohio","Private","Ambulance services","County, NAICS 6-digit -- by ownership sector","All establishment sizes",1,0,0,0,0,0,0,"N",1.50,0,0,0,0,0,0,"N",1,100.0,0,0,0,0,0,0,0,0,0,0,0,0
"39141","5","622","75","0","2008","A","N","Ross County, Ohio","Private","Hospitals","County, NAICS 3-digit -- by ownership sector","All establishment sizes",2,0,0,0,0,0,0,"N",1.59,0,0,0,0,0,0,"N",0,0.0,0,0,0,0,0,0,0,0,0,0,0,0
"39141","5","6221","76","0","2008","A","N","Ross County, Ohio","Private","General medical and surgical hospitals","County, NAICS 4-digit -- by ownership sector","All establishment sizes",1,0,0,0,0,0,0,"N",1.10,0,0,0,0,0,0,"N",0,0.0,0,0,0,0,0,0,0,0,0,0,0,0
"39141","5","62211","77","0","2008","A","N","Ross County, Ohio","Private","General medical and surgical hospitals","County, NAICS 5-digit -- by ownership sector","All establishment sizes",1,0,0,0,0,0,0,"N",1.10,0,0,0,0,0,0,"N",0,0.0,0,0,0,0,0,0,0,0,0,0,0,0
"39141","5","622110","78","0","2008","A","N","Ross County, Ohio","Private","General medical and surgical hospitals","County, NAICS 6-digit -- by ownership sector","All establishment sizes",1,0,0,0,0,0,0,"N",1.10,0,0,0,0,0,0,"N",0,0.0,0,0,0,0,0,0,0,0,0,0,0,0
"39141","5","6223","76","0","2008","A","N","Ross County, Ohio","Private","Other hospitals","County, NAICS 4-digit -- by ownership sector","All establishment sizes",1,0,0,0,0,0,0,"N",4.74,0,0,0,0,0,0,"N",0,0.0,0,0,0,0,0,0,0,0,0,0,0,0
"39141","5","62231","77","0","2008","A","N","Ross County, Ohio","Private","Other hospitals","County, NAICS 5-digit -- by ownership sector","All establishment sizes",1,0,0,0,0,0,0,"N",4.74,0,0,0,0,0,0,"N",0,0.0,0,0,0,0,0,0,0,0,0,0,0,0
"39141","5","622310","78","0","2008","A","N","Ross County, Ohio","Private","Other hospitals","County, NAICS 6-digit -- by ownership sector","All establishment sizes",1,0,0,0,0,0,0,"N",4.74,0,0,0,0,0,0,"N",0,0.0,0,0,0,0,0,0,0,0,0,0,0,0
"39141","5","623","75","0","2008","A","","Ross County, Ohio","Private","Nursing and residential care facilities","County, NAICS 3-digit -- by ownership sector","All establishment sizes",47,942,22128116,7449996,88906,452,23497,"",4.36,1.61,1.71,2.31,1.29,1.07,1.07,"",-1,-2.1,57,6.4,1655277,8.1,135891,1.9,-7643,-7.9,7,1.6,359,1.6
"39141","5","6231","76","0","2008","A","","Ross County, Ohio","Private","Nursing care facilities","County, NAICS 4-digit -- by ownership sector","All establishment sizes",10,677,16723432,5377547,66895,475,24705,"",3.79,2.15,2.26,2.80,1.70,1.05,1.05,"",0,0.0,45,7.1,1275499,8.3,29530,0.6,-8430,-11.2,5,1.1,278,1.1
"39141","5","62311","77","0","2008","A","","Ross County, Ohio","Private","Nursing care facilities","County, NAICS 5-digit -- by ownership sector","All establishment sizes",10,677,16723432,5377547,66895,475,24705,"",3.79,2.15,2.26,2.80,1.70,1.05,1.05,"",0,0.0,45,7.1,1275499,8.3,29530,0.6,-8430,-11.2,5,1.1,278,1.1
"39141","5","623110","78","0","2008","A","","Ross County, Ohio","Private","Nursing care facilities","County, NAICS 6-digit -- by ownership sector","All establishment sizes",10,677,16723432,5377547,66895,475,24705,"",3.79,2.15,2.26,2.80,1.70,1.05,1.05,"",0,0.0,45,7.1,1275499,8.3,29530,0.6,-8430,-11.2,5,1.1,278,1.1
"39141","5","6232","76","0","2008","A","","Ross County, Ohio","Private","Residential mental health facilities","County, NAICS 4-digit -- by ownership sector","All establishment sizes",33,243,5017125,1862543,20837,398,20682,"",8.63,2.30,2.27,4.24,2.10,0.99,0.99,"",-1,-2.9,11,4.7,378894,8.2,114590,6.6,583,2.9,13,3.4,661,3.3
"39141","5","62321","77","0","2008","A","N","Ross County, Ohio","Private","Residential disability facilities","County, NAICS 5-digit -- by ownership sector","All establishment sizes",32,0,0,0,0,0,0,"N",11.49,0,0,0,0,0,0,"N",-1,-3.0,0,0,0,0,0,0,0,0,0,0,0,0
"39141","5","623210","78","0","2008","A","N","Ross County, Ohio","Private","Residential disability facilities","County, NAICS 6-digit -- by ownership sector","All establishment sizes",32,0,0,0,0,0,0,"N",11.49,0,0,0,0,0,0,"N",-1,-3.0,0,0,0,0,0,0,0,0,0,0,0,0
"39141","5","62322","77","0","2008","A","N","Ross County, Ohio","Private","Residential mental and substance abuse care","County, NAICS 5-digit -- by ownership sector","All establishment sizes",1,0,0,0,0,0,0,"N",0.96,0,0,0,0,0,0,"N",0,0.0,0,0,0,0,0,0,0,0,0,0,0,0
"39141","5","623220","78","0","2008","A","N","Ross County, Ohio","Private","Residential mental and substance abuse care","County, NAICS 6-digit -- by ownership sector","All establishment sizes",1,0,0,0,0,0,0,"N",0.96,0,0,0,0,0,0,"N",0,0.0,0,0,0,0,0,0,0,0,0,0,0,0
"39141","5","6233","76","0","2008","A","N","Ross County, Ohio","Private","Community care facilities for the elderly","County, NAICS 4-digit -- by ownership sector","All establishment sizes",2,0,0,0,0,0,0,"N",0.61,0,0,0,0,0,0,"N",0,0.0,0,0,0,0,0,0,0,0,0,0,0,0
"39141","5","62331","77","0","2008","A","N","Ross County, Ohio","Private","Community care facilities for the elderly","County, NAICS 5-digit -- by ownership sector","All establishment sizes",2,0,0,0,0,0,0,"N",0.61,0,0,0,0,0,0,"N",0,0.0,0,0,0,0,0,0,0,0,0,0,0,0
"39141","5","623312","78","0","2008","A","N","Ross County, Ohio","Private","Assisted living facilities for the elderly","County, NAICS 6-digit -- by ownership sector","All establishment sizes",2,0,0,0,0,0,0,"N",0.81,0,0,0,0,0,0,"N",0,0.0,0,0,0,0,0,0,0,0,0,0,0,0
"39141","5","6239","76","0","2008","A","N","Ross County, Ohio","Private","Other residential care facilities","County, NAICS 4-digit -- by ownership sector","All establishment sizes",2,0,0,0,0,0,0,"N",1.91,0,0,0,0,0,0,"N",0,0.0,0,0,0,0,0,0,0,0,0,0,0,0
"39141","5","62399","77","0","2008","A","N","Ross County, Ohio","Private","Other residential care facilities","County, NAICS 5-digit -- by ownership sector","All establishment sizes",2,0,0,0,0,0,0,"N",1.91,0,0,0,0,0,0,"N",0,0.0,0,0,0,0,0,0,0,0,0,0,0,0
"39141","5","623990","78","0","2008","A","N","Ross County, Ohio","Private","Other residential care facilities","County, NAICS 6-digit -- by ownership sector","All establishment sizes",2,0,0,0,0,0,0,"N",1.91,0,0,0,0,0,0,"N",0,0.0,0,0,0,0,0,0,0,0,0,0,0,0
"39141","5","624","75","0","2008","A","N","Ross County, Ohio","Private","Social assistance","County, NAICS 3-digit -- by ownership sector","All establishment sizes",26,0,0,0,0,0,0,"N",1.01,0,0,0,0,0,0,"N",2,8.3,0,0,0,0,0,0,0,0,0,0,0,0
"39141","5","6241","76","0","2008","A","","Ross County, Ohio","Private","Individual and family services","County, NAICS 4-digit -- by ownership sector","All establishment sizes",12,173,5219159,1127564,40910,580,30183,"",1.00,0.80,1.24,1.13,1.49,1.54,1.54,"",1,9.1,33,23.6,1279678,32.5,216360,23.7,6854,20.1,37,6.8,1943,6.9
"39141","5","62411","77","0","2008","A","N","Ross County, Ohio","Private","Child and youth services","County, NAICS 5-digit -- by ownership sector","All establishment sizes",4,0,0,0,0,0,0,"N",2.61,0,0,0,0,0,0,"N",0,0.0,0,0,0,0,0,0,0,0,0,0,0,0
"39141","5","624110","78","0","2008","A","N","Ross County, Ohio","Private","Child and youth services","County, NAICS 6-digit -- by ownership sector","All establishment sizes",4,0,0,0,0,0,0,"N",2.61,0,0,0,0,0,0,"N",0,0.0,0,0,0,0,0,0,0,0,0,0,0,0
"39141","5","62412","77","0","2008","A","N","Ross County, Ohio","Private","Services for the elderly and disabled","County, NAICS 5-digit -- by ownership sector","All establishment sizes",4,0,0,0,0,0,0,"N",0.60,0,0,0,0,0,0,"N",0,0.0,0,0,0,0,0,0,0,0,0,0,0,0
"39141","5","624120","78","0","2008","A","N","Ross County, Ohio","Private","Services for the elderly and disabled","County, NAICS 6-digit -- by ownership sector","All establishment sizes",4,0,0,0,0,0,0,"N",0.60,0,0,0,0,0,0,"N",0,0.0,0,0,0,0,0,0,0,0,0,0,0,0
"39141","5","62419","77","0","2008","A","","Ross County, Ohio","Private","Other individual and family services","County, NAICS 5-digit -- by ownership sector","All establishment sizes",4,66,3280226,542014,33163,956,49700,"",1.05,0.96,1.96,1.64,3.03,2.06,2.06,"N",1,33.3,0,0,0,0,0,0,0,0,0,0,0,0
"39141","5","624190","78","0","2008","A","","Ross County, Ohio","Private","Other individual and family services","County, NAICS 6-digit -- by ownership sector","All establishment sizes",4,66,3280226,542014,33163,956,49700,"",1.05,0.96,1.96,1.64,3.03,2.06,2.06,"N",1,33.3,0,0,0,0,0,0,0,0,0,0,0,0
"39141","5","6242","76","0","2008","A","N","Ross County, Ohio","Private","Emergency and other relief services","County, NAICS 4-digit -- by ownership sector","All establishment sizes",1,0,0,0,0,0,0,"N",0.66,0,0,0,0,0,0,"N",0,0.0,0,0,0,0,0,0,0,0,0,0,0,0
"39141","5","62422","77","0","2008","A","N","Ross County, Ohio","Private","Community housing services","County, NAICS 5-digit -- by ownership sector","All establishment sizes",1,0,0,0,0,0,0,"N",1.22,0,0,0,0,0,0,"N",0,0.0,0,0,0,0,0,0,0,0,0,0,0,0
"39141","5","624221","78","0","2008","A","N","Ross County, Ohio","Private","Temporary shelters","County, NAICS 6-digit -- by ownership sector","All establishment sizes",1,0,0,0,0,0,0,"N",2.07,0,0,0,0,0,0,"N",0,0.0,0,0,0,0,0,0,0,0,0,0,0,0
"39141","5","6243","76","0","2008","A","N","Ross County, Ohio","Private","Vocational rehabilitation services","County, NAICS 4-digit -- by ownership sector","All establishment sizes",3,0,0,0,0,0,0,"N",1.99,0,0,0,0,0,0,"N",0,0.0,0,0,0,0,0,0,0,0,0,0,0,0
"39141","5","62431","77","0","2008","A","N","Ross County, Ohio","Private","Vocational rehabilitation services","County, NAICS 5-digit -- by ownership sector","All establishment sizes",3,0,0,0,0,0,0,"N",1.99,0,0,0,0,0,0,"N",0,0.0,0,0,0,0,0,0,0,0,0,0,0,0
"39141","5","624310","78","0","2008","A","N","Ross County, Ohio","Private","Vocational rehabilitation services","County, NAICS 6-digit -- by ownership sector","All establishment sizes",3,0,0,0,0,0,0,"N",1.99,0,0,0,0,0,0,"N",0,0.0,0,0,0,0,0,0,0,0,0,0,0,0
"39141","5","6244","76","0","2008","A","","Ross County, Ohio","Private","Child day care services","County, NAICS 4-digit -- by ownership sector","All establishment sizes",10,97,1827576,898892,42089,363,18890,"",0.92,0.63,0.78,0.94,1.79,1.25,1.25,"",1,11.1,-1,-1.0,161681,9.7,95588,11.9,-1149,-2.7,35,10.7,1848,10.8
"39141","5","62441","77","0","2008","A","","Ross County, Ohio","Private","Child day care services","County, NAICS 5-digit -- by ownership sector","All establishment sizes",10,97,1827576,898892,42089,363,18890,"",0.92,0.63,0.78,0.94,1.79,1.25,1.25,"",1,11.1,-1,-1.0,161681,9.7,95588,11.9,-1149,-2.7,35,10.7,1848,10.8
"39141","5","624410","78","0","2008","A","","Ross County, Ohio","Private","Child day care services","County, NAICS 6-digit -- by ownership sector","All establishment sizes",10,97,1827576,898892,42089,363,18890,"",0.92,0.63,0.78,0.94,1.79,1.25,1.25,"",1,11.1,-1,-1.0,161681,9.7,95588,11.9,-1149,-2.7,35,10.7,1848,10.8
"39141","5","71","74","0","2008","A","","Ross County, Ohio","Private","Arts, entertainment, and recreation","County, NAICS Sector -- by ownership sector","All establishment sizes",24,215,2891151,1729743,46924,259,13447,"",1.21,0.56,0.28,0.75,0.63,0.51,0.51,"",1,4.3,-13,-5.7,53658,1.9,48142,2.9,-520,-1.1,19,7.9,975,7.8
"39141","5","711","75","0","2008","A","N","Ross County, Ohio","Private","Performing arts and spectator sports","County, NAICS 3-digit -- by ownership sector","All establishment sizes",9,0,0,0,0,0,0,"N",1.19,0,0,0,0,0,0,"N",1,12.5,0,0,0,0,0,0,0,0,0,0,0,0
"39141","5","7111","76","0","2008","A","N","Ross County, Ohio","Private","Performing arts companies","County, NAICS 4-digit -- by ownership sector","All establishment sizes",4,0,0,0,0,0,0,"N",2.55,0,0,0,0,0,0,"N",1,33.3,0,0,0,0,0,0,0,0,0,0,0,0
"39141","5","71111","77","0","2008","A","N","Ross County, Ohio","Private","Theater companies and dinner theaters","County, NAICS 5-digit -- by ownership sector","All establishment sizes",1,0,0,0,0,0,0,"N",1.93,0,0,0,0,0,0,"N",0,0.0,0,0,0,0,0,0,0,0,0,0,0,0
"39141","5","711110","78","0","2008","A","N","Ross County, Ohio","Private","Theater companies and dinner theaters","County, NAICS 6-digit -- by ownership sector","All establishment sizes",1,0,0,0,0,0,0,"N",1.93,0,0,0,0,0,0,"N",0,0.0,0,0,0,0,0,0,0,0,0,0,0,0
"39141","5","71113","77","0","2008","A","N","Ross County, Ohio","Private","Musical groups and artists","County, NAICS 5-digit -- by ownership sector","All establishment sizes",3,0,0,0,0,0,0,"N",3.54,0,0,0,0,0,0,"N",1,50.0,0,0,0,0,0,0,0,0,0,0,0,0
"39141","5","711130","78","0","2008","A","N","Ross County, Ohio","Private","Musical groups and artists","County, NAICS 6-digit -- by ownership sector","All establishment sizes",3,0,0,0,0,0,0,"N",3.54,0,0,0,0,0,0,"N",1,50.0,0,0,0,0,0,0,0,0,0,0,0,0
"39141","5","7112","76","0","2008","A","","Ross County, Ohio","Private","Spectator sports","County, NAICS 4-digit -- by ownership sector","All establishment sizes",3,33,410152,277108,5644,236,12274,"",3.06,1.25,0.17,1.48,0.96,0.13,0.13,"",0,0.0,-3,-8.3,20512,5.3,9794,3.7,521,10.2,29,14.0,1525,14.2
"39141","5","71121","77","0","2008","A","","Ross County, Ohio","Private","Spectator sports","County, NAICS 5-digit -- by ownership sector","All establishment sizes",3,33,410152,277108,5644,236,12274,"",3.06,1.25,0.17,1.48,0.96,0.13,0.13,"",0,0.0,-3,-8.3,20512,5.3,9794,3.7,521,10.2,29,14.0,1525,14.2
"39141","5","711211","78","0","2008","A","N","Ross County, Ohio","Private","Sports teams and clubs","County, NAICS 6-digit -- by ownership sector","All establishment sizes",1,0,0,0,0,0,0,"N",3.82,0,0,0,0,0,0,"N",0,0.0,0,0,0,0,0,0,0,0,0,0,0,0
"39141","5","711212","78","0","2008","A","N","Ross County, Ohio","Private","Racetracks","County, NAICS 6-digit -- by ownership sector","All establishment sizes",1,0,0,0,0,0,0,"N",6.23,0,0,0,0,0,0,"N",0,0.0,0,0,0,0,0,0,0,0,0,0,0,0
"39141","5","711219","78","0","2008","A","N","Ross County, Ohio","Private","Other spectator sports","County, NAICS 6-digit -- by ownership sector","All establishment sizes",1,0,0,0,0,0,0,"N",1.79,0,0,0,0,0,0,"N",0,0.0,0,0,0,0,0,0,0,0,0,0,0,0
"39141","5","7113","76","0","2008","A","N","Ross County, Ohio","Private","Promoters of performing arts and sports","County, NAICS 4-digit -- by ownership sector","All establishment sizes",2,0,0,0,0,0,0,"N",2.11,0,0,0,0,0,0,"N",0,0.0,0,0,0,0,0,0,0,0,0,0,0,0
"39141","5","71131","77","0","2008","A","N","Ross County, Ohio","Private","Promoters with facilities","County, NAICS 5-digit -- by ownership sector","All establishment sizes",2,0,0,0,0,0,0,"N",5.18,0,0,0,0,0,0,"N",0,0.0,0,0,0,0,0,0,0,0,0,0,0,0
"39141","5","711310","78","0","2008","A","N","Ross County, Ohio","Private","Promoters with facilities","County, NAICS 6-digit -- by ownership sector","All establishment sizes",2,0,0,0,0,0,0,"N",5.18,0,0,0,0,0,0,"N",0,0.0,0,0,0,0,0,0,0,0,0,0,0,0
"39141","5","712","75","0","2008","A","N","Ross County, Ohio","Private","Museums, historical sites, zoos, and parks","County, NAICS 3-digit -- by ownership sector","All establishment sizes",1,0,0,0,0,0,0,"N",1.12,0,0,0,0,0,0,"N",0,0.0,0,0,0,0,0,0,0,0,0,0,0,0
"39141","5","7121","76","0","2008","A","N","Ross County, Ohio","Private","Museums, historical sites, zoos, and parks","County, NAICS 4-digit -- by ownership sector","All establishment sizes",1,0,0,0,0,0,0,"N",1.12,0,0,0,0,0,0,"N",0,0.0,0,0,0,0,0,0,0,0,0,0,0,0
"39141","5","71211","77","0","2008","A","N","Ross County, Ohio","Private","Museums","County, NAICS 5-digit -- by ownership sector","All establishment sizes",0,0,0,0,0,0,0,"N",0.00,0,0,0,0,0,0,"N",0,0,0,0,0,0,0,0,0,0,0,0,0,0
"39141","5","712110","78","0","2008","A","N","Ross County, Ohio","Private","Museums","County, NAICS 6-digit -- by ownership sector","All establishment sizes",0,0,0,0,0,0,0,"N",0.00,0,0,0,0,0,0,"N",0,0,0,0,0,0,0,0,0,0,0,0,0,0
"39141","5","71212","77","0","2008","A","N","Ross County, Ohio","Private","Historical sites","County, NAICS 5-digit -- by ownership sector","All establishment sizes",1,0,0,0,0,0,0,"N",10.54,0,0,0,0,0,0,"N",0,0.0,0,0,0,0,0,0,0,0,0,0,0,0
"39141","5","712120","78","0","2008","A","N","Ross County, Ohio","Private","Historical sites","County, NAICS 6-digit -- by ownership sector","All establishment sizes",1,0,0,0,0,0,0,"N",10.54,0,0,0,0,0,0,"N",0,0.0,0,0,0,0,0,0,0,0,0,0,0,0
"39141","5","713","75","0","2008","A","","Ross County, Ohio","Private","Amusements, gambling, and recreation","County, NAICS 3-digit -- by ownership sector","All establishment sizes",14,137,1708009,1001388,29586,241,12513,"",1.22,0.49,0.37,0.60,0.59,0.76,0.76,"",0,0.0,1,0.7,-3962,-0.2,9388,0.9,227,0.8,-2,-0.8,-106,-0.8
"39141","5","7139","76","0","2008","A","","Ross County, Ohio","Private","Other amusement and recreation industries","County, NAICS 4-digit -- by ownership sector","All establishment sizes",14,137,1708009,1001388,29586,241,12513,"",1.33,0.63,0.51,0.80,0.74,0.83,0.82,"",0,0.0,1,0.7,-3962,-0.2,9388,0.9,227,0.8,-2,-0.8,-106,-0.8
"39141","5","71391","77","0","2008","A","","Ross County, Ohio","Private","Golf courses and country clubs","County, NAICS 5-digit -- by ownership sector","All establishment sizes",6,60,820402,458194,17922,264,13731,"",3.31,0.87,0.65,1.02,0.99,0.75,0.75,"",0,0.0,-13,-17.8,-131895,-13.9,-114942,-20.1,-2276,-11.3,13,5.2,671,5.1
"39141","5","713910","78","0","2008","A","","Ross County, Ohio","Private","Golf courses and country clubs","County, NAICS 6-digit -- by ownership sector","All establishment sizes",6,60,820402,458194,17922,264,13731,"",3.31,0.87,0.65,1.02,0.99,0.75,0.75,"",0,0.0,-13,-17.8,-131895,-13.9,-114942,-20.1,-2276,-11.3,13,5.2,671,5.1
"39141","5","71394","77","0","2008","A","","Ross County, Ohio","Private","Fitness and recreational sports centers","County, NAICS 5-digit -- by ownership sector","All establishment sizes",6,50,411252,311284,6677,157,8171,"",1.25,0.51,0.33,0.64,0.53,0.63,0.63,"",0,0.0,17,51.5,203135,97.6,138987,80.7,3685,123.2,37,30.8,1927,30.9
"39141","5","713940","78","0","2008","A","","Ross County, Ohio","Private","Fitness and recreational sports centers","County, NAICS 6-digit -- by ownership sector","All establishment sizes",6,50,411252,311284,6677,157,8171,"",1.25,0.51,0.33,0.64,0.53,0.63,0.63,"",0,0.0,17,51.5,203135,97.6,138987,80.7,3685,123.2,37,30.8,1927,30.9
"39141","5","71395","77","0","2008","A","N","Ross County, Ohio","Private","Bowling centers","County, NAICS 5-digit -- by ownership sector","All establishment sizes",1,0,0,0,0,0,0,"N",1.43,0,0,0,0,0,0,"N",0,0.0,0,0,0,0,0,0,0,0,0,0,0,0
"39141","5","713950","78","0","2008","A","N","Ross County, Ohio","Private","Bowling centers","County, NAICS 6-digit -- by ownership sector","All establishment sizes",1,0,0,0,0,0,0,"N",1.43,0,0,0,0,0,0,"N",0,0.0,0,0,0,0,0,0,0,0,0,0,0,0
"39141","5","71399","77","0","2008","A","N","Ross County, Ohio","Private","All other amusement and recreation industries","County, NAICS 5-digit -- by ownership sector","All establishment sizes",1,0,0,0,0,0,0,"N",0.39,0,0,0,0,0,0,"N",-1,-50.0,0,0,0,0,0,0,0,0,0,0,0,0
"39141","5","713990","78","0","2008","A","N","Ross County, Ohio","Private","All other amusement and recreation industries","County, NAICS 6-digit -- by ownership sector","All establishment sizes",1,0,0,0,0,0,0,"N",0.39,0,0,0,0,0,0,"N",-1,-50.0,0,0,0,0,0,0,0,0,0,0,0,0
"39141","5","72","74","0","2008","A","","Ross County, Ohio","Private","Accommodation and food services","County, NAICS Sector -- by ownership sector","All establishment sizes",117,2427,29436581,19344705,266271,233,12128,"",1.21,1.09,0.95,1.39,0.90,0.87,0.87,"",0,0.0,-80,-3.2,1188202,4.2,202011,1.1,-27453,-9.3,16,7.4,859,7.6
"39141","5","721","75","0","2008","A","","Ross County, Ohio","Private","Accommodation","County, NAICS 3-digit -- by ownership sector","All establishment sizes",7,109,1312288,870643,11081,231,12021,"",0.69,0.30,0.17,0.30,0.17,0.56,0.56,"",0,0.0,-13,-10.7,-142441,-9.8,-124874,-12.5,-3337,-23.1,2,0.9,121,1.0
"39141","5","7211","76","0","2008","A","","Ross County, Ohio","Private","Traveler accommodation","County, NAICS 4-digit -- by ownership sector","All establishment sizes",7,109,1312288,870643,11081,231,12021,"",0.79,0.31,0.17,0.31,0.17,0.56,0.56,"",0,0.0,-13,-10.7,-142441,-9.8,-124874,-12.5,-3337,-23.1,2,0.9,121,1.0
"39141","5","72111","77","0","2008","A","","Ross County, Ohio","Private","Hotels and motels, except casino hotels","County, NAICS 5-digit -- by ownership sector","All establishment sizes",7,109,1312288,870643,11081,231,12021,"",0.87,0.38,0.22,0.43,0.21,0.59,0.59,"",0,0.0,-13,-10.7,-142441,-9.8,-124874,-12.5,-3337,-23.1,2,0.9,121,1.0
"39141","5","721110","78","0","2008","A","","Ross County, Ohio","Private","Hotels and motels, except casino hotels","County, NAICS 6-digit -- by ownership sector","All establishment sizes",7,109,1312288,870643,11081,231,12021,"",0.87,0.38,0.22,0.43,0.21,0.59,0.59,"",0,0.0,-13,-10.7,-142441,-9.8,-124874,-12.5,-3337,-23.1,2,0.9,121,1.0
"39141","5","722","75","0","2008","A","","Ross County, Ohio","Private","Food services and drinking places","County, NAICS 3-digit -- by ownership sector","All establishment sizes",111,2318,28124293,18474062,255190,233,12133,"",1.28,1.25,1.22,1.68,1.11,0.98,0.98,"",1,0.9,-67,-2.8,1330643,5.0,326885,1.8,-24116,-8.6,17,7.9,897,8.0
"39141","5","7221","76","0","2008","A","","Ross County, Ohio","Private","Full-service restaurants","County, NAICS 4-digit -- by ownership sector","All establishment sizes",31,1069,13598977,8662096,123184,245,12723,"",0.91,1.21,1.14,1.56,1.12,0.95,0.95,"",1,3.3,69,6.9,1767286,14.9,932478,12.1,7095,6.1,17,7.5,891,7.5
"39141","5","72211","77","0","2008","A","","Ross County, Ohio","Private","Full-service restaurants","County, NAICS 5-digit -- by ownership sector","All establishment sizes",31,1069,13598977,8662096,123184,245,12723,"",0.91,1.21,1.14,1.56,1.12,0.95,0.95,"",1,3.3,69,6.9,1767286,14.9,932478,12.1,7095,6.1,17,7.5,891,7.5
"39141","5","722110","78","0","2008","A","","Ross County, Ohio","Private","Full-service restaurants","County, NAICS 6-digit -- by ownership sector","All establishment sizes",31,1069,13598977,8662096,123184,245,12723,"",0.91,1.21,1.14,1.56,1.12,0.95,0.95,"",1,3.3,69,6.9,1767286,14.9,932478,12.1,7095,6.1,17,7.5,891,7.5
"39141","5","7222","76","0","2008","A","","Ross County, Ohio","Private","Limited-service eating places","County, NAICS 4-digit -- by ownership sector","All establishment sizes",62,1087,12880970,8585464,120833,228,11852,"",1.53,1.36,1.50,1.98,1.55,1.11,1.11,"",1,1.6,-123,-10.2,-383432,-2.9,-562971,-6.2,-30222,-20.0,17,8.1,886,8.1
"39141","5","72221","77","0","2008","A","","Ross County, Ohio","Private","Limited-service eating places","County, NAICS 5-digit -- by ownership sector","All establishment sizes",62,1087,12880970,8585464,120833,228,11852,"",1.53,1.36,1.50,1.98,1.55,1.11,1.11,"",1,1.6,-123,-10.2,-383432,-2.9,-562971,-6.2,-30222,-20.0,17,8.1,886,8.1
"39141","5","722211","78","0","2008","A","","Ross County, Ohio","Private","Limited-service restaurants","County, NAICS 6-digit -- by ownership sector","All establishment sizes",51,919,11039356,7301353,97012,231,12017,"",1.59,1.36,1.54,2.00,1.56,1.13,1.13,"",0,0.0,-58,-5.9,22099,0.2,-152862,-2.1,-4602,-4.5,14,6.5,745,6.6
"39141","5","722212","78","0","2008","A","N","Ross County, Ohio","Private","Cafeterias, grill buffets, and buffets","County, NAICS 6-digit -- by ownership sector","All establishment sizes",2,0,0,0,0,0,0,"N",1.71,0,0,0,0,0,0,"N",0,0.0,0,0,0,0,0,0,0,0,0,0,0,0
"39141","5","722213","78","0","2008","A","N","Ross County, Ohio","Private","Snack and nonalcoholic beverage bars","County, NAICS 6-digit -- by ownership sector","All establishment sizes",8,0,0,0,0,0,0,"N",1.11,0,0,0,0,0,0,"N",-1,-11.1,0,0,0,0,0,0,0,0,0,0,0,0
"39141","5","7223","76","0","2008","A","N","Ross County, Ohio","Private","Special food services","County, NAICS 4-digit -- by ownership sector","All establishment sizes",5,0,0,0,0,0,0,"N",1.09,0,0,0,0,0,0,"N",1,25.0,0,0,0,0,0,0,0,0,0,0,0,0
"39141","5","72231","77","0","2008","A","N","Ross County, Ohio","Private","Food service contractors","County, NAICS 5-digit -- by ownership sector","All establishment sizes",3,0,0,0,0,0,0,"N",1.19,0,0,0,0,0,0,"N",0,0.0,0,0,0,0,0,0,0,0,0,0,0,0
"39141","5","722310","78","0","2008","A","N","Ross County, Ohio","Private","Food service contractors","County, NAICS 6-digit -- by ownership sector","All establishment sizes",3,0,0,0,0,0,0,"N",1.19,0,0,0,0,0,0,"N",0,0.0,0,0,0,0,0,0,0,0,0,0,0,0
"39141","5","72232","77","0","2008","A","N","Ross County, Ohio","Private","Caterers","County, NAICS 5-digit -- by ownership sector","All establishment sizes",1,0,0,0,0,0,0,"N",0.55,0,0,0,0,0,0,"N",0,0.0,0,0,0,0,0,0,0,0,0,0,0,0
"39141","5","722320","78","0","2008","A","N","Ross County, Ohio","Private","Caterers","County, NAICS 6-digit -- by ownership sector","All establishment sizes",1,0,0,0,0,0,0,"N",0.55,0,0,0,0,0,0,"N",0,0.0,0,0,0,0,0,0,0,0,0,0,0,0
"39141","5","72233","77","0","2008","A","N","Ross County, Ohio","Private","Mobile food services","County, NAICS 5-digit -- by ownership sector","All establishment sizes",1,0,0,0,0,0,0,"N",3.85,0,0,0,0,0,0,"N",1,100.0,0,0,0,0,0,0,0,0,0,0,0,0
"39141","5","722330","78","0","2008","A","N","Ross County, Ohio","Private","Mobile food services","County, NAICS 6-digit -- by ownership sector","All establishment sizes",1,0,0,0,0,0,0,"N",3.85,0,0,0,0,0,0,"N",1,100.0,0,0,0,0,0,0,0,0,0,0,0,0
"39141","5","7224","76","0","2008","A","N","Ross County, Ohio","Private","Drinking places, alcoholic beverages","County, NAICS 4-digit -- by ownership sector","All establishment sizes",14,0,0,0,0,0,0,"N",1.88,0,0,0,0,0,0,"N",0,0.0,0,0,0,0,0,0,0,0,0,0,0,0
"39141","5","72241","77","0","2008","A","N","Ross County, Ohio","Private","Drinking places, alcoholic beverages","County, NAICS 5-digit -- by ownership sector","All establishment sizes",14,0,0,0,0,0,0,"N",1.88,0,0,0,0,0,0,"N",0,0.0,0,0,0,0,0,0,0,0,0,0,0,0
"39141","5","722410","78","0","2008","A","N","Ross County, Ohio","Private","Drinking places, alcoholic beverages","County, NAICS 6-digit -- by ownership sector","All establishment sizes",14,0,0,0,0,0,0,"N",1.88,0,0,0,0,0,0,"N",0,0.0,0,0,0,0,0,0,0,0,0,0,0,0
"39141","5","81","74","0","2008","A","","Ross County, Ohio","Private","Other services, except public administration","County, NAICS Sector -- by ownership sector","All establishment sizes",118,586,9743505,4420436,99763,320,16632,"",0.62,0.67,0.47,0.79,0.70,0.70,0.69,"",-1,-0.8,-30,-4.9,-52599,-0.5,-187873,-4.1,-1005,-1.0,14,4.6,738,4.6
"39141","5","811","75","0","2008","A","","Ross County, Ohio","Private","Repair and maintenance","County, NAICS 3-digit -- by ownership sector","All establishment sizes",39,158,4157699,1626240,56510,506,26328,"",1.09,0.67,0.59,0.85,1.17,0.89,0.89,"",1,2.6,4,2.6,158702,4.0,-12464,-0.8,7177,14.5,8,1.6,431,1.7
"39141","5","8111","76","0","2008","A","","Ross County, Ohio","Private","Automotive repair and maintenance","County, NAICS 4-digit -- by ownership sector","All establishment sizes",33,139,3610041,1406336,42342,500,25987,"",1.29,0.84,0.83,1.08,1.38,0.99,0.99,"",1,3.1,3,2.2,178204,5.2,10943,0.8,2023,5.0,14,2.9,706,2.8
"39141","5","81111","77","0","2008","A","","Ross County, Ohio","Private","Automotive mechanical and electrical repair","County, NAICS 5-digit -- by ownership sector","All establishment sizes",18,41,1016779,426792,5926,475,24699,"",1.21,0.55,0.49,0.70,0.43,0.88,0.88,"",2,12.5,5,13.9,106211,11.7,70473,19.8,2126,55.9,-17,-3.5,-891,-3.5
"39141","5","811111","78","0","2008","A","N","Ross County, Ohio","Private","General automotive repair","County, NAICS 6-digit -- by ownership sector","All establishment sizes",17,0,0,0,0,0,0,"N",1.40,0,0,0,0,0,0,"N",2,13.3,0,0,0,0,0,0,0,0,0,0,0,0
"39141","5","811112","78","0","2008","A","N","Ross County, Ohio","Private","Automotive exhaust system repair","County, NAICS 6-digit -- by ownership sector","All establishment sizes",1,0,0,0,0,0,0,"N",1.67,0,0,0,0,0,0,"N",0,0.0,0,0,0,0,0,0,0,0,0,0,0,0
"39141","5","81112","77","0","2008","A","","Ross County, Ohio","Private","Automotive body, interior, and glass repair","County, NAICS 5-digit -- by ownership sector","All establishment sizes",11,58,1972370,642856,28956,651,33860,"",1.64,1.19,1.26,1.56,2.65,1.05,1.05,"",0,0.0,-3,-4.9,36532,1.9,-69999,-9.8,5427,23.1,44,7.2,2297,7.3
"39141","5","811121","78","0","2008","A","","Ross County, Ohio","Private","Automotive body and interior repair","County, NAICS 6-digit -- by ownership sector","All establishment sizes",11,58,1972370,642856,28956,651,33860,"",1.92,1.36,1.41,1.78,3.02,1.04,1.04,"",0,0.0,-3,-4.9,36532,1.9,-69999,-9.8,5427,23.1,44,7.2,2297,7.3
"39141","5","81119","77","0","2008","A","","Ross County, Ohio","Private","Other automotive repair and maintenance","County, NAICS 5-digit -- by ownership sector","All establishment sizes",5,40,620892,336688,7460,302,15719,"",1.21,0.94,0.90,1.19,1.26,0.97,0.97,"",0,0.0,1,2.6,35461,6.1,10469,3.2,-5530,-42.6,12,4.1,644,4.3
"39141","5","811191","78","0","2008","A","N","Ross County, Ohio","Private","Automotive oil change and lubrication shops","County, NAICS 6-digit -- by ownership sector","All establishment sizes",2,0,0,0,0,0,0,"N",1.65,0,0,0,0,0,0,"N",0,0.0,0,0,0,0,0,0,0,0,0,0,0,0
"39141","5","811192","78","0","2008","A","N","Ross County, Ohio","Private","Car washes","County, NAICS 6-digit -- by ownership sector","All establishment sizes",3,0,0,0,0,0,0,"N",1.30,0,0,0,0,0,0,"N",0,0.0,0,0,0,0,0,0,0,0,0,0,0,0
"39141","5","8112","76","0","2008","A","N","Ross County, Ohio","Private","Electronic equipment repair and maintenance","County, NAICS 4-digit -- by ownership sector","All establishment sizes",1,0,0,0,0,0,0,"N",0.39,0,0,0,0,0,0,"N",0,0.0,0,0,0,0,0,0,0,0,0,0,0,0
"39141","5","81121","77","0","2008","A","N","Ross County, Ohio","Private","Electronic equipment repair and maintenance","County, NAICS 5-digit -- by ownership sector","All establishment sizes",1,0,0,0,0,0,0,"N",0.39,0,0,0,0,0,0,"N",0,0.0,0,0,0,0,0,0,0,0,0,0,0,0
"39141","5","811212","78","0","2008","A","N","Ross County, Ohio","Private","Computer and office machine repair","County, NAICS 6-digit -- by ownership sector","All establishment sizes",1,0,0,0,0,0,0,"N",0.87,0,0,0,0,0,0,"N",0,0.0,0,0,0,0,0,0,0,0,0,0,0,0
"39141","5","8113","76","0","2008","A","","Ross County, Ohio","Private","Commercial machinery repair and maintenance","County, NAICS 4-digit -- by ownership sector","All establishment sizes",4,18,537221,210208,13900,566,29437,"",0.93,0.49,0.36,0.64,1.46,0.73,0.73,"N",0,0.0,0,0,0,0,0,0,0,0,0,0,0,0
"39141","5","81131","77","0","2008","A","","Ross County, Ohio","Private","Commercial machinery repair and maintenance","County, NAICS 5-digit -- by ownership sector","All establishment sizes",4,18,537221,210208,13900,566,29437,"",0.93,0.49,0.36,0.64,1.46,0.73,0.73,"N",0,0.0,0,0,0,0,0,0,0,0,0,0,0,0
"39141","5","811310","78","0","2008","A","","Ross County, Ohio","Private","Commercial machinery repair and maintenance","County, NAICS 6-digit -- by ownership sector","All establishment sizes",4,18,537221,210208,13900,566,29437,"",0.93,0.49,0.36,0.64,1.46,0.73,0.73,"N",0,0.0,0,0,0,0,0,0,0,0,0,0,0,0
"39141","5","8114","76","0","2008","A","N","Ross County, Ohio","Private","Household goods repair and maintenance","County, NAICS 4-digit -- by ownership sector","All establishment sizes",1,0,0,0,0,0,0,"N",0.30,0,0,0,0,0,0,"N",0,0.0,0,0,0,0,0,0,0,0,0,0,0,0
"39141","5","81141","77","0","2008","A","N","Ross County, Ohio","Private","Home and garden equip. and appliance repair","County, NAICS 5-digit -- by ownership sector","All establishment sizes",1,0,0,0,0,0,0,"N",1.11,0,0,0,0,0,0,"N",0,0.0,0,0,0,0,0,0,0,0,0,0,0,0
"39141","5","811412","78","0","2008","A","N","Ross County, Ohio","Private","Appliance repair and maintenance","County, NAICS 6-digit -- by ownership sector","All establishment sizes",1,0,0,0,0,0,0,"N",1.47,0,0,0,0,0,0,"N",0,0.0,0,0,0,0,0,0,0,0,0,0,0,0
"39141","5","812","75","0","2008","A","","Ross County, Ohio","Private","Personal and laundry services","County, NAICS 3-digit -- by ownership sector","All establishment sizes",28,172,2653149,1249843,12714,298,15470,"",0.92,0.67,0.55,0.73,0.34,0.83,0.83,"",-2,-6.7,-16,-8.5,-212191,-7.4,-173471,-12.2,-711,-5.3,5,1.7,256,1.7
"39141","5","8121","76","0","2008","A","","Ross County, Ohio","Private","Personal care services","County, NAICS 4-digit -- by ownership sector","All establishment sizes",18,115,1390975,795761,8277,233,12131,"",1.06,0.96,0.73,1.02,0.55,0.76,0.76,"",1,5.9,0,0.0,96291,7.4,-38545,-4.6,1583,23.6,17,7.9,914,8.1
"39141","5","81211","77","0","2008","A","","Ross County, Ohio","Private","Hair, nail, and skin care services","County, NAICS 5-digit -- by ownership sector","All establishment sizes",15,79,1224314,664626,7290,297,15433,"",1.06,0.82,0.76,1.02,0.61,0.93,0.93,"",2,15.4,-1,-1.2,130692,12.0,-6873,-1.0,1714,30.7,34,12.9,1748,12.8
"39141","5","812112","78","0","2008","A","","Ross County, Ohio","Private","Beauty salons","County, NAICS 6-digit -- by ownership sector","All establishment sizes",12,74,1184065,626022,5913,306,15911,"",1.03,0.85,0.81,1.06,0.56,0.94,0.94,"",2,20.0,-1,-1.3,125468,11.9,-11417,-1.8,1201,25.5,35,12.9,1843,13.1
"39141","5","812113","78","0","2008","A","","Ross County, Ohio","Private","Nail salons","County, NAICS 6-digit -- by ownership sector","All establishment sizes",3,5,40249,38604,1377,157,8186,"",1.57,0.69,0.44,0.83,1.15,0.65,0.65,"",0,0.0,0,0.0,5224,14.9,4544,13.3,513,59.4,13,9.0,681,9.1
"39141","5","81219","77","0","2008","A","","Ross County, Ohio","Private","Other personal care services","County, NAICS 5-digit -- by ownership sector","All establishment sizes",4,35,166661,131135,987,91,4717,"",1.41,1.49,0.53,1.01,0.32,0.35,0.35,"",0,0.0,-1,-2.8,-34401,-17.1,-31672,-19.5,-131,-11.7,-18,-16.5,-947,-16.7
"39141","5","812191","78","0","2008","A","N","Ross County, Ohio","Private","Diet and weight reducing centers","County, NAICS 6-digit -- by ownership sector","All establishment sizes",1,0,0,0,0,0,0,"N",2.28,0,0,0,0,0,0,"N",0,0.0,0,0,0,0,0,0,0,0,0,0,0,0
"39141","5","812199","78","0","2008","A","N","Ross County, Ohio","Private","Other personal care services","County, NAICS 6-digit -- by ownership sector","All establishment sizes",3,0,0,0,0,0,0,"N",1.26,0,0,0,0,0,0,"N",0,0.0,0,0,0,0,0,0,0,0,0,0,0,0
"39141","5","8122","76","0","2008","A","","Ross County, Ohio","Private","Death care services","County, NAICS 4-digit -- by ownership sector","All establishment sizes",6,35,1022863,302126,3462,561,29155,"",2.02,1.36,1.46,1.80,0.90,1.07,1.07,"",-1,-14.3,-11,-23.9,-284319,-21.8,-101369,-25.1,-2233,-39.2,18,3.3,942,3.3
"39141","5","81221","77","0","2008","A","N","Ross County, Ohio","Private","Funeral homes and funeral services","County, NAICS 5-digit -- by ownership sector","All establishment sizes",4,0,0,0,0,0,0,"N",1.78,0,0,0,0,0,0,"N",-1,-20.0,0,0,0,0,0,0,0,0,0,0,0,0
"39141","5","812210","78","0","2008","A","N","Ross County, Ohio","Private","Funeral homes and funeral services","County, NAICS 6-digit -- by ownership sector","All establishment sizes",4,0,0,0,0,0,0,"N",1.78,0,0,0,0,0,0,"N",-1,-20.0,0,0,0,0,0,0,0,0,0,0,0,0
"39141","5","81222","77","0","2008","A","N","Ross County, Ohio","Private","Cemeteries and crematories","County, NAICS 5-digit -- by ownership sector","All establishment sizes",2,0,0,0,0,0,0,"N",2.75,0,0,0,0,0,0,"N",0,0.0,0,0,0,0,0,0,0,0,0,0,0,0
"39141","5","812220","78","0","2008","A","N","Ross County, Ohio","Private","Cemeteries and crematories","County, NAICS 6-digit -- by ownership sector","All establishment sizes",2,0,0,0,0,0,0,"N",2.75,0,0,0,0,0,0,"N",0,0.0,0,0,0,0,0,0,0,0,0,0,0,0
"39141","5","8123","76","0","2008","A","N","Ross County, Ohio","Private","Drycleaning and laundry services","County, NAICS 4-digit -- by ownership sector","All establishment sizes",2,0,0,0,0,0,0,"N",0.33,0,0,0,0,0,0,"N",-1,-33.3,0,0,0,0,0,0,0,0,0,0,0,0
"39141","5","81231","77","0","2008","A","N","Ross County, Ohio","Private","Coin-operated laundries and drycleaners","County, NAICS 5-digit -- by ownership sector","All establishment sizes",1,0,0,0,0,0,0,"N",0.66,0,0,0,0,0,0,"N",-1,-50.0,0,0,0,0,0,0,0,0,0,0,0,0
"39141","5","812310","78","0","2008","A","N","Ross County, Ohio","Private","Coin-operated laundries and drycleaners","County, NAICS 6-digit -- by ownership sector","All establishment sizes",1,0,0,0,0,0,0,"N",0.66,0,0,0,0,0,0,"N",-1,-50.0,0,0,0,0,0,0,0,0,0,0,0,0
"39141","5","81232","77","0","2008","A","N","Ross County, Ohio","Private","Drycleaning and laundry services","County, NAICS 5-digit -- by ownership sector","All establishment sizes",1,0,0,0,0,0,0,"N",0.25,0,0,0,0,0,0,"N",0,0.0,0,0,0,0,0,0,0,0,0,0,0,0
"39141","5","812320","78","0","2008","A","N","Ross County, Ohio","Private","Drycleaning and laundry services","County, NAICS 6-digit -- by ownership sector","All establishment sizes",1,0,0,0,0,0,0,"N",0.25,0,0,0,0,0,0,"N",0,0.0,0,0,0,0,0,0,0,0,0,0,0,0
"39141","5","8129","76","0","2008","A","N","Ross County, Ohio","Private","Other personal services","County, NAICS 4-digit -- by ownership sector","All establishment sizes",2,0,0,0,0,0,0,"N",0.43,0,0,0,0,0,0,"N",0,0.0,0,0,0,0,0,0,0,0,0,0,0,0
"39141","5","81291","77","0","2008","A","N","Ross County, Ohio","Private","Pet care, except veterinary, services","County, NAICS 5-digit -- by ownership sector","All establishment sizes",2,0,0,0,0,0,0,"N",1.10,0,0,0,0,0,0,"N",0,0.0,0,0,0,0,0,0,0,0,0,0,0,0
"39141","5","812910","78","0","2008","A","N","Ross County, Ohio","Private","Pet care, except veterinary, services","County, NAICS 6-digit -- by ownership sector","All establishment sizes",2,0,0,0,0,0,0,"N",1.10,0,0,0,0,0,0,"N",0,0.0,0,0,0,0,0,0,0,0,0,0,0,0
"39141","5","813","75","0","2008","A","","Ross County, Ohio","Private","Membership associations and organizations","County, NAICS 3-digit -- by ownership sector","All establishment sizes",23,216,2411100,1219435,23233,215,11188,"",1.06,0.81,0.33,0.99,0.71,0.40,0.40,"",1,4.5,-7,-3.1,194538,8.8,108101,9.7,737,3.3,24,12.6,1248,12.6
"39141","5","8132","76","0","2008","A","N","Ross County, Ohio","Private","Grantmaking and giving services","County, NAICS 4-digit -- by ownership sector","All establishment sizes",2,0,0,0,0,0,0,"N",1.00,0,0,0,0,0,0,"N",1,100.0,0,0,0,0,0,0,0,0,0,0,0,0
"39141","5","81321","77","0","2008","A","N","Ross County, Ohio","Private","Grantmaking and giving services","County, NAICS 5-digit -- by ownership sector","All establishment sizes",2,0,0,0,0,0,0,"N",1.00,0,0,0,0,0,0,"N",1,100.0,0,0,0,0,0,0,0,0,0,0,0,0
"39141","5","813211","78","0","2008","A","N","Ross County, Ohio","Private","Grantmaking foundations","County, NAICS 6-digit -- by ownership sector","All establishment sizes",2,0,0,0,0,0,0,"N",2.08,0,0,0,0,0,0,"N",1,100.0,0,0,0,0,0,0,0,0,0,0,0,0
"39141","5","8133","76","0","2008","A","N","Ross County, Ohio","Private","Social advocacy organizations","County, NAICS 4-digit -- by ownership sector","All establishment sizes",2,0,0,0,0,0,0,"N",0.73,0,0,0,0,0,0,"N",1,100.0,0,0,0,0,0,0,0,0,0,0,0,0
"39141","5","81331","77","0","2008","A","N","Ross County, Ohio","Private","Social advocacy organizations","County, NAICS 5-digit -- by ownership sector","All establishment sizes",2,0,0,0,0,0,0,"N",0.73,0,0,0,0,0,0,"N",1,100.0,0,0,0,0,0,0,0,0,0,0,0,0
"39141","5","813312","78","0","2008","A","N","Ross County, Ohio","Private","Environment and conservation organizations","County, NAICS 6-digit -- by ownership sector","All establishment sizes",1,0,0,0,0,0,0,"N",1.36,0,0,0,0,0,0,"N",0,0.0,0,0,0,0,0,0,0,0,0,0,0,0
"39141","5","813319","78","0","2008","A","N","Ross County, Ohio","Private","Other social advocacy organizations","County, NAICS 6-digit -- by ownership sector","All establishment sizes",1,0,0,0,0,0,0,"N",0.71,0,0,0,0,0,0,"N",1,100.0,0,0,0,0,0,0,0,0,0,0,0,0
"39141","5","8134","76","0","2008","A","","Ross County, Ohio","Private","Civic and social organizations","County, NAICS 4-digit -- by ownership sector","All establishment sizes",9,133,1219220,471483,14576,177,9196,"",2.04,1.64,1.08,2.13,2.63,0.66,0.66,"",-1,-10.0,-21,-13.6,-430775,-26.1,-331118,-41.3,-3214,-18.1,-28,-13.7,-1489,-13.9
"39141","5","81341","77","0","2008","A","","Ross County, Ohio","Private","Civic and social organizations","County, NAICS 5-digit -- by ownership sector","All establishment sizes",9,133,1219220,471483,14576,177,9196,"",2.04,1.64,1.08,2.13,2.63,0.66,0.66,"",-1,-10.0,-21,-13.6,-430775,-26.1,-331118,-41.3,-3214,-18.1,-28,-13.7,-1489,-13.9
"39141","5","813410","78","0","2008","A","","Ross County, Ohio","Private","Civic and social organizations","County, NAICS 6-digit -- by ownership sector","All establishment sizes",9,133,1219220,471483,14576,177,9196,"",2.04,1.64,1.08,2.13,2.63,0.66,0.66,"",-1,-10.0,-21,-13.6,-430775,-26.1,-331118,-41.3,-3214,-18.1,-28,-13.7,-1489,-13.9
"39141","5","8139","76","0","2008","A","","Ross County, Ohio","Private","Professional and similar organizations","County, NAICS 4-digit -- by ownership sector","All establishment sizes",10,52,589019,321247,4581,216,11255,"",1.07,0.60,0.17,0.55,0.32,0.29,0.29,"",0,0.0,-12,-18.8,64997,12.4,48521,17.8,313,7.3,59,37.6,3067,37.5
"39141","5","81391","77","0","2008","A","N","Ross County, Ohio","Private","Business associations","County, NAICS 5-digit -- by ownership sector","All establishment sizes",2,0,0,0,0,0,0,"N",0.64,0,0,0,0,0,0,"N",0,0.0,0,0,0,0,0,0,0,0,0,0,0,0
"39141","5","813910","78","0","2008","A","N","Ross County, Ohio","Private","Business associations","County, NAICS 6-digit -- by ownership sector","All establishment sizes",2,0,0,0,0,0,0,"N",0.64,0,0,0,0,0,0,"N",0,0.0,0,0,0,0,0,0,0,0,0,0,0,0
"39141","5","81393","77","0","2008","A","","Ross County, Ohio","Private","Labor unions and similar labor organizations","County, NAICS 5-digit -- by ownership sector","All establishment sizes",6,41,238971,222833,2211,112,5840,"",2.55,1.58,0.33,1.55,0.59,0.21,0.21,"",0,0.0,-11,-21.2,31337,15.1,58645,35.7,832,60.3,35,45.5,1834,45.8
"39141","5","813930","78","0","2008","A","","Ross County, Ohio","Private","Labor unions and similar labor organizations","County, NAICS 6-digit -- by ownership sector","All establishment sizes",6,41,238971,222833,2211,112,5840,"",2.55,1.58,0.33,1.55,0.59,0.21,0.21,"",0,0.0,-11,-21.2,31337,15.1,58645,35.7,832,60.3,35,45.5,1834,45.8
"39141","5","81399","77","0","2008","A","N","Ross County, Ohio","Private","Other similar organizations","County, NAICS 5-digit -- by ownership sector","All establishment sizes",2,0,0,0,0,0,0,"N",0.83,0,0,0,0,0,0,"N",0,0.0,0,0,0,0,0,0,0,0,0,0,0,0
"39141","5","813990","78","0","2008","A","N","Ross County, Ohio","Private","Other similar organizations","County, NAICS 6-digit -- by ownership sector","All establishment sizes",2,0,0,0,0,0,0,"N",0.83,0,0,0,0,0,0,"N",0,0.0,0,0,0,0,0,0,0,0,0,0,0,0
"39141","5","814","75","0","2008","A","","Ross County, Ohio","Private","Private households","County, NAICS 3-digit -- by ownership sector","All establishment sizes",27,41,521557,324918,7306,245,12747,"",0.27,0.36,0.32,0.43,0.30,0.87,0.87,"",-2,-6.9,-10,-19.6,-193648,-27.1,-110039,-25.3,-8208,-52.9,-27,-9.9,-1392,-9.8
"39141","5","8141","76","0","2008","A","","Ross County, Ohio","Private","Private households","County, NAICS 4-digit -- by ownership sector","All establishment sizes",27,41,521557,324918,7306,245,12747,"",0.27,0.36,0.32,0.43,0.30,0.87,0.87,"",-2,-6.9,-10,-19.6,-193648,-27.1,-110039,-25.3,-8208,-52.9,-27,-9.9,-1392,-9.8
"39141","5","81411","77","0","2008","A","","Ross County, Ohio","Private","Private households","County, NAICS 5-digit -- by ownership sector","All establishment sizes",27,41,521557,324918,7306,245,12747,"",0.27,0.36,0.32,0.43,0.30,0.87,0.87,"",-2,-6.9,-10,-19.6,-193648,-27.1,-110039,-25.3,-8208,-52.9,-27,-9.9,-1392,-9.8
"39141","5","814110","78","0","2008","A","","Ross County, Ohio","Private","Private households","County, NAICS 6-digit -- by ownership sector","All establishment sizes",27,41,521557,324918,7306,245,12747,"",0.27,0.36,0.32,0.43,0.30,0.87,0.87,"",-2,-6.9,-10,-19.6,-193648,-27.1,-110039,-25.3,-8208,-52.9,-27,-9.9,-1392,-9.8
