"area_fips","own_code","industry_code","agglvl_code","size_code","year","qtr","disclosure_code","area_title","own_title","industry_title","agglvl_title","size_title","annual_avg_estabs_count","annual_avg_emplvl","total_annual_wages","taxable_annual_wages","annual_contributions","annual_avg_wkly_wage","avg_annual_pay","lq_disclosure_code","lq_annual_avg_estabs_count","lq_annual_avg_emplvl","lq_total_annual_wages","lq_taxable_annual_wages","lq_annual_contributions","lq_annual_avg_wkly_wage","lq_avg_annual_pay","oty_disclosure_code","oty_annual_avg_estabs_count_chg","oty_annual_avg_estabs_count_pct_chg","oty_annual_avg_emplvl_chg","oty_annual_avg_emplvl_pct_chg","oty_total_annual_wages_chg","oty_total_annual_wages_pct_chg","oty_taxable_annual_wages_chg","oty_taxable_annual_wages_pct_chg","oty_annual_contributions_chg","oty_annual_contributions_pct_chg","oty_annual_avg_wkly_wage_chg","oty_annual_avg_wkly_wage_pct_chg","oty_avg_annual_pay_chg","oty_avg_annual_pay_pct_chg"
"30103","0","10","70","0","2008","A","","Treasure County, Montana","Total Covered","Total, all industries","County, Total Covered","All establishment sizes",40,196,4504292,2457958,16849,442,22962,"",1.00,1.00,1.00,1.00,1.00,1.00,1.00,"",-3,-7.0,-10,-4.9,-7370,-0.2,-126968,-4.9,-4177,-19.9,21,5.0,1078,4.9
"30103","1","10","71","0","2008","A","","Treasure County, Montana","Federal Government","Total, all industries","County, Total -- by ownership sector","All establishment sizes",4,10,207529,0,0,416,21655,"",14.12,2.49,1.55,0.00,0.00,0.65,0.65,"",0,0.0,2,25.0,-2499,-1.2,0,0.0,0,0.0,-84,-16.8,-4328,-16.7
"30103","1","102","72","0","2008","A","","Treasure County, Montana","Federal Government","Service-providing","County, by Domain -- by ownership sector","All establishment sizes",4,10,207529,0,0,416,21655,"",14.14,2.53,1.57,0.00,0.00,0.65,0.65,"",0,0.0,2,25.0,-2499,-1.2,0,0.0,0,0.0,-84,-16.8,-4328,-16.7
"30103","1","1021","73","0","2008","A","","Treasure County, Montana","Federal Government","Trade, transportation, and utilities","County, by Supersector -- by ownership sector","All establishment sizes",2,5,77820,0,0,310,16101,"",14.42,4.16,2.45,0.00,0.00,0.61,0.61,"",0,0.0,1,25.0,4766,6.5,0,0.0,0,0.0,-73,-19.1,-3823,-19.2
"30103","1","1028","73","0","2008","A","","Treasure County, Montana","Federal Government","Public administration","County, by Supersector -- by ownership sector","All establishment sizes",2,5,129709,0,0,525,27307,"",16.34,2.39,1.62,0.00,0.00,0.72,0.72,"",0,0.0,1,25.0,-7265,-5.3,0,0.0,0,0.0,-71,-11.9,-3706,-11.9
"30103","1","48-49","74","0","2008","A","","Treasure County, Montana","Federal Government","Transportation and warehousing","County, NAICS Sector -- by ownership sector","All establishment sizes",2,5,77820,0,0,310,16101,"",14.77,4.51,2.60,0.00,0.00,0.60,0.60,"",0,0.0,1,25.0,4766,6.5,0,0.0,0,0.0,-73,-19.1,-3823,-19.2
"30103","1","491","75","0","2008","A","","Treasure County, Montana","Federal Government","Postal service","County, NAICS 3-digit -- by ownership sector","All establishment sizes",2,5,77820,0,0,310,16101,"",14.89,4.60,2.69,0.00,0.00,0.60,0.60,"",0,0.0,1,25.0,4766,6.5,0,0.0,0,0.0,-73,-19.1,-3823,-19.2
"30103","1","4911","76","0","2008","A","","Treasure County, Montana","Federal Government","Postal service","County, NAICS 4-digit -- by ownership sector","All establishment sizes",2,5,77820,0,0,310,16101,"",14.89,4.60,2.69,0.00,0.00,0.60,0.60,"",0,0.0,1,25.0,4766,6.5,0,0.0,0,0.0,-73,-19.1,-3823,-19.2
"30103","1","49111","77","0","2008","A","","Treasure County, Montana","Federal Government","Postal service","County, NAICS 5-digit -- by ownership sector","All establishment sizes",2,5,77820,0,0,310,16101,"",14.89,4.60,2.69,0.00,0.00,0.60,0.60,"",0,0.0,1,25.0,4766,6.5,0,0.0,0,0.0,-73,-19.1,-3823,-19.2
"30103","1","491110","78","0","2008","A","","Treasure County, Montana","Federal Government","Postal service","County, NAICS 6-digit -- by ownership sector","All establishment sizes",2,5,77820,0,0,310,16101,"",14.89,4.60,2.69,0.00,0.00,0.60,0.60,"",0,0.0,1,25.0,4766,6.5,0,0.0,0,0.0,-73,-19.1,-3823,-19.2
"30103","1","92","74","0","2008","A","","Treasure County, Montana","Federal Government","Public administration","County, NAICS Sector -- by ownership sector","All establishment sizes",2,5,129709,0,0,525,27307,"",16.34,2.39,1.62,0.00,0.00,0.72,0.72,"",0,0.0,1,25.0,-7265,-5.3,0,0.0,0,0.0,-71,-11.9,-3706,-11.9
"30103","1","924","75","0","2008","A","","Treasure County, Montana","Federal Government","Administration of environmental programs","County, NAICS 3-digit -- by ownership sector","All establishment sizes",2,5,129709,0,0,525,27307,"",68.67,31.86,24.84,0.00,0.00,0.82,0.82,"",0,0.0,1,25.0,-7265,-5.3,0,0.0,0,0.0,-71,-11.9,-3706,-11.9
"30103","1","9241","76","0","2008","A","","Treasure County, Montana","Federal Government","Administration of environmental programs","County, NAICS 4-digit -- by ownership sector","All establishment sizes",2,5,129709,0,0,525,27307,"",68.67,31.86,24.84,0.00,0.00,0.82,0.82,"",0,0.0,1,25.0,-7265,-5.3,0,0.0,0,0.0,-71,-11.9,-3706,-11.9
"30103","1","92412","77","0","2008","A","","Treasure County, Montana","Federal Government","Administration of conservation programs","County, NAICS 5-digit -- by ownership sector","All establishment sizes",2,5,129709,0,0,525,27307,"",70.83,38.02,31.18,0.00,0.00,0.86,0.86,"",0,0.0,1,25.0,-7265,-5.3,0,0.0,0,0.0,-71,-11.9,-3706,-11.9
"30103","1","924120","78","0","2008","A","","Treasure County, Montana","Federal Government","Administration of conservation programs","County, NAICS 6-digit -- by ownership sector","All establishment sizes",2,5,129709,0,0,525,27307,"",70.83,38.02,31.18,0.00,0.00,0.86,0.86,"",0,0.0,1,25.0,-7265,-5.3,0,0.0,0,0.0,-71,-11.9,-3706,-11.9
"30103","2","10","71","0","2008","A","N","Treasure County, Montana","State Government","Total, all industries","County, Total -- by ownership sector","All establishment sizes",4,0,0,0,0,0,0,"N",13.42,0,0,0,0,0,0,"N",0,0.0,0,0,0,0,0,0,0,0,0,0,0,0
"30103","2","101","72","0","2008","A","N","Treasure County, Montana","State Government","Goods-producing","County, by Domain -- by ownership sector","All establishment sizes",1,0,0,0,0,0,0,"N",116.20,0,0,0,0,0,0,"N",0,0.0,0,0,0,0,0,0,0,0,0,0,0,0
"30103","2","1012","73","0","2008","A","N","Treasure County, Montana","State Government","Construction","County, by Supersector -- by ownership sector","All establishment sizes",1,0,0,0,0,0,0,"N",127.13,0,0,0,0,0,0,"N",0,0.0,0,0,0,0,0,0,0,0,0,0,0,0
"30103","2","102","72","0","2008","A","N","Treasure County, Montana","State Government","Service-providing","County, by Domain -- by ownership sector","All establishment sizes",3,0,0,0,0,0,0,"N",10.36,0,0,0,0,0,0,"N",0,0.0,0,0,0,0,0,0,0,0,0,0,0,0
"30103","2","1028","73","0","2008","A","N","Treasure County, Montana","State Government","Public administration","County, by Supersector -- by ownership sector","All establishment sizes",3,0,0,0,0,0,0,"N",13.96,0,0,0,0,0,0,"N",0,0.0,0,0,0,0,0,0,0,0,0,0,0,0
"30103","2","23","74","0","2008","A","N","Treasure County, Montana","State Government","Construction","County, NAICS Sector -- by ownership sector","All establishment sizes",1,0,0,0,0,0,0,"N",127.13,0,0,0,0,0,0,"N",0,0.0,0,0,0,0,0,0,0,0,0,0,0,0
"30103","2","237","75","0","2008","A","N","Treasure County, Montana","State Government","Heavy and civil engineering construction","County, NAICS 3-digit -- by ownership sector","All establishment sizes",1,0,0,0,0,0,0,"N",127.49,0,0,0,0,0,0,"N",0,0.0,0,0,0,0,0,0,0,0,0,0,0,0
"30103","2","2373","76","0","2008","A","N","Treasure County, Montana","State Government","Highway, street, and bridge construction","County, NAICS 4-digit -- by ownership sector","All establishment sizes",1,0,0,0,0,0,0,"N",127.63,0,0,0,0,0,0,"N",0,0.0,0,0,0,0,0,0,0,0,0,0,0,0
"30103","2","23731","77","0","2008","A","N","Treasure County, Montana","State Government","Highway, street, and bridge construction","County, NAICS 5-digit -- by ownership sector","All establishment sizes",1,0,0,0,0,0,0,"N",127.63,0,0,0,0,0,0,"N",0,0.0,0,0,0,0,0,0,0,0,0,0,0,0
"30103","2","237310","78","0","2008","A","N","Treasure County, Montana","State Government","Highway, street, and bridge construction","County, NAICS 6-digit -- by ownership sector","All establishment sizes",1,0,0,0,0,0,0,"N",127.63,0,0,0,0,0,0,"N",0,0.0,0,0,0,0,0,0,0,0,0,0,0,0
"30103","2","92","74","0","2008","A","N","Treasure County, Montana","State Government","Public administration","County, NAICS Sector -- by ownership sector","All establishment sizes",3,0,0,0,0,0,0,"N",13.96,0,0,0,0,0,0,"N",0,0.0,0,0,0,0,0,0,0,0,0,0,0,0
"30103","2","921","75","0","2008","A","N","Treasure County, Montana","State Government","Executive, legislative and general government","County, NAICS 3-digit -- by ownership sector","All establishment sizes",1,0,0,0,0,0,0,"N",42.04,0,0,0,0,0,0,"N",0,0.0,0,0,0,0,0,0,0,0,0,0,0,0
"30103","2","9211","76","0","2008","A","N","Treasure County, Montana","State Government","Executive, legislative and general government","County, NAICS 4-digit -- by ownership sector","All establishment sizes",1,0,0,0,0,0,0,"N",42.04,0,0,0,0,0,0,"N",0,0.0,0,0,0,0,0,0,0,0,0,0,0,0
"30103","2","92113","77","0","2008","A","N","Treasure County, Montana","State Government","Public finance activities","County, NAICS 5-digit -- by ownership sector","All establishment sizes",1,0,0,0,0,0,0,"N",96.09,0,0,0,0,0,0,"N",0,0.0,0,0,0,0,0,0,0,0,0,0,0,0
"30103","2","921130","78","0","2008","A","N","Treasure County, Montana","State Government","Public finance activities","County, NAICS 6-digit -- by ownership sector","All establishment sizes",1,0,0,0,0,0,0,"N",96.09,0,0,0,0,0,0,"N",0,0.0,0,0,0,0,0,0,0,0,0,0,0,0
"30103","2","922","75","0","2008","A","N","Treasure County, Montana","State Government","Justice, public order, and safety activities","County, NAICS 3-digit -- by ownership sector","All establishment sizes",1,0,0,0,0,0,0,"N",16.57,0,0,0,0,0,0,"N",0,0.0,0,0,0,0,0,0,0,0,0,0,0,0
"30103","2","9221","76","0","2008","A","N","Treasure County, Montana","State Government","Justice, public order, and safety activities","County, NAICS 4-digit -- by ownership sector","All establishment sizes",1,0,0,0,0,0,0,"N",16.57,0,0,0,0,0,0,"N",0,0.0,0,0,0,0,0,0,0,0,0,0,0,0
"30103","2","92212","77","0","2008","A","N","Treasure County, Montana","State Government","Police protection","County, NAICS 5-digit -- by ownership sector","All establishment sizes",1,0,0,0,0,0,0,"N",89.64,0,0,0,0,0,0,"N",0,0.0,0,0,0,0,0,0,0,0,0,0,0,0
"30103","2","922120","78","0","2008","A","N","Treasure County, Montana","State Government","Police protection","County, NAICS 6-digit -- by ownership sector","All establishment sizes",1,0,0,0,0,0,0,"N",89.64,0,0,0,0,0,0,"N",0,0.0,0,0,0,0,0,0,0,0,0,0,0,0
"30103","2","924","75","0","2008","A","N","Treasure County, Montana","State Government","Administration of environmental programs","County, NAICS 3-digit -- by ownership sector","All establishment sizes",1,0,0,0,0,0,0,"N",33.85,0,0,0,0,0,0,"N",0,0.0,0,0,0,0,0,0,0,0,0,0,0,0
"30103","2","9241","76","0","2008","A","N","Treasure County, Montana","State Government","Administration of environmental programs","County, NAICS 4-digit -- by ownership sector","All establishment sizes",1,0,0,0,0,0,0,"N",33.85,0,0,0,0,0,0,"N",0,0.0,0,0,0,0,0,0,0,0,0,0,0,0
"30103","2","92412","77","0","2008","A","N","Treasure County, Montana","State Government","Administration of conservation programs","County, NAICS 5-digit -- by ownership sector","All establishment sizes",1,0,0,0,0,0,0,"N",42.15,0,0,0,0,0,0,"N",0,0.0,0,0,0,0,0,0,0,0,0,0,0,0
"30103","2","924120","78","0","2008","A","N","Treasure County, Montana","State Government","Administration of conservation programs","County, NAICS 6-digit -- by ownership sector","All establishment sizes",1,0,0,0,0,0,0,"N",42.15,0,0,0,0,0,0,"N",0,0.0,0,0,0,0,0,0,0,0,0,0,0,0
"30103","3","10","71","0","2008","A","N","Treasure County, Montana","Local Government","Total, all industries","County, Total -- by ownership sector","All establishment sizes",4,0,0,0,0,0,0,"N",5.65,0,0,0,0,0,0,"N",0,0.0,0,0,0,0,0,0,0,0,0,0,0,0
"30103","3","102","72","0","2008","A","N","Treasure County, Montana","Local Government","Service-providing","County, by Domain -- by ownership sector","All establishment sizes",4,0,0,0,0,0,0,"N",5.82,0,0,0,0,0,0,"N",0,0.0,0,0,0,0,0,0,0,0,0,0,0,0
"30103","3","1025","73","0","2008","A","N","Treasure County, Montana","Local Government","Education and health services","County, by Supersector -- by ownership sector","All establishment sizes",1,0,0,0,0,0,0,"N",3.36,0,0,0,0,0,0,"N",0,0.0,0,0,0,0,0,0,0,0,0,0,0,0
"30103","3","1028","73","0","2008","A","N","Treasure County, Montana","Local Government","Public administration","County, by Supersector -- by ownership sector","All establishment sizes",3,0,0,0,0,0,0,"N",11.44,0,0,0,0,0,0,"N",0,0.0,0,0,0,0,0,0,0,0,0,0,0,0
"30103","3","61","74","0","2008","A","N","Treasure County, Montana","Local Government","Educational services","County, NAICS Sector -- by ownership sector","All establishment sizes",1,0,0,0,0,0,0,"N",3.72,0,0,0,0,0,0,"N",0,0.0,0,0,0,0,0,0,0,0,0,0,0,0
"30103","3","611","75","0","2008","A","N","Treasure County, Montana","Local Government","Educational services","County, NAICS 3-digit -- by ownership sector","All establishment sizes",1,0,0,0,0,0,0,"N",3.72,0,0,0,0,0,0,"N",0,0.0,0,0,0,0,0,0,0,0,0,0,0,0
"30103","3","6111","76","0","2008","A","N","Treasure County, Montana","Local Government","Elementary and secondary schools","County, NAICS 4-digit -- by ownership sector","All establishment sizes",1,0,0,0,0,0,0,"N",3.85,0,0,0,0,0,0,"N",0,0.0,0,0,0,0,0,0,0,0,0,0,0,0
"30103","3","61111","77","0","2008","A","N","Treasure County, Montana","Local Government","Elementary and secondary schools","County, NAICS 5-digit -- by ownership sector","All establishment sizes",1,0,0,0,0,0,0,"N",3.85,0,0,0,0,0,0,"N",0,0.0,0,0,0,0,0,0,0,0,0,0,0,0
"30103","3","611110","78","0","2008","A","N","Treasure County, Montana","Local Government","Elementary and secondary schools","County, NAICS 6-digit -- by ownership sector","All establishment sizes",1,0,0,0,0,0,0,"N",3.85,0,0,0,0,0,0,"N",0,0.0,0,0,0,0,0,0,0,0,0,0,0,0
"30103","3","92","74","0","2008","A","N","Treasure County, Montana","Local Government","Public administration","County, NAICS Sector -- by ownership sector","All establishment sizes",3,0,0,0,0,0,0,"N",11.44,0,0,0,0,0,0,"N",0,0.0,0,0,0,0,0,0,0,0,0,0,0,0
"30103","3","921","75","0","2008","A","N","Treasure County, Montana","Local Government","Executive, legislative and general government","County, NAICS 3-digit -- by ownership sector","All establishment sizes",2,0,0,0,0,0,0,"N",12.56,0,0,0,0,0,0,"N",0,0.0,0,0,0,0,0,0,0,0,0,0,0,0
"30103","3","9211","76","0","2008","A","N","Treasure County, Montana","Local Government","Executive, legislative and general government","County, NAICS 4-digit -- by ownership sector","All establishment sizes",2,0,0,0,0,0,0,"N",12.56,0,0,0,0,0,0,"N",0,0.0,0,0,0,0,0,0,0,0,0,0,0,0
"30103","3","92119","77","0","2008","A","N","Treasure County, Montana","Local Government","Other general government support","County, NAICS 5-digit -- by ownership sector","All establishment sizes",2,0,0,0,0,0,0,"N",114.53,0,0,0,0,0,0,"N",0,0.0,0,0,0,0,0,0,0,0,0,0,0,0
"30103","3","921190","78","0","2008","A","N","Treasure County, Montana","Local Government","Other general government support","County, NAICS 6-digit -- by ownership sector","All establishment sizes",2,0,0,0,0,0,0,"N",114.53,0,0,0,0,0,0,"N",0,0.0,0,0,0,0,0,0,0,0,0,0,0,0
"30103","3","924","75","0","2008","A","N","Treasure County, Montana","Local Government","Administration of environmental programs","County, NAICS 3-digit -- by ownership sector","All establishment sizes",1,0,0,0,0,0,0,"N",60.95,0,0,0,0,0,0,"N",0,0.0,0,0,0,0,0,0,0,0,0,0,0,0
"30103","3","9241","76","0","2008","A","N","Treasure County, Montana","Local Government","Administration of environmental programs","County, NAICS 4-digit -- by ownership sector","All establishment sizes",1,0,0,0,0,0,0,"N",60.95,0,0,0,0,0,0,"N",0,0.0,0,0,0,0,0,0,0,0,0,0,0,0
"30103","3","92412","77","0","2008","A","N","Treasure County, Montana","Local Government","Administration of conservation programs","County, NAICS 5-digit -- by ownership sector","All establishment sizes",1,0,0,0,0,0,0,"N",94.96,0,0,0,0,0,0,"N",0,0.0,0,0,0,0,0,0,0,0,0,0,0,0
"30103","3","924120","78","0","2008","A","N","Treasure County, Montana","Local Government","Administration of conservation programs","County, NAICS 6-digit -- by ownership sector","All establishment sizes",1,0,0,0,0,0,0,"N",94.96,0,0,0,0,0,0,"N",0,0.0,0,0,0,0,0,0,0,0,0,0,0,0
"30103","5","10","71","0","2008","A","","Treasure County, Montana","Private","Total, all industries","County, Total -- by ownership sector","All establishment sizes",28,126,3025237,2023854,14656,462,24010,"",0.72,0.77,0.80,0.84,0.88,1.05,1.05,"",-3,-9.7,2,1.6,210595,7.5,99875,5.2,-3630,-19.9,27,6.2,1387,6.1
"30103","5","101","72","0","2008","A","","Treasure County, Montana","Private","Goods-producing","County, by Domain -- by ownership sector","All establishment sizes",11,58,1404976,1077335,9692,470,24434,"",1.83,1.78,1.64,1.89,1.93,0.93,0.93,"",-2,-15.4,4,7.4,81577,6.2,41307,4.0,-2757,-22.1,-3,-0.6,-187,-0.8
"30103","5","1011","73","0","2008","A","","Treasure County, Montana","Private","Natural resources and mining","County, by Supersector -- by ownership sector","All establishment sizes",8,50,1261933,955891,6617,481,25030,"",14.41,18.27,18.59,19.79,18.72,1.01,1.01,"",0,0.0,3,6.4,82095,7.0,47544,5.2,-3438,-34.2,2,0.4,148,0.6
"30103","5","1012","73","0","2008","A","N","Treasure County, Montana","Private","Construction","County, by Supersector -- by ownership sector","All establishment sizes",2,0,0,0,0,0,0,"N",0.51,0,0,0,0,0,0,"N",-2,-50.0,0,0,0,0,0,0,0,0,0,0,0,0
"30103","5","1013","73","0","2008","A","N","Treasure County, Montana","Private","Manufacturing","County, by Supersector -- by ownership sector","All establishment sizes",1,0,0,0,0,0,0,"N",0.63,0,0,0,0,0,0,"N",0,0.0,0,0,0,0,0,0,0,0,0,0,0,0
"30103","5","102","72","0","2008","A","","Treasure County, Montana","Private","Service-providing","County, by Domain -- by ownership sector","All establishment sizes",17,69,1620261,946519,4964,455,23653,"",0.52,0.52,0.56,0.51,0.42,1.07,1.07,"",-2,-10.5,-2,-2.8,129018,8.7,58568,6.6,-873,-15.0,49,12.1,2551,12.1
"30103","5","1021","73","0","2008","A","","Treasure County, Montana","Private","Trade, transportation, and utilities","County, by Supersector -- by ownership sector","All establishment sizes",8,43,1143675,643889,1748,508,26393,"",0.95,1.13,1.56,1.14,0.52,1.37,1.37,"",0,0.0,6,16.2,224304,24.4,139720,27.7,-556,-24.1,29,6.1,1489,6.0
"30103","5","1022","73","0","2008","A","N","Treasure County, Montana","Private","Information","County, by Supersector -- by ownership sector","All establishment sizes",1,0,0,0,0,0,0,"N",1.56,0,0,0,0,0,0,"N",0,0.0,0,0,0,0,0,0,0,0,0,0,0,0
"30103","5","1023","73","0","2008","A","N","Treasure County, Montana","Private","Financial activities","County, by Supersector -- by ownership sector","All establishment sizes",2,0,0,0,0,0,0,"N",0.53,0,0,0,0,0,0,"N",0,0.0,0,0,0,0,0,0,0,0,0,0,0,0
"30103","5","1024","73","0","2008","A","N","Treasure County, Montana","Private","Professional and business services","County, by Supersector -- by ownership sector","All establishment sizes",1,0,0,0,0,0,0,"N",0.15,0,0,0,0,0,0,"N",-2,-66.7,0,0,0,0,0,0,0,0,0,0,0,0
"30103","5","1025","73","0","2008","A","N","Treasure County, Montana","Private","Education and health services","County, by Supersector -- by ownership sector","All establishment sizes",2,0,0,0,0,0,0,"N",0.54,0,0,0,0,0,0,"N",-1,-33.3,0,0,0,0,0,0,0,0,0,0,0,0
"30103","5","1026","73","0","2008","A","N","Treasure County, Montana","Private","Leisure and hospitality","County, by Supersector -- by ownership sector","All establishment sizes",2,0,0,0,0,0,0,"N",0.62,0,0,0,0,0,0,"N",0,0.0,0,0,0,0,0,0,0,0,0,0,0,0
"30103","5","1029","73","0","2008","A","","Treasure County, Montana","Private","Unclassified","County, by Supersector -- by ownership sector","All establishment sizes",0,0,4305,4305,112,0,0,"",0.00,0.00,0.61,0.69,2.04,0.00,0.00,"N",0,0,0,0,0,0,0,0,0,0,0,0,0,0
"30103","5","11","74","0","2008","A","","Treasure County, Montana","Private","Agriculture, forestry, fishing and hunting","County, NAICS Sector -- by ownership sector","All establishment sizes",8,50,1261933,955891,6617,481,25030,"",19.05,29.42,56.65,34.20,26.47,1.91,1.91,"",0,0.0,3,6.4,82095,7.0,47544,5.2,-3438,-34.2,2,0.4,148,0.6
"30103","5","111","75","0","2008","A","N","Treasure County, Montana","Private","Crop production","County, NAICS 3-digit -- by ownership sector","All establishment sizes",3,0,0,0,0,0,0,"N",16.13,0,0,0,0,0,0,"N",0,0.0,0,0,0,0,0,0,0,0,0,0,0,0
"30103","5","1111","76","0","2008","A","N","Treasure County, Montana","Private","Oilseed and grain farming","County, NAICS 4-digit -- by ownership sector","All establishment sizes",1,0,0,0,0,0,0,"N",30.15,0,0,0,0,0,0,"N",0,0.0,0,0,0,0,0,0,0,0,0,0,0,0
"30103","5","11119","77","0","2008","A","N","Treasure County, Montana","Private","Other grain farming","County, NAICS 5-digit -- by ownership sector","All establishment sizes",1,0,0,0,0,0,0,"N",87.94,0,0,0,0,0,0,"N",0,0.0,0,0,0,0,0,0,0,0,0,0,0,0
"30103","5","111199","78","0","2008","A","N","Treasure County, Montana","Private","All other grain farming","County, NAICS 6-digit -- by ownership sector","All establishment sizes",1,0,0,0,0,0,0,"N",270.94,0,0,0,0,0,0,"N",0,0.0,0,0,0,0,0,0,0,0,0,0,0,0
"30103","5","1119","76","0","2008","A","N","Treasure County, Montana","Private","Other crop farming","County, NAICS 4-digit -- by ownership sector","All establishment sizes",2,0,0,0,0,0,0,"N",47.50,0,0,0,0,0,0,"N",0,0.0,0,0,0,0,0,0,0,0,0,0,0,0
"30103","5","11199","77","0","2008","A","N","Treasure County, Montana","Private","All other crop farming","County, NAICS 5-digit -- by ownership sector","All establishment sizes",2,0,0,0,0,0,0,"N",119.25,0,0,0,0,0,0,"N",0,0.0,0,0,0,0,0,0,0,0,0,0,0,0
"30103","5","111991","78","0","2008","A","N","Treasure County, Montana","Private","Sugar beet farming","County, NAICS 6-digit -- by ownership sector","All establishment sizes",1,0,0,0,0,0,0,"N",844.06,0,0,0,0,0,0,"N",0,0.0,0,0,0,0,0,0,0,0,0,0,0,0
"30103","5","111998","78","0","2008","A","N","Treasure County, Montana","Private","All other miscellaneous crop farming","County, NAICS 6-digit -- by ownership sector","All establishment sizes",1,0,0,0,0,0,0,"N",67.45,0,0,0,0,0,0,"N",0,0.0,0,0,0,0,0,0,0,0,0,0,0,0
"30103","5","112","75","0","2008","A","","Treasure County, Montana","Private","Animal production and aquaculture","County, NAICS 3-digit -- by ownership sector","All establishment sizes",4,33,766195,558465,3906,443,23043,"",40.58,99.99,157.64,97.60,173.97,1.57,1.57,"",0,0.0,4,13.8,133157,21.0,83477,17.6,-572,-12.8,20,4.7,1024,4.7
"30103","5","1121","76","0","2008","A","","Treasure County, Montana","Private","Cattle ranching and farming","County, NAICS 4-digit -- by ownership sector","All establishment sizes",4,33,766195,558465,3906,443,23043,"",63.23,169.45,279.08,168.66,306.94,1.63,1.64,"",0,0.0,4,13.8,133157,21.0,83477,17.6,-572,-12.8,20,4.7,1024,4.7
"30103","5","11211","77","0","2008","A","","Treasure County, Montana","Private","Beef cattle ranching, farming, and feedlots","County, NAICS 5-digit -- by ownership sector","All establishment sizes",4,33,766195,558465,3906,443,23043,"",118.63,488.80,752.93,510.53,1042.23,1.53,1.53,"",0,0.0,4,13.8,133157,21.0,83477,17.6,-572,-12.8,20,4.7,1024,4.7
"30103","5","112111","78","0","2008","A","","Treasure County, Montana","Private","Beef cattle ranching and farming","County, NAICS 6-digit -- by ownership sector","All establishment sizes",4,33,766195,558465,3906,443,23043,"",137.98,714.23,1174.18,741.97,1440.21,1.63,1.63,"",0,0.0,4,13.8,133157,21.0,83477,17.6,-572,-12.8,20,4.7,1024,4.7
"30103","5","113","75","0","2008","A","N","Treasure County, Montana","Private","Forestry and logging","County, NAICS 3-digit -- by ownership sector","All establishment sizes",1,0,0,0,0,0,0,"N",21.48,0,0,0,0,0,0,"N",0,0.0,0,0,0,0,0,0,0,0,0,0,0,0
"30103","5","1133","76","0","2008","A","N","Treasure County, Montana","Private","Logging","County, NAICS 4-digit -- by ownership sector","All establishment sizes",1,0,0,0,0,0,0,"N",23.52,0,0,0,0,0,0,"N",0,0.0,0,0,0,0,0,0,0,0,0,0,0,0
"30103","5","11331","77","0","2008","A","N","Treasure County, Montana","Private","Logging","County, NAICS 5-digit -- by ownership sector","All establishment sizes",1,0,0,0,0,0,0,"N",23.52,0,0,0,0,0,0,"N",0,0.0,0,0,0,0,0,0,0,0,0,0,0,0
"30103","5","113310","78","0","2008","A","N","Treasure County, Montana","Private","Logging","County, NAICS 6-digit -- by ownership sector","All establishment sizes",1,0,0,0,0,0,0,"N",23.52,0,0,0,0,0,0,"N",0,0.0,0,0,0,0,0,0,0,0,0,0,0,0
"30103","5","22","74","0","2008","A","N","Treasure County, Montana","Private","Utilities","County, NAICS Sector -- by ownership sector","All establishment sizes",1,0,0,0,0,0,0,"N",13.87,0,0,0,0,0,0,"N",0,0.0,0,0,0,0,0,0,0,0,0,0,0,0
"30103","5","221","75","0","2008","A","N","Treasure County, Montana","Private","Utilities","County, NAICS 3-digit -- by ownership sector","All establishment sizes",1,0,0,0,0,0,0,"N",13.87,0,0,0,0,0,0,"N",0,0.0,0,0,0,0,0,0,0,0,0,0,0,0
"30103","5","2211","76","0","2008","A","N","Treasure County, Montana","Private","Power generation and supply","County, NAICS 4-digit -- by ownership sector","All establishment sizes",1,0,0,0,0,0,0,"N",28.21,0,0,0,0,0,0,"N",0,0.0,0,0,0,0,0,0,0,0,0,0,0,0
"30103","5","22112","77","0","2008","A","N","Treasure County, Montana","Private","Electric power transmission and distribution","County, NAICS 5-digit -- by ownership sector","All establishment sizes",1,0,0,0,0,0,0,"N",50.66,0,0,0,0,0,0,"N",0,0.0,0,0,0,0,0,0,0,0,0,0,0,0
"30103","5","221122","78","0","2008","A","N","Treasure County, Montana","Private","Electric power distribution","County, NAICS 6-digit -- by ownership sector","All establishment sizes",1,0,0,0,0,0,0,"N",58.41,0,0,0,0,0,0,"N",0,0.0,0,0,0,0,0,0,0,0,0,0,0,0
"30103","5","23","74","0","2008","A","N","Treasure County, Montana","Private","Construction","County, NAICS Sector -- by ownership sector","All establishment sizes",2,0,0,0,0,0,0,"N",0.51,0,0,0,0,0,0,"N",-2,-50.0,0,0,0,0,0,0,0,0,0,0,0,0
"30103","5","237","75","0","2008","A","N","Treasure County, Montana","Private","Heavy and civil engineering construction","County, NAICS 3-digit -- by ownership sector","All establishment sizes",1,0,0,0,0,0,0,"N",3.95,0,0,0,0,0,0,"N",-2,-66.7,0,0,0,0,0,0,0,0,0,0,0,0
"30103","5","2371","76","0","2008","A","N","Treasure County, Montana","Private","Utility system construction","County, NAICS 4-digit -- by ownership sector","All establishment sizes",0,0,0,0,0,0,0,"N",0.00,0,0,0,0,0,0,"N",-2,-100.0,0,0,0,0,0,0,0,0,0,0,0,0
"30103","5","23711","77","0","2008","A","N","Treasure County, Montana","Private","Water and sewer system construction","County, NAICS 5-digit -- by ownership sector","All establishment sizes",0,0,0,0,0,0,0,"N",0.00,0,0,0,0,0,0,"N",-2,-100.0,0,0,0,0,0,0,0,0,0,0,0,0
"30103","5","237110","78","0","2008","A","N","Treasure County, Montana","Private","Water and sewer system construction","County, NAICS 6-digit -- by ownership sector","All establishment sizes",0,0,0,0,0,0,0,"N",0.00,0,0,0,0,0,0,"N",-2,-100.0,0,0,0,0,0,0,0,0,0,0,0,0
"30103","5","2379","76","0","2008","A","N","Treasure County, Montana","Private","Other heavy construction","County, NAICS 4-digit -- by ownership sector","All establishment sizes",1,0,0,0,0,0,0,"N",28.20,0,0,0,0,0,0,"N",0,0.0,0,0,0,0,0,0,0,0,0,0,0,0
"30103","5","23799","77","0","2008","A","N","Treasure County, Montana","Private","Other heavy construction","County, NAICS 5-digit -- by ownership sector","All establishment sizes",1,0,0,0,0,0,0,"N",28.20,0,0,0,0,0,0,"N",0,0.0,0,0,0,0,0,0,0,0,0,0,0,0
"30103","5","237990","78","0","2008","A","N","Treasure County, Montana","Private","Other heavy construction","County, NAICS 6-digit -- by ownership sector","All establishment sizes",1,0,0,0,0,0,0,"N",28.20,0,0,0,0,0,0,"N",0,0.0,0,0,0,0,0,0,0,0,0,0,0,0
"30103","5","238","75","0","2008","A","N","Treasure County, Montana","Private","Specialty trade contractors","County, NAICS 3-digit -- by ownership sector","All establishment sizes",1,0,0,0,0,0,0,"N",0.41,0,0,0,0,0,0,"N",0,0.0,0,0,0,0,0,0,0,0,0,0,0,0
"30103","5","2381","76","0","2008","A","N","Treasure County, Montana","Private","Building foundation and exterior contractors","County, NAICS 4-digit -- by ownership sector","All establishment sizes",1,0,0,0,0,0,0,"N",1.92,0,0,0,0,0,0,"N",0,0.0,0,0,0,0,0,0,0,0,0,0,0,0
"30103","5","23813","77","0","2008","A","N","Treasure County, Montana","Private","Framing contractors","County, NAICS 5-digit -- by ownership sector","All establishment sizes",1,0,0,0,0,0,0,"N",13.42,0,0,0,0,0,0,"N",0,0.0,0,0,0,0,0,0,0,0,0,0,0,0
"30103","5","238131","78","0","2008","A","N","Treasure County, Montana","Private","Residential framing contractors","County, NAICS 6-digit -- by ownership sector","All establishment sizes",1,0,0,0,0,0,0,"N",15.22,0,0,0,0,0,0,"N",0,0.0,0,0,0,0,0,0,0,0,0,0,0,0
"30103","5","31-33","74","0","2008","A","N","Treasure County, Montana","Private","Manufacturing","County, NAICS Sector -- by ownership sector","All establishment sizes",1,0,0,0,0,0,0,"N",0.63,0,0,0,0,0,0,"N",0,0.0,0,0,0,0,0,0,0,0,0,0,0,0
"30103","5","326","75","0","2008","A","N","Treasure County, Montana","Private","Plastics and rubber products manufacturing","County, NAICS 3-digit -- by ownership sector","All establishment sizes",1,0,0,0,0,0,0,"N",16.33,0,0,0,0,0,0,"N",0,0.0,0,0,0,0,0,0,0,0,0,0,0,0
"30103","5","3261","76","0","2008","A","N","Treasure County, Montana","Private","Plastics product manufacturing","County, NAICS 4-digit -- by ownership sector","All establishment sizes",1,0,0,0,0,0,0,"N",19.44,0,0,0,0,0,0,"N",0,0.0,0,0,0,0,0,0,0,0,0,0,0,0
"30103","5","32619","77","0","2008","A","N","Treasure County, Montana","Private","Other plastics product manufacturing","County, NAICS 5-digit -- by ownership sector","All establishment sizes",1,0,0,0,0,0,0,"N",32.99,0,0,0,0,0,0,"N",0,0.0,0,0,0,0,0,0,0,0,0,0,0,0
"30103","5","326199","78","0","2008","A","N","Treasure County, Montana","Private","All other plastics product manufacturing","County, NAICS 6-digit -- by ownership sector","All establishment sizes",1,0,0,0,0,0,0,"N",35.99,0,0,0,0,0,0,"N",0,0.0,0,0,0,0,0,0,0,0,0,0,0,0
"30103","5","42","74","0","2008","A","","Treasure County, Montana","Private","Wholesale trade","County, NAICS Sector -- by ownership sector","All establishment sizes",4,23,602801,342629,642,508,26400,"",1.44,2.66,2.23,2.33,0.66,0.85,0.85,"",1,33.3,9,64.3,214014,55.0,132746,63.2,407,173.2,-26,-4.9,-1371,-4.9
"30103","5","423","75","0","2008","A","N","Treasure County, Montana","Private","Merchant wholesalers, durable goods","County, NAICS 3-digit -- by ownership sector","All establishment sizes",1,0,0,0,0,0,0,"N",0.88,0,0,0,0,0,0,"N",0,0.0,0,0,0,0,0,0,0,0,0,0,0,0
"30103","5","4238","76","0","2008","A","N","Treasure County, Montana","Private","Machinery and supply merchant wholesalers","County, NAICS 4-digit -- by ownership sector","All establishment sizes",1,0,0,0,0,0,0,"N",3.62,0,0,0,0,0,0,"N",0,0.0,0,0,0,0,0,0,0,0,0,0,0,0
"30103","5","42382","77","0","2008","A","N","Treasure County, Montana","Private","Farm and garden equip. merchant wholesalers","County, NAICS 5-digit -- by ownership sector","All establishment sizes",1,0,0,0,0,0,0,"N",26.02,0,0,0,0,0,0,"N",0,0.0,0,0,0,0,0,0,0,0,0,0,0,0
"30103","5","423820","78","0","2008","A","N","Treasure County, Montana","Private","Farm and garden equip. merchant wholesalers","County, NAICS 6-digit -- by ownership sector","All establishment sizes",1,0,0,0,0,0,0,"N",26.02,0,0,0,0,0,0,"N",0,0.0,0,0,0,0,0,0,0,0,0,0,0,0
"30103","5","424","75","0","2008","A","N","Treasure County, Montana","Private","Merchant wholesalers, nondurable goods","County, NAICS 3-digit -- by ownership sector","All establishment sizes",3,0,0,0,0,0,0,"N",4.86,0,0,0,0,0,0,"N",1,50.0,0,0,0,0,0,0,0,0,0,0,0,0
"30103","5","4247","76","0","2008","A","N","Treasure County, Montana","Private","Petroleum merchant wholesalers","County, NAICS 4-digit -- by ownership sector","All establishment sizes",1,0,0,0,0,0,0,"N",27.34,0,0,0,0,0,0,"N",0,0.0,0,0,0,0,0,0,0,0,0,0,0,0
"30103","5","42472","77","0","2008","A","N","Treasure County, Montana","Private","Other petroleum merchant wholesalers","County, NAICS 5-digit -- by ownership sector","All establishment sizes",1,0,0,0,0,0,0,"N",40.76,0,0,0,0,0,0,"N",0,0.0,0,0,0,0,0,0,0,0,0,0,0,0
"30103","5","424720","78","0","2008","A","N","Treasure County, Montana","Private","Other petroleum merchant wholesalers","County, NAICS 6-digit -- by ownership sector","All establishment sizes",1,0,0,0,0,0,0,"N",40.76,0,0,0,0,0,0,"N",0,0.0,0,0,0,0,0,0,0,0,0,0,0,0
"30103","5","4249","76","0","2008","A","N","Treasure County, Montana","Private","Misc. nondurable goods merchant wholesalers","County, NAICS 4-digit -- by ownership sector","All establishment sizes",2,0,0,0,0,0,0,"N",12.97,0,0,0,0,0,0,"N",1,100.0,0,0,0,0,0,0,0,0,0,0,0,0
"30103","5","42491","77","0","2008","A","N","Treasure County, Montana","Private","Farm supplies merchant wholesalers","County, NAICS 5-digit -- by ownership sector","All establishment sizes",2,0,0,0,0,0,0,"N",41.01,0,0,0,0,0,0,"N",1,100.0,0,0,0,0,0,0,0,0,0,0,0,0
"30103","5","424910","78","0","2008","A","N","Treasure County, Montana","Private","Farm supplies merchant wholesalers","County, NAICS 6-digit -- by ownership sector","All establishment sizes",2,0,0,0,0,0,0,"N",41.01,0,0,0,0,0,0,"N",1,100.0,0,0,0,0,0,0,0,0,0,0,0,0
"30103","5","44-45","74","0","2008","A","N","Treasure County, Montana","Private","Retail trade","County, NAICS Sector -- by ownership sector","All establishment sizes",2,0,0,0,0,0,0,"N",0.43,0,0,0,0,0,0,"N",-1,-33.3,0,0,0,0,0,0,0,0,0,0,0,0
"30103","5","444","75","0","2008","A","N","Treasure County, Montana","Private","Building material and garden supply stores","County, NAICS 3-digit -- by ownership sector","All establishment sizes",1,0,0,0,0,0,0,"N",2.92,0,0,0,0,0,0,"N",0,0.0,0,0,0,0,0,0,0,0,0,0,0,0
"30103","5","4441","76","0","2008","A","N","Treasure County, Montana","Private","Building material and supplies dealers","County, NAICS 4-digit -- by ownership sector","All establishment sizes",1,0,0,0,0,0,0,"N",3.73,0,0,0,0,0,0,"N",0,0.0,0,0,0,0,0,0,0,0,0,0,0,0
"30103","5","44413","77","0","2008","A","N","Treasure County, Montana","Private","Hardware stores","County, NAICS 5-digit -- by ownership sector","All establishment sizes",1,0,0,0,0,0,0,"N",14.32,0,0,0,0,0,0,"N",0,0.0,0,0,0,0,0,0,0,0,0,0,0,0
"30103","5","444130","78","0","2008","A","N","Treasure County, Montana","Private","Hardware stores","County, NAICS 6-digit -- by ownership sector","All establishment sizes",1,0,0,0,0,0,0,"N",14.32,0,0,0,0,0,0,"N",0,0.0,0,0,0,0,0,0,0,0,0,0,0,0
"30103","5","445","75","0","2008","A","N","Treasure County, Montana","Private","Food and beverage stores","County, NAICS 3-digit -- by ownership sector","All establishment sizes",0,0,0,0,0,0,0,"N",0.00,0,0,0,0,0,0,"N",-1,-100.0,0,0,0,0,0,0,0,0,0,0,0,0
"30103","5","4451","76","0","2008","A","N","Treasure County, Montana","Private","Grocery stores","County, NAICS 4-digit -- by ownership sector","All establishment sizes",0,0,0,0,0,0,0,"N",0.00,0,0,0,0,0,0,"N",-1,-100.0,0,0,0,0,0,0,0,0,0,0,0,0
"30103","5","44511","77","0","2008","A","N","Treasure County, Montana","Private","Supermarkets and other grocery stores","County, NAICS 5-digit -- by ownership sector","All establishment sizes",0,0,0,0,0,0,0,"N",0.00,0,0,0,0,0,0,"N",-1,-100.0,0,0,0,0,0,0,0,0,0,0,0,0
"30103","5","445110","78","0","2008","A","N","Treasure County, Montana","Private","Supermarkets and other grocery stores","County, NAICS 6-digit -- by ownership sector","All establishment sizes",0,0,0,0,0,0,0,"N",0.00,0,0,0,0,0,0,"N",-1,-100.0,0,0,0,0,0,0,0,0,0,0,0,0
"30103","5","447","75","0","2008","A","N","Treasure County, Montana","Private","Gasoline stations","County, NAICS 3-digit -- by ownership sector","All establishment sizes",1,0,0,0,0,0,0,"N",2.16,0,0,0,0,0,0,"N",0,0.0,0,0,0,0,0,0,0,0,0,0,0,0
"30103","5","4471","76","0","2008","A","N","Treasure County, Montana","Private","Gasoline stations","County, NAICS 4-digit -- by ownership sector","All establishment sizes",1,0,0,0,0,0,0,"N",2.16,0,0,0,0,0,0,"N",0,0.0,0,0,0,0,0,0,0,0,0,0,0,0
"30103","5","44711","77","0","2008","A","N","Treasure County, Montana","Private","Gasoline stations with convenience stores","County, NAICS 5-digit -- by ownership sector","All establishment sizes",1,0,0,0,0,0,0,"N",2.49,0,0,0,0,0,0,"N",0,0.0,0,0,0,0,0,0,0,0,0,0,0,0
"30103","5","447110","78","0","2008","A","N","Treasure County, Montana","Private","Gasoline stations with convenience stores","County, NAICS 6-digit -- by ownership sector","All establishment sizes",1,0,0,0,0,0,0,"N",2.49,0,0,0,0,0,0,"N",0,0.0,0,0,0,0,0,0,0,0,0,0,0,0
"30103","5","48-49","74","0","2008","A","N","Treasure County, Montana","Private","Transportation and warehousing","County, NAICS Sector -- by ownership sector","All establishment sizes",1,0,0,0,0,0,0,"N",1.02,0,0,0,0,0,0,"N",0,0.0,0,0,0,0,0,0,0,0,0,0,0,0
"30103","5","485","75","0","2008","A","N","Treasure County, Montana","Private","Transit and ground passenger transportation","County, NAICS 3-digit -- by ownership sector","All establishment sizes",1,0,0,0,0,0,0,"N",12.48,0,0,0,0,0,0,"N",0,0.0,0,0,0,0,0,0,0,0,0,0,0,0
"30103","5","4854","76","0","2008","A","N","Treasure County, Montana","Private","School and employee bus transportation","County, NAICS 4-digit -- by ownership sector","All establishment sizes",1,0,0,0,0,0,0,"N",50.93,0,0,0,0,0,0,"N",0,0.0,0,0,0,0,0,0,0,0,0,0,0,0
"30103","5","48541","77","0","2008","A","N","Treasure County, Montana","Private","School and employee bus transportation","County, NAICS 5-digit -- by ownership sector","All establishment sizes",1,0,0,0,0,0,0,"N",50.93,0,0,0,0,0,0,"N",0,0.0,0,0,0,0,0,0,0,0,0,0,0,0
"30103","5","485410","78","0","2008","A","N","Treasure County, Montana","Private","School and employee bus transportation","County, NAICS 6-digit -- by ownership sector","All establishment sizes",1,0,0,0,0,0,0,"N",50.93,0,0,0,0,0,0,"N",0,0.0,0,0,0,0,0,0,0,0,0,0,0,0
"30103","5","51","74","0","2008","A","N","Treasure County, Montana","Private","Information","County, NAICS Sector -- by ownership sector","All establishment sizes",1,0,0,0,0,0,0,"N",1.56,0,0,0,0,0,0,"N",0,0.0,0,0,0,0,0,0,0,0,0,0,0,0
"30103","5","517","75","0","2008","A","N","Treasure County, Montana","Private","Telecommunications","County, NAICS 3-digit -- by ownership sector","All establishment sizes",1,0,0,0,0,0,0,"N",4.81,0,0,0,0,0,0,"N",0,0.0,0,0,0,0,0,0,0,0,0,0,0,0
"30103","5","5171","76","0","2008","A","N","Treasure County, Montana","Private","Wired telecommunications carriers","County, NAICS 4-digit -- by ownership sector","All establishment sizes",1,0,0,0,0,0,0,"N",8.34,0,0,0,0,0,0,"N",0,0.0,0,0,0,0,0,0,0,0,0,0,0,0
"30103","5","51711","77","0","2008","A","N","Treasure County, Montana","Private","Wired telecommunications carriers","County, NAICS 5-digit -- by ownership sector","All establishment sizes",1,0,0,0,0,0,0,"N",8.34,0,0,0,0,0,0,"N",0,0.0,0,0,0,0,0,0,0,0,0,0,0,0
"30103","5","517110","78","0","2008","A","N","Treasure County, Montana","Private","Wired telecommunications carriers","County, NAICS 6-digit -- by ownership sector","All establishment sizes",1,0,0,0,0,0,0,"N",8.34,0,0,0,0,0,0,"N",0,0.0,0,0,0,0,0,0,0,0,0,0,0,0
"30103","5","52","74","0","2008","A","N","Treasure County, Montana","Private","Finance and insurance","County, NAICS Sector -- by ownership sector","All establishment sizes",2,0,0,0,0,0,0,"N",0.93,0,0,0,0,0,0,"N",1,100.0,0,0,0,0,0,0,0,0,0,0,0,0
"30103","5","522","75","0","2008","A","N","Treasure County, Montana","Private","Credit intermediation and related activities","County, NAICS 3-digit -- by ownership sector","All establishment sizes",1,0,0,0,0,0,0,"N",1.11,0,0,0,0,0,0,"N",0,0.0,0,0,0,0,0,0,0,0,0,0,0,0
"30103","5","5221","76","0","2008","A","N","Treasure County, Montana","Private","Depository credit intermediation","County, NAICS 4-digit -- by ownership sector","All establishment sizes",1,0,0,0,0,0,0,"N",2.10,0,0,0,0,0,0,"N",0,0.0,0,0,0,0,0,0,0,0,0,0,0,0
"30103","5","52211","77","0","2008","A","N","Treasure County, Montana","Private","Commercial banking","County, NAICS 5-digit -- by ownership sector","All establishment sizes",1,0,0,0,0,0,0,"N",2.92,0,0,0,0,0,0,"N",0,0.0,0,0,0,0,0,0,0,0,0,0,0,0
"30103","5","522110","78","0","2008","A","N","Treasure County, Montana","Private","Commercial banking","County, NAICS 6-digit -- by ownership sector","All establishment sizes",1,0,0,0,0,0,0,"N",2.92,0,0,0,0,0,0,"N",0,0.0,0,0,0,0,0,0,0,0,0,0,0,0
"30103","5","523","75","0","2008","A","N","Treasure County, Montana","Private","Securities, commodity contracts, investments","County, NAICS 3-digit -- by ownership sector","All establishment sizes",1,0,0,0,0,0,0,"N",2.45,0,0,0,0,0,0,"N",1,100.0,0,0,0,0,0,0,0,0,0,0,0,0
"30103","5","5239","76","0","2008","A","N","Treasure County, Montana","Private","Other financial investment activities","County, NAICS 4-digit -- by ownership sector","All establishment sizes",1,0,0,0,0,0,0,"N",4.14,0,0,0,0,0,0,"N",1,100.0,0,0,0,0,0,0,0,0,0,0,0,0
"30103","5","52393","77","0","2008","A","N","Treasure County, Montana","Private","Investment advice","County, NAICS 5-digit -- by ownership sector","All establishment sizes",1,0,0,0,0,0,0,"N",7.64,0,0,0,0,0,0,"N",1,100.0,0,0,0,0,0,0,0,0,0,0,0,0
"30103","5","523930","78","0","2008","A","N","Treasure County, Montana","Private","Investment advice","County, NAICS 6-digit -- by ownership sector","All establishment sizes",1,0,0,0,0,0,0,"N",7.64,0,0,0,0,0,0,"N",1,100.0,0,0,0,0,0,0,0,0,0,0,0,0
"30103","5","54","74","0","2008","A","N","Treasure County, Montana","Private","Professional and technical services","County, NAICS Sector -- by ownership sector","All establishment sizes",1,0,0,0,0,0,0,"N",0.23,0,0,0,0,0,0,"N",-1,-50.0,0,0,0,0,0,0,0,0,0,0,0,0
"30103","5","541","75","0","2008","A","N","Treasure County, Montana","Private","Professional and technical services","County, NAICS 3-digit -- by ownership sector","All establishment sizes",1,0,0,0,0,0,0,"N",0.23,0,0,0,0,0,0,"N",-1,-50.0,0,0,0,0,0,0,0,0,0,0,0,0
"30103","5","5411","76","0","2008","A","N","Treasure County, Montana","Private","Legal services","County, NAICS 4-digit -- by ownership sector","All establishment sizes",1,0,0,0,0,0,0,"N",1.20,0,0,0,0,0,0,"N",0,0.0,0,0,0,0,0,0,0,0,0,0,0,0
"30103","5","54111","77","0","2008","A","N","Treasure County, Montana","Private","Offices of lawyers","County, NAICS 5-digit -- by ownership sector","All establishment sizes",1,0,0,0,0,0,0,"N",1.31,0,0,0,0,0,0,"N",0,0.0,0,0,0,0,0,0,0,0,0,0,0,0
"30103","5","541110","78","0","2008","A","N","Treasure County, Montana","Private","Offices of lawyers","County, NAICS 6-digit -- by ownership sector","All establishment sizes",1,0,0,0,0,0,0,"N",1.31,0,0,0,0,0,0,"N",0,0.0,0,0,0,0,0,0,0,0,0,0,0,0
"30103","5","62","74","0","2008","A","N","Treasure County, Montana","Private","Health care and social assistance","County, NAICS Sector -- by ownership sector","All establishment sizes",2,0,0,0,0,0,0,"N",0.60,0,0,0,0,0,0,"N",-1,-33.3,0,0,0,0,0,0,0,0,0,0,0,0
"30103","5","621","75","0","2008","A","N","Treasure County, Montana","Private","Ambulatory health care services","County, NAICS 3-digit -- by ownership sector","All establishment sizes",1,0,0,0,0,0,0,"N",0.44,0,0,0,0,0,0,"N",0,0.0,0,0,0,0,0,0,0,0,0,0,0,0
"30103","5","6211","76","0","2008","A","N","Treasure County, Montana","Private","Offices of physicians","County, NAICS 4-digit -- by ownership sector","All establishment sizes",1,0,0,0,0,0,0,"N",1.06,0,0,0,0,0,0,"N",0,0.0,0,0,0,0,0,0,0,0,0,0,0,0
"30103","5","62111","77","0","2008","A","N","Treasure County, Montana","Private","Offices of physicians","County, NAICS 5-digit -- by ownership sector","All establishment sizes",1,0,0,0,0,0,0,"N",1.06,0,0,0,0,0,0,"N",0,0.0,0,0,0,0,0,0,0,0,0,0,0,0
"30103","5","621111","78","0","2008","A","N","Treasure County, Montana","Private","Offices of physicians, except mental health","County, NAICS 6-digit -- by ownership sector","All establishment sizes",1,0,0,0,0,0,0,"N",1.11,0,0,0,0,0,0,"N",0,0.0,0,0,0,0,0,0,0,0,0,0,0,0
"30103","5","624","75","0","2008","A","N","Treasure County, Montana","Private","Social assistance","County, NAICS 3-digit -- by ownership sector","All establishment sizes",1,0,0,0,0,0,0,"N",1.39,0,0,0,0,0,0,"N",-1,-50.0,0,0,0,0,0,0,0,0,0,0,0,0
"30103","5","6241","76","0","2008","A","N","Treasure County, Montana","Private","Individual and family services","County, NAICS 4-digit -- by ownership sector","All establishment sizes",1,0,0,0,0,0,0,"N",3.00,0,0,0,0,0,0,"N",0,0.0,0,0,0,0,0,0,0,0,0,0,0,0
"30103","5","62412","77","0","2008","A","N","Treasure County, Montana","Private","Services for the elderly and disabled","County, NAICS 5-digit -- by ownership sector","All establishment sizes",1,0,0,0,0,0,0,"N",5.42,0,0,0,0,0,0,"N",0,0.0,0,0,0,0,0,0,0,0,0,0,0,0
"30103","5","624120","78","0","2008","A","N","Treasure County, Montana","Private","Services for the elderly and disabled","County, NAICS 6-digit -- by ownership sector","All establishment sizes",1,0,0,0,0,0,0,"N",5.42,0,0,0,0,0,0,"N",0,0.0,0,0,0,0,0,0,0,0,0,0,0,0
"30103","5","72","74","0","2008","A","N","Treasure County, Montana","Private","Accommodation and food services","County, NAICS Sector -- by ownership sector","All establishment sizes",2,0,0,0,0,0,0,"N",0.74,0,0,0,0,0,0,"N",0,0.0,0,0,0,0,0,0,0,0,0,0,0,0
"30103","5","722","75","0","2008","A","N","Treasure County, Montana","Private","Food services and drinking places","County, NAICS 3-digit -- by ownership sector","All establishment sizes",2,0,0,0,0,0,0,"N",0.83,0,0,0,0,0,0,"N",0,0.0,0,0,0,0,0,0,0,0,0,0,0,0
"30103","5","7221","76","0","2008","A","N","Treasure County, Montana","Private","Full-service restaurants","County, NAICS 4-digit -- by ownership sector","All establishment sizes",1,0,0,0,0,0,0,"N",1.06,0,0,0,0,0,0,"N",0,0.0,0,0,0,0,0,0,0,0,0,0,0,0
"30103","5","72211","77","0","2008","A","N","Treasure County, Montana","Private","Full-service restaurants","County, NAICS 5-digit -- by ownership sector","All establishment sizes",1,0,0,0,0,0,0,"N",1.06,0,0,0,0,0,0,"N",0,0.0,0,0,0,0,0,0,0,0,0,0,0,0
"30103","5","722110","78","0","2008","A","N","Treasure County, Montana","Private","Full-service restaurants","County, NAICS 6-digit -- by ownership sector","All establishment sizes",1,0,0,0,0,0,0,"N",1.06,0,0,0,0,0,0,"N",0,0.0,0,0,0,0,0,0,0,0,0,0,0,0
"30103","5","7224","76","0","2008","A","N","Treasure County, Montana","Private","Drinking places, alcoholic beverages","County, NAICS 4-digit -- by ownership sector","All establishment sizes",1,0,0,0,0,0,0,"N",4.83,0,0,0,0,0,0,"N",0,0.0,0,0,0,0,0,0,0,0,0,0,0,0
"30103","5","72241","77","0","2008","A","N","Treasure County, Montana","Private","Drinking places, alcoholic beverages","County, NAICS 5-digit -- by ownership sector","All establishment sizes",1,0,0,0,0,0,0,"N",4.83,0,0,0,0,0,0,"N",0,0.0,0,0,0,0,0,0,0,0,0,0,0,0
"30103","5","722410","78","0","2008","A","N","Treasure County, Montana","Private","Drinking places, alcoholic beverages","County, NAICS 6-digit -- by ownership sector","All establishment sizes",1,0,0,0,0,0,0,"N",4.83,0,0,0,0,0,0,"N",0,0.0,0,0,0,0,0,0,0,0,0,0,0,0
"30103","5","99","74","0","2008","A","","Treasure County, Montana","Private","Unclassified","County, NAICS Sector -- by ownership sector","All establishment sizes",0,0,4305,4305,112,0,0,"",0.00,0.00,0.61,0.69,2.04,0.00,0.00,"N",0,0,0,0,0,0,0,0,0,0,0,0,0,0
"30103","5","999","75","0","2008","A","","Treasure County, Montana","Private","Unclassified","County, NAICS 3-digit -- by ownership sector","All establishment sizes",0,0,4305,4305,112,0,0,"",0.00,0.00,0.61,0.69,2.04,0.00,0.00,"N",0,0,0,0,0,0,0,0,0,0,0,0,0,0
"30103","5","9999","76","0","2008","A","","Treasure County, Montana","Private","Unclassified","County, NAICS 4-digit -- by ownership sector","All establishment sizes",0,0,4305,4305,112,0,0,"",0.00,0.00,0.61,0.69,2.04,0.00,0.00,"N",0,0,0,0,0,0,0,0,0,0,0,0,0,0
"30103","5","99999","77","0","2008","A","","Treasure County, Montana","Private","Unclassified","County, NAICS 5-digit -- by ownership sector","All establishment sizes",0,0,4305,4305,112,0,0,"",0.00,0.00,0.61,0.69,2.04,0.00,0.00,"N",0,0,0,0,0,0,0,0,0,0,0,0,0,0
"30103","5","999999","78","0","2008","A","","Treasure County, Montana","Private","Unclassified","County, NAICS 6-digit -- by ownership sector","All establishment sizes",0,0,4305,4305,112,0,0,"",0.00,0.00,0.61,0.69,2.04,0.00,0.00,"N",0,0,0,0,0,0,0,0,0,0,0,0,0,0
