"area_fips","own_code","industry_code","agglvl_code","size_code","year","qtr","disclosure_code","area_title","own_title","industry_title","agglvl_title","size_title","annual_avg_estabs_count","annual_avg_emplvl","total_annual_wages","taxable_annual_wages","annual_contributions","annual_avg_wkly_wage","avg_annual_pay","lq_disclosure_code","lq_annual_avg_estabs_count","lq_annual_avg_emplvl","lq_total_annual_wages","lq_taxable_annual_wages","lq_annual_contributions","lq_annual_avg_wkly_wage","lq_avg_annual_pay","oty_disclosure_code","oty_annual_avg_estabs_count_chg","oty_annual_avg_estabs_count_pct_chg","oty_annual_avg_emplvl_chg","oty_annual_avg_emplvl_pct_chg","oty_total_annual_wages_chg","oty_total_annual_wages_pct_chg","oty_taxable_annual_wages_chg","oty_taxable_annual_wages_pct_chg","oty_annual_contributions_chg","oty_annual_contributions_pct_chg","oty_annual_avg_wkly_wage_chg","oty_annual_avg_wkly_wage_pct_chg","oty_avg_annual_pay_chg","oty_avg_annual_pay_pct_chg"
"54055","0","10","70","0","2008","A","","Mercer County, West Virginia","Total Covered","Total, all industries","County, Total Covered","All establishment sizes",1505,21676,653384613,144027656,3458596,580,30143,"",1.00,1.00,1.00,1.00,1.00,1.00,1.00,"",-13,-0.9,68,0.3,30473772,4.9,2397844,1.7,11344,0.3,26,4.7,1315,4.6
"54055","1","10","71","0","2008","A","","Mercer County, West Virginia","Federal Government","Total, all industries","County, Total -- by ownership sector","All establishment sizes",30,251,13861150,0,0,1061,55150,"",2.81,0.57,0.71,0.00,0.00,1.26,1.26,"",0,0.0,-9,-3.5,1495,0.0,0,0.0,0,0.0,35,3.4,1809,3.4
"54055","1","102","72","0","2008","A","","Mercer County, West Virginia","Federal Government","Service-providing","County, by Domain -- by ownership sector","All establishment sizes",30,251,13861150,0,0,1061,55150,"",2.82,0.57,0.72,0.00,0.00,1.26,1.26,"",0,0.0,-9,-3.5,1495,0.0,0,0.0,0,0.0,35,3.4,1809,3.4
"54055","1","1021","73","0","2008","A","","Mercer County, West Virginia","Federal Government","Trade, transportation, and utilities","County, by Supersector -- by ownership sector","All establishment sizes",17,170,8338486,0,0,943,49050,"",3.26,1.28,1.81,0.00,0.00,1.41,1.42,"",0,0.0,-3,-1.7,-71799,-0.9,0,0.0,0,0.0,7,0.7,365,0.7
"54055","1","1023","73","0","2008","A","","Mercer County, West Virginia","Federal Government","Financial activities","County, by Supersector -- by ownership sector","All establishment sizes",1,2,109411,0,0,871,45274,"",5.63,0.94,0.94,0.00,0.00,0.82,0.83,"",0,0.0,-1,-33.3,-28343,-20.6,0,0.0,0,0.0,-122,-12.3,-6384,-12.4
"54055","1","1028","73","0","2008","A","","Mercer County, West Virginia","Federal Government","Public administration","County, by Supersector -- by ownership sector","All establishment sizes",12,79,5413253,0,0,1319,68595,"",2.61,0.34,0.47,0.00,0.00,1.37,1.37,"",0,0.0,-5,-6.0,101637,1.9,0,0.0,0,0.0,109,9.0,5674,9.0
"54055","1","48-49","74","0","2008","A","","Mercer County, West Virginia","Federal Government","Transportation and warehousing","County, NAICS Sector -- by ownership sector","All establishment sizes",17,170,8338486,0,0,943,49050,"",3.34,1.39,1.92,0.00,0.00,1.38,1.38,"",0,0.0,-3,-1.7,-71799,-0.9,0,0.0,0,0.0,7,0.7,365,0.7
"54055","1","491","75","0","2008","A","","Mercer County, West Virginia","Federal Government","Postal service","County, NAICS 3-digit -- by ownership sector","All establishment sizes",17,170,8338486,0,0,943,49050,"",3.36,1.41,1.99,0.00,0.00,1.40,1.40,"",0,0.0,-3,-1.7,-71799,-0.9,0,0.0,0,0.0,7,0.7,365,0.7
"54055","1","4911","76","0","2008","A","","Mercer County, West Virginia","Federal Government","Postal service","County, NAICS 4-digit -- by ownership sector","All establishment sizes",17,170,8338486,0,0,943,49050,"",3.36,1.41,1.99,0.00,0.00,1.40,1.40,"",0,0.0,-3,-1.7,-71799,-0.9,0,0.0,0,0.0,7,0.7,365,0.7
"54055","1","49111","77","0","2008","A","","Mercer County, West Virginia","Federal Government","Postal service","County, NAICS 5-digit -- by ownership sector","All establishment sizes",17,170,8338486,0,0,943,49050,"",3.36,1.41,1.99,0.00,0.00,1.40,1.40,"",0,0.0,-3,-1.7,-71799,-0.9,0,0.0,0,0.0,7,0.7,365,0.7
"54055","1","491110","78","0","2008","A","","Mercer County, West Virginia","Federal Government","Postal service","County, NAICS 6-digit -- by ownership sector","All establishment sizes",17,170,8338486,0,0,943,49050,"",3.36,1.41,1.99,0.00,0.00,1.40,1.40,"",0,0.0,-3,-1.7,-71799,-0.9,0,0.0,0,0.0,7,0.7,365,0.7
"54055","1","52","74","0","2008","A","","Mercer County, West Virginia","Federal Government","Finance and insurance","County, NAICS Sector -- by ownership sector","All establishment sizes",1,2,109411,0,0,871,45274,"",5.67,0.96,0.94,0.00,0.00,0.81,0.81,"",0,0.0,-1,-33.3,-28343,-20.6,0,0.0,0,0.0,-122,-12.3,-6384,-12.4
"54055","1","522","75","0","2008","A","","Mercer County, West Virginia","Federal Government","Credit intermediation and related activities","County, NAICS 3-digit -- by ownership sector","All establishment sizes",1,2,109411,0,0,871,45274,"",6.55,1.77,2.04,0.00,0.00,0.95,0.95,"",0,0.0,-1,-33.3,-28343,-20.6,0,0.0,0,0.0,-122,-12.3,-6384,-12.4
"54055","1","5222","76","0","2008","A","","Mercer County, West Virginia","Federal Government","Nondepository credit intermediation","County, NAICS 4-digit -- by ownership sector","All establishment sizes",1,2,109411,0,0,871,45274,"",6.57,1.81,2.10,0.00,0.00,0.96,0.96,"",0,0.0,-1,-33.3,-28343,-20.6,0,0.0,0,0.0,-122,-12.3,-6384,-12.4
"54055","1","52229","77","0","2008","A","","Mercer County, West Virginia","Federal Government","Other nondepository credit intermediation","County, NAICS 5-digit -- by ownership sector","All establishment sizes",1,2,109411,0,0,871,45274,"",6.57,1.81,2.10,0.00,0.00,0.96,0.96,"",0,0.0,-1,-33.3,-28343,-20.6,0,0.0,0,0.0,-122,-12.3,-6384,-12.4
"54055","1","522294","78","0","2008","A","","Mercer County, West Virginia","Federal Government","Secondary market financing","County, NAICS 6-digit -- by ownership sector","All establishment sizes",1,2,109411,0,0,871,45274,"",46.07,17.74,23.63,0.00,0.00,1.10,1.10,"",0,0.0,-1,-33.3,-28343,-20.6,0,0.0,0,0.0,-122,-12.3,-6384,-12.4
"54055","1","92","74","0","2008","A","","Mercer County, West Virginia","Federal Government","Public administration","County, NAICS Sector -- by ownership sector","All establishment sizes",12,79,5413253,0,0,1319,68595,"",2.61,0.34,0.47,0.00,0.00,1.37,1.37,"",0,0.0,-5,-6.0,101637,1.9,0,0.0,0,0.0,109,9.0,5674,9.0
"54055","1","921","75","0","2008","A","","Mercer County, West Virginia","Federal Government","Executive, legislative and general government","County, NAICS 3-digit -- by ownership sector","All establishment sizes",1,0,0,0,0,0,0,"",2.45,0.00,0.00,0.00,0.00,0.00,0.00,"",0,0.0,0,0.0,0,0.0,0,0.0,0,0.0,0,0.0,0,0.0
"54055","1","9211","76","0","2008","A","","Mercer County, West Virginia","Federal Government","Executive, legislative and general government","County, NAICS 4-digit -- by ownership sector","All establishment sizes",1,0,0,0,0,0,0,"",2.45,0.00,0.00,0.00,0.00,0.00,0.00,"",0,0.0,0,0.0,0,0.0,0,0.0,0,0.0,0,0.0,0,0.0
"54055","1","92113","77","0","2008","A","","Mercer County, West Virginia","Federal Government","Public finance activities","County, NAICS 5-digit -- by ownership sector","All establishment sizes",1,0,0,0,0,0,0,"",8.99,0.00,0.00,0.00,0.00,0.00,0.00,"",0,0.0,0,0.0,0,0.0,0,0.0,0,0.0,0,0.0,0,0.0
"54055","1","921130","78","0","2008","A","","Mercer County, West Virginia","Federal Government","Public finance activities","County, NAICS 6-digit -- by ownership sector","All establishment sizes",1,0,0,0,0,0,0,"",8.99,0.00,0.00,0.00,0.00,0.00,0.00,"",0,0.0,0,0.0,0,0.0,0,0.0,0,0.0,0,0.0,0,0.0
"54055","1","922","75","0","2008","A","","Mercer County, West Virginia","Federal Government","Justice, public order, and safety activities","County, NAICS 3-digit -- by ownership sector","All establishment sizes",3,17,1535965,0,0,1781,92621,"",4.43,0.46,0.71,0.00,0.00,1.61,1.61,"",0,0.0,1,6.2,128272,9.1,0,0.0,0,0.0,89,5.3,4640,5.3
"54055","1","9221","76","0","2008","A","","Mercer County, West Virginia","Federal Government","Justice, public order, and safety activities","County, NAICS 4-digit -- by ownership sector","All establishment sizes",3,17,1535965,0,0,1781,92621,"",4.43,0.46,0.71,0.00,0.00,1.61,1.61,"",0,0.0,1,6.2,128272,9.1,0,0.0,0,0.0,89,5.3,4640,5.3
"54055","1","92211","77","0","2008","A","","Mercer County, West Virginia","Federal Government","Courts","County, NAICS 5-digit -- by ownership sector","All establishment sizes",1,14,1252733,0,0,1731,90017,"",11.74,2.52,4.31,0.00,0.00,1.72,1.72,"",0,0.0,1,7.7,101990,8.9,0,0.0,0,0.0,40,2.4,2062,2.3
"54055","1","922110","78","0","2008","A","","Mercer County, West Virginia","Federal Government","Courts","County, NAICS 6-digit -- by ownership sector","All establishment sizes",1,14,1252733,0,0,1731,90017,"",11.74,2.52,4.31,0.00,0.00,1.72,1.72,"",0,0.0,1,7.7,101990,8.9,0,0.0,0,0.0,40,2.4,2062,2.3
"54055","1","92212","77","0","2008","A","","Mercer County, West Virginia","Federal Government","Police protection","County, NAICS 5-digit -- by ownership sector","All establishment sizes",1,2,205156,0,0,2152,111903,"",2.92,0.10,0.17,0.00,0.00,1.83,1.83,"",0,0.0,0,0.0,22319,12.2,0,0.0,0,0.0,394,22.4,20484,22.4
"54055","1","922120","78","0","2008","A","","Mercer County, West Virginia","Federal Government","Police protection","County, NAICS 6-digit -- by ownership sector","All establishment sizes",1,2,205156,0,0,2152,111903,"",2.92,0.10,0.17,0.00,0.00,1.83,1.83,"",0,0.0,0,0.0,22319,12.2,0,0.0,0,0.0,394,22.4,20484,22.4
"54055","1","92219","77","0","2008","A","","Mercer County, West Virginia","Federal Government","Other justice and safety activities","County, NAICS 5-digit -- by ownership sector","All establishment sizes",1,1,78076,0,0,1802,93691,"",5.74,0.37,0.52,0.00,0.00,1.70,1.70,"",0,0.0,0,0.0,3963,5.3,0,0.0,0,0.0,247,15.9,12840,15.9
"54055","1","922190","78","0","2008","A","","Mercer County, West Virginia","Federal Government","Other justice and safety activities","County, NAICS 6-digit -- by ownership sector","All establishment sizes",1,1,78076,0,0,1802,93691,"",5.74,0.37,0.52,0.00,0.00,1.70,1.70,"",0,0.0,0,0.0,3963,5.3,0,0.0,0,0.0,247,15.9,12840,15.9
"54055","1","923","75","0","2008","A","","Mercer County, West Virginia","Federal Government","Administration of human resource programs","County, NAICS 3-digit -- by ownership sector","All establishment sizes",2,26,1555198,0,0,1147,59624,"",4.81,1.12,1.32,0.00,0.00,1.17,1.17,"",0,0.0,-3,-10.3,-111519,-6.7,0,0.0,0,0.0,54,4.9,2804,4.9
"54055","1","9231","76","0","2008","A","","Mercer County, West Virginia","Federal Government","Administration of human resource programs","County, NAICS 4-digit -- by ownership sector","All establishment sizes",2,26,1555198,0,0,1147,59624,"",4.81,1.12,1.32,0.00,0.00,1.17,1.17,"",0,0.0,-3,-10.3,-111519,-6.7,0,0.0,0,0.0,54,4.9,2804,4.9
"54055","1","92313","77","0","2008","A","","Mercer County, West Virginia","Federal Government","Other human resource programs administration","County, NAICS 5-digit -- by ownership sector","All establishment sizes",2,26,1555198,0,0,1147,59624,"",7.11,2.29,3.02,0.00,0.00,1.31,1.31,"",0,0.0,-3,-10.3,-111519,-6.7,0,0.0,0,0.0,54,4.9,2804,4.9
"54055","1","923130","78","0","2008","A","","Mercer County, West Virginia","Federal Government","Other human resource programs administration","County, NAICS 6-digit -- by ownership sector","All establishment sizes",2,26,1555198,0,0,1147,59624,"",7.11,2.29,3.02,0.00,0.00,1.31,1.31,"",0,0.0,-3,-10.3,-111519,-6.7,0,0.0,0,0.0,54,4.9,2804,4.9
"54055","1","924","75","0","2008","A","","Mercer County, West Virginia","Federal Government","Administration of environmental programs","County, NAICS 3-digit -- by ownership sector","All establishment sizes",2,21,1342138,0,0,1205,62668,"",1.83,1.21,1.77,0.00,0.00,1.43,1.44,"",0,0.0,-2,-8.7,15644,1.2,0,0.0,0,0.0,104,9.4,5409,9.4
"54055","1","9241","76","0","2008","A","","Mercer County, West Virginia","Federal Government","Administration of environmental programs","County, NAICS 4-digit -- by ownership sector","All establishment sizes",2,21,1342138,0,0,1205,62668,"",1.83,1.21,1.77,0.00,0.00,1.43,1.44,"",0,0.0,-2,-8.7,15644,1.2,0,0.0,0,0.0,104,9.4,5409,9.4
"54055","1","92412","77","0","2008","A","","Mercer County, West Virginia","Federal Government","Administration of conservation programs","County, NAICS 5-digit -- by ownership sector","All establishment sizes",2,21,1342138,0,0,1205,62668,"",1.88,1.44,2.22,0.00,0.00,1.51,1.51,"",0,0.0,-2,-8.7,15644,1.2,0,0.0,0,0.0,104,9.4,5409,9.4
"54055","1","924120","78","0","2008","A","","Mercer County, West Virginia","Federal Government","Administration of conservation programs","County, NAICS 6-digit -- by ownership sector","All establishment sizes",2,21,1342138,0,0,1205,62668,"",1.88,1.44,2.22,0.00,0.00,1.51,1.51,"",0,0.0,-2,-8.7,15644,1.2,0,0.0,0,0.0,104,9.4,5409,9.4
"54055","1","926","75","0","2008","A","","Mercer County, West Virginia","Federal Government","Administration of economic programs","County, NAICS 3-digit -- by ownership sector","All establishment sizes",3,14,937867,0,0,1304,67798,"",1.91,0.37,0.49,0.00,0.00,1.33,1.33,"",0,0.0,0,0.0,106640,12.8,0,0.0,0,0.0,155,13.5,8069,13.5
"54055","1","9261","76","0","2008","A","","Mercer County, West Virginia","Federal Government","Administration of economic programs","County, NAICS 4-digit -- by ownership sector","All establishment sizes",3,14,937867,0,0,1304,67798,"",1.91,0.37,0.49,0.00,0.00,1.33,1.33,"",0,0.0,0,0.0,106640,12.8,0,0.0,0,0.0,155,13.5,8069,13.5
"54055","1","92611","77","0","2008","A","","Mercer County, West Virginia","Federal Government","Administration of general economic programs","County, NAICS 5-digit -- by ownership sector","All establishment sizes",2,2,68855,0,0,567,29509,"",4.06,0.30,0.19,0.00,0.00,0.55,0.56,"",0,0.0,-1,-33.3,7869,12.9,0,0.0,0,0.0,141,33.1,7332,33.1
"54055","1","926110","78","0","2008","A","","Mercer County, West Virginia","Federal Government","Administration of general economic programs","County, NAICS 6-digit -- by ownership sector","All establishment sizes",2,2,68855,0,0,567,29509,"",4.06,0.30,0.19,0.00,0.00,0.55,0.56,"",0,0.0,-1,-33.3,7869,12.9,0,0.0,0,0.0,141,33.1,7332,33.1
"54055","1","92615","77","0","2008","A","","Mercer County, West Virginia","Federal Government","Licensing and regulating commercial sectors","County, NAICS 5-digit -- by ownership sector","All establishment sizes",1,12,869012,0,0,1453,75566,"",7.71,2.81,3.08,0.00,0.00,1.14,1.14,"",0,0.0,1,9.1,98771,12.8,0,0.0,0,0.0,127,9.6,6589,9.6
"54055","1","926150","78","0","2008","A","","Mercer County, West Virginia","Federal Government","Licensing and regulating commercial sectors","County, NAICS 6-digit -- by ownership sector","All establishment sizes",1,12,869012,0,0,1453,75566,"",7.71,2.81,3.08,0.00,0.00,1.14,1.14,"",0,0.0,1,9.1,98771,12.8,0,0.0,0,0.0,127,9.6,6589,9.6
"54055","1","928","75","0","2008","A","","Mercer County, West Virginia","Federal Government","National security and international affairs","County, NAICS 3-digit -- by ownership sector","All establishment sizes",1,1,42085,0,0,809,42085,"",2.54,0.01,0.01,0.00,0.00,0.88,0.89,"",0,0.0,-1,-50.0,-37400,-47.1,0,0.0,0,0.0,45,5.9,2342,5.9
"54055","1","9281","76","0","2008","A","","Mercer County, West Virginia","Federal Government","National security and international affairs","County, NAICS 4-digit -- by ownership sector","All establishment sizes",1,1,42085,0,0,809,42085,"",2.54,0.01,0.01,0.00,0.00,0.88,0.89,"",0,0.0,-1,-50.0,-37400,-47.1,0,0.0,0,0.0,45,5.9,2342,5.9
"54055","1","92811","77","0","2008","A","","Mercer County, West Virginia","Federal Government","National security","County, NAICS 5-digit -- by ownership sector","All establishment sizes",1,1,42085,0,0,809,42085,"",2.85,0.01,0.01,0.00,0.00,0.89,0.89,"",0,0.0,-1,-50.0,-37400,-47.1,0,0.0,0,0.0,45,5.9,2342,5.9
"54055","1","928110","78","0","2008","A","","Mercer County, West Virginia","Federal Government","National security","County, NAICS 6-digit -- by ownership sector","All establishment sizes",1,1,42085,0,0,809,42085,"",2.85,0.01,0.01,0.00,0.00,0.89,0.89,"",0,0.0,-1,-50.0,-37400,-47.1,0,0.0,0,0.0,45,5.9,2342,5.9
"54055","2","10","71","0","2008","A","","Mercer County, West Virginia","State Government","Total, all industries","County, Total -- by ownership sector","All establishment sizes",26,1152,44201935,59654,2206,738,38359,"",2.32,1.54,1.87,0.08,1.02,1.21,1.21,"",1,4.0,5,0.4,2242640,5.3,22026,58.5,512,30.2,35,5.0,1788,4.9
"54055","2","101","72","0","2008","A","N","Mercer County, West Virginia","State Government","Goods-producing","County, by Domain -- by ownership sector","All establishment sizes",1,0,0,0,0,0,0,"N",3.09,0,0,0,0,0,0,"N",0,0.0,0,0,0,0,0,0,0,0,0,0,0,0
"54055","2","1012","73","0","2008","A","N","Mercer County, West Virginia","State Government","Construction","County, by Supersector -- by ownership sector","All establishment sizes",1,0,0,0,0,0,0,"N",3.38,0,0,0,0,0,0,"N",0,0.0,0,0,0,0,0,0,0,0,0,0,0,0
"54055","2","102","72","0","2008","A","N","Mercer County, West Virginia","State Government","Service-providing","County, by Domain -- by ownership sector","All establishment sizes",25,0,0,0,0,0,0,"N",2.30,0,0,0,0,0,0,"N",1,4.2,0,0,0,0,0,0,0,0,0,0,0,0
"54055","2","1021","73","0","2008","A","N","Mercer County, West Virginia","State Government","Trade, transportation, and utilities","County, by Supersector -- by ownership sector","All establishment sizes",1,0,0,0,0,0,0,"N",6.10,0,0,0,0,0,0,"N",0,0.0,0,0,0,0,0,0,0,0,0,0,0,0
"54055","2","1025","73","0","2008","A","","Mercer County, West Virginia","State Government","Education and health services","County, by Supersector -- by ownership sector","All establishment sizes",6,687,27976393,0,0,784,40747,"",2.69,1.70,2.24,0.00,0.00,1.31,1.31,"",0,0.0,-5,-0.7,1247096,4.7,0,0.0,0,0.0,41,5.5,2135,5.5
"54055","2","1028","73","0","2008","A","","Mercer County, West Virginia","State Government","Public administration","County, by Supersector -- by ownership sector","All establishment sizes",18,154,5151762,59654,2206,644,33507,"",2.23,0.50,0.51,0.15,1.91,1.02,1.02,"",1,5.9,1,0.7,369047,7.7,22026,58.5,512,30.2,42,7.0,2179,7.0
"54055","2","23","74","0","2008","A","N","Mercer County, West Virginia","State Government","Construction","County, NAICS Sector -- by ownership sector","All establishment sizes",1,0,0,0,0,0,0,"N",3.38,0,0,0,0,0,0,"N",0,0.0,0,0,0,0,0,0,0,0,0,0,0,0
"54055","2","237","75","0","2008","A","N","Mercer County, West Virginia","State Government","Heavy and civil engineering construction","County, NAICS 3-digit -- by ownership sector","All establishment sizes",1,0,0,0,0,0,0,"N",3.39,0,0,0,0,0,0,"N",0,0.0,0,0,0,0,0,0,0,0,0,0,0,0
"54055","2","2373","76","0","2008","A","N","Mercer County, West Virginia","State Government","Highway, street, and bridge construction","County, NAICS 4-digit -- by ownership sector","All establishment sizes",1,0,0,0,0,0,0,"N",3.39,0,0,0,0,0,0,"N",0,0.0,0,0,0,0,0,0,0,0,0,0,0,0
"54055","2","23731","77","0","2008","A","N","Mercer County, West Virginia","State Government","Highway, street, and bridge construction","County, NAICS 5-digit -- by ownership sector","All establishment sizes",1,0,0,0,0,0,0,"N",3.39,0,0,0,0,0,0,"N",0,0.0,0,0,0,0,0,0,0,0,0,0,0,0
"54055","2","237310","78","0","2008","A","N","Mercer County, West Virginia","State Government","Highway, street, and bridge construction","County, NAICS 6-digit -- by ownership sector","All establishment sizes",1,0,0,0,0,0,0,"N",3.39,0,0,0,0,0,0,"N",0,0.0,0,0,0,0,0,0,0,0,0,0,0,0
"54055","2","48-49","74","0","2008","A","N","Mercer County, West Virginia","State Government","Transportation and warehousing","County, NAICS Sector -- by ownership sector","All establishment sizes",1,0,0,0,0,0,0,"N",11.52,0,0,0,0,0,0,"N",0,0.0,0,0,0,0,0,0,0,0,0,0,0,0
"54055","2","488","75","0","2008","A","N","Mercer County, West Virginia","State Government","Support activities for transportation","County, NAICS 3-digit -- by ownership sector","All establishment sizes",1,0,0,0,0,0,0,"N",13.94,0,0,0,0,0,0,"N",0,0.0,0,0,0,0,0,0,0,0,0,0,0,0
"54055","2","4884","76","0","2008","A","N","Mercer County, West Virginia","State Government","Support activities for road transportation","County, NAICS 4-digit -- by ownership sector","All establishment sizes",1,0,0,0,0,0,0,"N",31.76,0,0,0,0,0,0,"N",0,0.0,0,0,0,0,0,0,0,0,0,0,0,0
"54055","2","48849","77","0","2008","A","N","Mercer County, West Virginia","State Government","Other support activities for road transport.","County, NAICS 5-digit -- by ownership sector","All establishment sizes",1,0,0,0,0,0,0,"N",31.93,0,0,0,0,0,0,"N",0,0.0,0,0,0,0,0,0,0,0,0,0,0,0
"54055","2","488490","78","0","2008","A","N","Mercer County, West Virginia","State Government","Other support activities for road transport.","County, NAICS 6-digit -- by ownership sector","All establishment sizes",1,0,0,0,0,0,0,"N",31.93,0,0,0,0,0,0,"N",0,0.0,0,0,0,0,0,0,0,0,0,0,0,0
"54055","2","61","74","0","2008","A","N","Mercer County, West Virginia","State Government","Educational services","County, NAICS Sector -- by ownership sector","All establishment sizes",4,0,0,0,0,0,0,"N",3.24,0,0,0,0,0,0,"N",0,0.0,0,0,0,0,0,0,0,0,0,0,0,0
"54055","2","611","75","0","2008","A","N","Mercer County, West Virginia","State Government","Educational services","County, NAICS 3-digit -- by ownership sector","All establishment sizes",4,0,0,0,0,0,0,"N",3.24,0,0,0,0,0,0,"N",0,0.0,0,0,0,0,0,0,0,0,0,0,0,0
"54055","2","6112","76","0","2008","A","N","Mercer County, West Virginia","State Government","Junior colleges","County, NAICS 4-digit -- by ownership sector","All establishment sizes",1,0,0,0,0,0,0,"N",9.05,0,0,0,0,0,0,"N",0,0.0,0,0,0,0,0,0,0,0,0,0,0,0
"54055","2","61121","77","0","2008","A","N","Mercer County, West Virginia","State Government","Junior colleges","County, NAICS 5-digit -- by ownership sector","All establishment sizes",1,0,0,0,0,0,0,"N",9.05,0,0,0,0,0,0,"N",0,0.0,0,0,0,0,0,0,0,0,0,0,0,0
"54055","2","611210","78","0","2008","A","N","Mercer County, West Virginia","State Government","Junior colleges","County, NAICS 6-digit -- by ownership sector","All establishment sizes",1,0,0,0,0,0,0,"N",9.05,0,0,0,0,0,0,"N",0,0.0,0,0,0,0,0,0,0,0,0,0,0,0
"54055","2","6113","76","0","2008","A","N","Mercer County, West Virginia","State Government","Colleges and universities","County, NAICS 4-digit -- by ownership sector","All establishment sizes",3,0,0,0,0,0,0,"N",3.30,0,0,0,0,0,0,"N",0,0.0,0,0,0,0,0,0,0,0,0,0,0,0
"54055","2","61131","77","0","2008","A","N","Mercer County, West Virginia","State Government","Colleges and universities","County, NAICS 5-digit -- by ownership sector","All establishment sizes",3,0,0,0,0,0,0,"N",3.30,0,0,0,0,0,0,"N",0,0.0,0,0,0,0,0,0,0,0,0,0,0,0
"54055","2","611310","78","0","2008","A","N","Mercer County, West Virginia","State Government","Colleges and universities","County, NAICS 6-digit -- by ownership sector","All establishment sizes",3,0,0,0,0,0,0,"N",3.30,0,0,0,0,0,0,"N",0,0.0,0,0,0,0,0,0,0,0,0,0,0,0
"54055","2","62","74","0","2008","A","N","Mercer County, West Virginia","State Government","Health care and social assistance","County, NAICS Sector -- by ownership sector","All establishment sizes",2,0,0,0,0,0,0,"N",2.00,0,0,0,0,0,0,"N",0,0.0,0,0,0,0,0,0,0,0,0,0,0,0
"54055","2","624","75","0","2008","A","N","Mercer County, West Virginia","State Government","Social assistance","County, NAICS 3-digit -- by ownership sector","All establishment sizes",2,0,0,0,0,0,0,"N",4.41,0,0,0,0,0,0,"N",0,0.0,0,0,0,0,0,0,0,0,0,0,0,0
"54055","2","6241","76","0","2008","A","N","Mercer County, West Virginia","State Government","Individual and family services","County, NAICS 4-digit -- by ownership sector","All establishment sizes",1,0,0,0,0,0,0,"N",2.96,0,0,0,0,0,0,"N",0,0.0,0,0,0,0,0,0,0,0,0,0,0,0
"54055","2","62419","77","0","2008","A","N","Mercer County, West Virginia","State Government","Other individual and family services","County, NAICS 5-digit -- by ownership sector","All establishment sizes",1,0,0,0,0,0,0,"N",5.47,0,0,0,0,0,0,"N",0,0.0,0,0,0,0,0,0,0,0,0,0,0,0
"54055","2","624190","78","0","2008","A","N","Mercer County, West Virginia","State Government","Other individual and family services","County, NAICS 6-digit -- by ownership sector","All establishment sizes",1,0,0,0,0,0,0,"N",5.47,0,0,0,0,0,0,"N",0,0.0,0,0,0,0,0,0,0,0,0,0,0,0
"54055","2","6243","76","0","2008","A","N","Mercer County, West Virginia","State Government","Vocational rehabilitation services","County, NAICS 4-digit -- by ownership sector","All establishment sizes",1,0,0,0,0,0,0,"N",9.24,0,0,0,0,0,0,"N",0,0.0,0,0,0,0,0,0,0,0,0,0,0,0
"54055","2","62431","77","0","2008","A","N","Mercer County, West Virginia","State Government","Vocational rehabilitation services","County, NAICS 5-digit -- by ownership sector","All establishment sizes",1,0,0,0,0,0,0,"N",9.24,0,0,0,0,0,0,"N",0,0.0,0,0,0,0,0,0,0,0,0,0,0,0
"54055","2","624310","78","0","2008","A","N","Mercer County, West Virginia","State Government","Vocational rehabilitation services","County, NAICS 6-digit -- by ownership sector","All establishment sizes",1,0,0,0,0,0,0,"N",9.24,0,0,0,0,0,0,"N",0,0.0,0,0,0,0,0,0,0,0,0,0,0,0
"54055","2","92","74","0","2008","A","","Mercer County, West Virginia","State Government","Public administration","County, NAICS Sector -- by ownership sector","All establishment sizes",18,154,5151762,59654,2206,644,33507,"",2.23,0.50,0.51,0.15,1.91,1.02,1.02,"",1,5.9,1,0.7,369047,7.7,22026,58.5,512,30.2,42,7.0,2179,7.0
"54055","2","921","75","0","2008","A","N","Mercer County, West Virginia","State Government","Executive, legislative and general government","County, NAICS 3-digit -- by ownership sector","All establishment sizes",1,0,0,0,0,0,0,"N",1.12,0,0,0,0,0,0,"N",0,0.0,0,0,0,0,0,0,0,0,0,0,0,0
"54055","2","9211","76","0","2008","A","N","Mercer County, West Virginia","State Government","Executive, legislative and general government","County, NAICS 4-digit -- by ownership sector","All establishment sizes",1,0,0,0,0,0,0,"N",1.12,0,0,0,0,0,0,"N",0,0.0,0,0,0,0,0,0,0,0,0,0,0,0
"54055","2","92113","77","0","2008","A","N","Mercer County, West Virginia","State Government","Public finance activities","County, NAICS 5-digit -- by ownership sector","All establishment sizes",1,0,0,0,0,0,0,"N",2.55,0,0,0,0,0,0,"N",0,0.0,0,0,0,0,0,0,0,0,0,0,0,0
"54055","2","921130","78","0","2008","A","N","Mercer County, West Virginia","State Government","Public finance activities","County, NAICS 6-digit -- by ownership sector","All establishment sizes",1,0,0,0,0,0,0,"N",2.55,0,0,0,0,0,0,"N",0,0.0,0,0,0,0,0,0,0,0,0,0,0,0
"54055","2","922","75","0","2008","A","","Mercer County, West Virginia","State Government","Justice, public order, and safety activities","County, NAICS 3-digit -- by ownership sector","All establishment sizes",4,96,3514157,0,0,708,36797,"",1.76,0.79,0.88,0.00,0.00,1.12,1.12,"",0,0.0,0,0.0,275337,8.5,0,0.0,0,0.0,60,9.3,3118,9.3
"54055","2","9221","76","0","2008","A","","Mercer County, West Virginia","State Government","Justice, public order, and safety activities","County, NAICS 4-digit -- by ownership sector","All establishment sizes",4,96,3514157,0,0,708,36797,"",1.76,0.79,0.88,0.00,0.00,1.12,1.12,"",0,0.0,0,0.0,275337,8.5,0,0.0,0,0.0,60,9.3,3118,9.3
"54055","2","92211","77","0","2008","A","N","Mercer County, West Virginia","State Government","Courts","County, NAICS 5-digit -- by ownership sector","All establishment sizes",1,0,0,0,0,0,0,"N",2.00,0,0,0,0,0,0,"N",0,0.0,0,0,0,0,0,0,0,0,0,0,0,0
"54055","2","922110","78","0","2008","A","N","Mercer County, West Virginia","State Government","Courts","County, NAICS 6-digit -- by ownership sector","All establishment sizes",1,0,0,0,0,0,0,"N",2.00,0,0,0,0,0,0,"N",0,0.0,0,0,0,0,0,0,0,0,0,0,0,0
"54055","2","92212","77","0","2008","A","N","Mercer County, West Virginia","State Government","Police protection","County, NAICS 5-digit -- by ownership sector","All establishment sizes",1,0,0,0,0,0,0,"N",2.38,0,0,0,0,0,0,"N",0,0.0,0,0,0,0,0,0,0,0,0,0,0,0
"54055","2","922120","78","0","2008","A","N","Mercer County, West Virginia","State Government","Police protection","County, NAICS 6-digit -- by ownership sector","All establishment sizes",1,0,0,0,0,0,0,"N",2.38,0,0,0,0,0,0,"N",0,0.0,0,0,0,0,0,0,0,0,0,0,0,0
"54055","2","92214","77","0","2008","A","N","Mercer County, West Virginia","State Government","Correctional institutions","County, NAICS 5-digit -- by ownership sector","All establishment sizes",2,0,0,0,0,0,0,"N",2.72,0,0,0,0,0,0,"N",0,0.0,0,0,0,0,0,0,0,0,0,0,0,0
"54055","2","922140","78","0","2008","A","N","Mercer County, West Virginia","State Government","Correctional institutions","County, NAICS 6-digit -- by ownership sector","All establishment sizes",2,0,0,0,0,0,0,"N",2.72,0,0,0,0,0,0,"N",0,0.0,0,0,0,0,0,0,0,0,0,0,0,0
"54055","2","923","75","0","2008","A","","Mercer County, West Virginia","State Government","Administration of human resource programs","County, NAICS 3-digit -- by ownership sector","All establishment sizes",5,16,505087,0,0,610,31733,"",2.88,0.24,0.23,0.00,0.00,0.99,0.99,"",0,0.0,0,0.0,13714,2.8,0,0.0,0,0.0,28,4.8,1495,4.9
"54055","2","9231","76","0","2008","A","","Mercer County, West Virginia","State Government","Administration of human resource programs","County, NAICS 4-digit -- by ownership sector","All establishment sizes",5,16,505087,0,0,610,31733,"",2.88,0.24,0.23,0.00,0.00,0.99,0.99,"",0,0.0,0,0.0,13714,2.8,0,0.0,0,0.0,28,4.8,1495,4.9
"54055","2","92311","77","0","2008","A","N","Mercer County, West Virginia","State Government","Administration of education programs","County, NAICS 5-digit -- by ownership sector","All establishment sizes",2,0,0,0,0,0,0,"N",10.56,0,0,0,0,0,0,"N",0,0.0,0,0,0,0,0,0,0,0,0,0,0,0
"54055","2","923110","78","0","2008","A","N","Mercer County, West Virginia","State Government","Administration of education programs","County, NAICS 6-digit -- by ownership sector","All establishment sizes",2,0,0,0,0,0,0,"N",10.56,0,0,0,0,0,0,"N",0,0.0,0,0,0,0,0,0,0,0,0,0,0,0
"54055","2","92312","77","0","2008","A","N","Mercer County, West Virginia","State Government","Administration of public health programs","County, NAICS 5-digit -- by ownership sector","All establishment sizes",1,0,0,0,0,0,0,"N",1.79,0,0,0,0,0,0,"N",0,0.0,0,0,0,0,0,0,0,0,0,0,0,0
"54055","2","923120","78","0","2008","A","N","Mercer County, West Virginia","State Government","Administration of public health programs","County, NAICS 6-digit -- by ownership sector","All establishment sizes",1,0,0,0,0,0,0,"N",1.79,0,0,0,0,0,0,"N",0,0.0,0,0,0,0,0,0,0,0,0,0,0,0
"54055","2","92313","77","0","2008","A","N","Mercer County, West Virginia","State Government","Other human resource programs administration","County, NAICS 5-digit -- by ownership sector","All establishment sizes",1,0,0,0,0,0,0,"N",1.11,0,0,0,0,0,0,"N",0,0.0,0,0,0,0,0,0,0,0,0,0,0,0
"54055","2","923130","78","0","2008","A","N","Mercer County, West Virginia","State Government","Other human resource programs administration","County, NAICS 6-digit -- by ownership sector","All establishment sizes",1,0,0,0,0,0,0,"N",1.11,0,0,0,0,0,0,"N",0,0.0,0,0,0,0,0,0,0,0,0,0,0,0
"54055","2","92314","77","0","2008","A","N","Mercer County, West Virginia","State Government","Administration of veterans' affairs","County, NAICS 5-digit -- by ownership sector","All establishment sizes",1,0,0,0,0,0,0,"N",12.12,0,0,0,0,0,0,"N",0,0.0,0,0,0,0,0,0,0,0,0,0,0,0
"54055","2","923140","78","0","2008","A","N","Mercer County, West Virginia","State Government","Administration of veterans' affairs","County, NAICS 6-digit -- by ownership sector","All establishment sizes",1,0,0,0,0,0,0,"N",12.12,0,0,0,0,0,0,"N",0,0.0,0,0,0,0,0,0,0,0,0,0,0,0
"54055","2","924","75","0","2008","A","N","Mercer County, West Virginia","State Government","Administration of environmental programs","County, NAICS 3-digit -- by ownership sector","All establishment sizes",2,0,0,0,0,0,0,"N",1.80,0,0,0,0,0,0,"N",0,0.0,0,0,0,0,0,0,0,0,0,0,0,0
"54055","2","9241","76","0","2008","A","N","Mercer County, West Virginia","State Government","Administration of environmental programs","County, NAICS 4-digit -- by ownership sector","All establishment sizes",2,0,0,0,0,0,0,"N",1.80,0,0,0,0,0,0,"N",0,0.0,0,0,0,0,0,0,0,0,0,0,0,0
"54055","2","92412","77","0","2008","A","N","Mercer County, West Virginia","State Government","Administration of conservation programs","County, NAICS 5-digit -- by ownership sector","All establishment sizes",2,0,0,0,0,0,0,"N",2.24,0,0,0,0,0,0,"N",0,0.0,0,0,0,0,0,0,0,0,0,0,0,0
"54055","2","924120","78","0","2008","A","N","Mercer County, West Virginia","State Government","Administration of conservation programs","County, NAICS 6-digit -- by ownership sector","All establishment sizes",2,0,0,0,0,0,0,"N",2.24,0,0,0,0,0,0,"N",0,0.0,0,0,0,0,0,0,0,0,0,0,0,0
"54055","2","926","75","0","2008","A","","Mercer County, West Virginia","State Government","Administration of economic programs","County, NAICS 3-digit -- by ownership sector","All establishment sizes",5,17,419504,59654,2206,484,25170,"",2.65,0.32,0.24,2.91,13.20,0.76,0.76,"",1,25.0,1,6.2,54682,15.0,22026,58.5,512,30.2,41,9.3,2129,9.2
"54055","2","9261","76","0","2008","A","","Mercer County, West Virginia","State Government","Administration of economic programs","County, NAICS 4-digit -- by ownership sector","All establishment sizes",5,17,419504,59654,2206,484,25170,"",2.65,0.32,0.24,2.91,13.20,0.76,0.76,"",1,25.0,1,6.2,54682,15.0,22026,58.5,512,30.2,41,9.3,2129,9.2
"54055","2","92612","77","0","2008","A","N","Mercer County, West Virginia","State Government","Transportation program administration","County, NAICS 5-digit -- by ownership sector","All establishment sizes",1,0,0,0,0,0,0,"N",1.63,0,0,0,0,0,0,"N",0,0.0,0,0,0,0,0,0,0,0,0,0,0,0
"54055","2","926120","78","0","2008","A","N","Mercer County, West Virginia","State Government","Transportation program administration","County, NAICS 6-digit -- by ownership sector","All establishment sizes",1,0,0,0,0,0,0,"N",1.63,0,0,0,0,0,0,"N",0,0.0,0,0,0,0,0,0,0,0,0,0,0,0
"54055","2","92613","77","0","2008","A","N","Mercer County, West Virginia","State Government","Utility regulation and administration","County, NAICS 5-digit -- by ownership sector","All establishment sizes",1,0,0,0,0,0,0,"N",21.17,0,0,0,0,0,0,"N",0,0.0,0,0,0,0,0,0,0,0,0,0,0,0
"54055","2","926130","78","0","2008","A","N","Mercer County, West Virginia","State Government","Utility regulation and administration","County, NAICS 6-digit -- by ownership sector","All establishment sizes",1,0,0,0,0,0,0,"N",21.17,0,0,0,0,0,0,"N",0,0.0,0,0,0,0,0,0,0,0,0,0,0,0
"54055","2","92614","77","0","2008","A","N","Mercer County, West Virginia","State Government","Agricultural market and commodity regulation","County, NAICS 5-digit -- by ownership sector","All establishment sizes",1,0,0,0,0,0,0,"N",1.75,0,0,0,0,0,0,"N",0,0.0,0,0,0,0,0,0,0,0,0,0,0,0
"54055","2","926140","78","0","2008","A","N","Mercer County, West Virginia","State Government","Agricultural market and commodity regulation","County, NAICS 6-digit -- by ownership sector","All establishment sizes",1,0,0,0,0,0,0,"N",1.75,0,0,0,0,0,0,"N",0,0.0,0,0,0,0,0,0,0,0,0,0,0,0
"54055","2","92615","77","0","2008","A","N","Mercer County, West Virginia","State Government","Licensing and regulating commercial sectors","County, NAICS 5-digit -- by ownership sector","All establishment sizes",2,0,0,0,0,0,0,"N",4.09,0,0,0,0,0,0,"N",1,100.0,0,0,0,0,0,0,0,0,0,0,0,0
"54055","2","926150","78","0","2008","A","N","Mercer County, West Virginia","State Government","Licensing and regulating commercial sectors","County, NAICS 6-digit -- by ownership sector","All establishment sizes",2,0,0,0,0,0,0,"N",4.09,0,0,0,0,0,0,"N",1,100.0,0,0,0,0,0,0,0,0,0,0,0,0
"54055","2","928","75","0","2008","A","N","Mercer County, West Virginia","State Government","National security and international affairs","County, NAICS 3-digit -- by ownership sector","All establishment sizes",1,0,0,0,0,0,0,"N",7.92,0,0,0,0,0,0,"N",0,0.0,0,0,0,0,0,0,0,0,0,0,0,0
"54055","2","9281","76","0","2008","A","N","Mercer County, West Virginia","State Government","National security and international affairs","County, NAICS 4-digit -- by ownership sector","All establishment sizes",1,0,0,0,0,0,0,"N",7.92,0,0,0,0,0,0,"N",0,0.0,0,0,0,0,0,0,0,0,0,0,0,0
"54055","2","92811","77","0","2008","A","N","Mercer County, West Virginia","State Government","National security","County, NAICS 5-digit -- by ownership sector","All establishment sizes",1,0,0,0,0,0,0,"N",7.95,0,0,0,0,0,0,"N",0,0.0,0,0,0,0,0,0,0,0,0,0,0,0
"54055","2","928110","78","0","2008","A","N","Mercer County, West Virginia","State Government","National security","County, NAICS 6-digit -- by ownership sector","All establishment sizes",1,0,0,0,0,0,0,"N",7.95,0,0,0,0,0,0,"N",0,0.0,0,0,0,0,0,0,0,0,0,0,0,0
"54055","3","10","71","0","2008","A","","Mercer County, West Virginia","Local Government","Total, all industries","County, Total -- by ownership sector","All establishment sizes",54,3311,109969150,3321760,51496,639,33210,"",2.03,1.45,1.72,1.63,2.70,1.19,1.19,"",-1,-1.8,96,3.0,7755361,7.6,-335681,-9.2,-5677,-9.9,28,4.6,1415,4.5
"54055","3","102","72","0","2008","A","","Mercer County, West Virginia","Local Government","Service-providing","County, by Domain -- by ownership sector","All establishment sizes",54,3311,109969150,3321760,51496,639,33210,"",2.09,1.46,1.73,1.65,2.76,1.19,1.19,"",-1,-1.8,96,3.0,7755361,7.6,-335681,-9.2,-5677,-9.9,28,4.6,1415,4.5
"54055","3","1021","73","0","2008","A","","Mercer County, West Virginia","Local Government","Trade, transportation, and utilities","County, by Supersector -- by ownership sector","All establishment sizes",7,209,5579752,335048,6546,514,26729,"",3.69,2.49,1.86,3.22,5.33,0.75,0.75,"",0,0.0,-6,-2.8,168081,3.1,-69157,-17.1,-1538,-19.0,30,6.2,1568,6.2
"54055","3","1022","73","0","2008","A","N","Mercer County, West Virginia","Local Government","Information","County, by Supersector -- by ownership sector","All establishment sizes",2,0,0,0,0,0,0,"N",2.40,0,0,0,0,0,0,"N",0,0.0,0,0,0,0,0,0,0,0,0,0,0,0
"54055","3","1023","73","0","2008","A","N","Mercer County, West Virginia","Local Government","Financial activities","County, by Supersector -- by ownership sector","All establishment sizes",1,0,0,0,0,0,0,"N",3.28,0,0,0,0,0,0,"N",0,0.0,0,0,0,0,0,0,0,0,0,0,0,0
"54055","3","1024","73","0","2008","A","N","Mercer County, West Virginia","Local Government","Professional and business services","County, by Supersector -- by ownership sector","All establishment sizes",1,0,0,0,0,0,0,"N",1.53,0,0,0,0,0,0,"N",0,0.0,0,0,0,0,0,0,0,0,0,0,0,0
"54055","3","1025","73","0","2008","A","","Mercer County, West Virginia","Local Government","Education and health services","County, by Supersector -- by ownership sector","All establishment sizes",28,2565,91562957,0,0,687,35703,"",2.50,1.82,2.41,0.00,0.00,1.33,1.33,"",-1,-3.4,68,2.7,6646432,7.8,0,0.0,0,0.0,33,5.0,1694,5.0
"54055","3","1026","73","0","2008","A","N","Mercer County, West Virginia","Local Government","Leisure and hospitality","County, by Supersector -- by ownership sector","All establishment sizes",1,0,0,0,0,0,0,"N",1.38,0,0,0,0,0,0,"N",0,0.0,0,0,0,0,0,0,0,0,0,0,0,0
"54055","3","1027","73","0","2008","A","N","Mercer County, West Virginia","Local Government","Other services","County, by Supersector -- by ownership sector","All establishment sizes",1,0,0,0,0,0,0,"N",2.76,0,0,0,0,0,0,"N",0,0.0,0,0,0,0,0,0,0,0,0,0,0,0
"54055","3","1028","73","0","2008","A","","Mercer County, West Virginia","Local Government","Public administration","County, by Supersector -- by ownership sector","All establishment sizes",13,473,11467201,2550197,38403,466,24252,"",1.32,0.72,0.57,2.97,4.30,0.79,0.79,"",0,0.0,32,7.3,820481,7.7,-304993,-10.7,-4544,-10.6,2,0.4,114,0.5
"54055","3","22","74","0","2008","A","N","Mercer County, West Virginia","Local Government","Utilities","County, NAICS Sector -- by ownership sector","All establishment sizes",5,0,0,0,0,0,0,"N",3.60,0,0,0,0,0,0,"N",0,0.0,0,0,0,0,0,0,0,0,0,0,0,0
"54055","3","221","75","0","2008","A","N","Mercer County, West Virginia","Local Government","Utilities","County, NAICS 3-digit -- by ownership sector","All establishment sizes",5,0,0,0,0,0,0,"N",3.60,0,0,0,0,0,0,"N",0,0.0,0,0,0,0,0,0,0,0,0,0,0,0
"54055","3","2213","76","0","2008","A","N","Mercer County, West Virginia","Local Government","Water, sewage and other systems","County, NAICS 4-digit -- by ownership sector","All establishment sizes",5,0,0,0,0,0,0,"N",4.22,0,0,0,0,0,0,"N",0,0.0,0,0,0,0,0,0,0,0,0,0,0,0
"54055","3","22131","77","0","2008","A","N","Mercer County, West Virginia","Local Government","Water supply and irrigation systems","County, NAICS 5-digit -- by ownership sector","All establishment sizes",1,0,0,0,0,0,0,"N",1.25,0,0,0,0,0,0,"N",0,0.0,0,0,0,0,0,0,0,0,0,0,0,0
"54055","3","221310","78","0","2008","A","N","Mercer County, West Virginia","Local Government","Water supply and irrigation systems","County, NAICS 6-digit -- by ownership sector","All establishment sizes",1,0,0,0,0,0,0,"N",1.25,0,0,0,0,0,0,"N",0,0.0,0,0,0,0,0,0,0,0,0,0,0,0
"54055","3","22132","77","0","2008","A","","Mercer County, West Virginia","Local Government","Sewage treatment facilities","County, NAICS 5-digit -- by ownership sector","All establishment sizes",4,82,2644914,164356,3883,619,32190,"",10.36,9.31,8.31,11.96,34.97,0.89,0.89,"",0,0.0,-3,-3.5,21661,0.8,-20894,-11.3,-517,-11.8,24,4.0,1237,4.0
"54055","3","221320","78","0","2008","A","","Mercer County, West Virginia","Local Government","Sewage treatment facilities","County, NAICS 6-digit -- by ownership sector","All establishment sizes",4,82,2644914,164356,3883,619,32190,"",10.36,9.31,8.31,11.96,34.97,0.89,0.89,"",0,0.0,-3,-3.5,21661,0.8,-20894,-11.3,-517,-11.8,24,4.0,1237,4.0
"54055","3","48-49","74","0","2008","A","N","Mercer County, West Virginia","Local Government","Transportation and warehousing","County, NAICS Sector -- by ownership sector","All establishment sizes",2,0,0,0,0,0,0,"N",4.82,0,0,0,0,0,0,"N",0,0.0,0,0,0,0,0,0,0,0,0,0,0,0
"54055","3","485","75","0","2008","A","N","Mercer County, West Virginia","Local Government","Transit and ground passenger transportation","County, NAICS 3-digit -- by ownership sector","All establishment sizes",1,0,0,0,0,0,0,"N",4.09,0,0,0,0,0,0,"N",0,0.0,0,0,0,0,0,0,0,0,0,0,0,0
"54055","3","4854","76","0","2008","A","N","Mercer County, West Virginia","Local Government","School and employee bus transportation","County, NAICS 4-digit -- by ownership sector","All establishment sizes",1,0,0,0,0,0,0,"N",6.64,0,0,0,0,0,0,"N",0,0.0,0,0,0,0,0,0,0,0,0,0,0,0
"54055","3","48541","77","0","2008","A","N","Mercer County, West Virginia","Local Government","School and employee bus transportation","County, NAICS 5-digit -- by ownership sector","All establishment sizes",1,0,0,0,0,0,0,"N",6.64,0,0,0,0,0,0,"N",0,0.0,0,0,0,0,0,0,0,0,0,0,0,0
"54055","3","485410","78","0","2008","A","N","Mercer County, West Virginia","Local Government","School and employee bus transportation","County, NAICS 6-digit -- by ownership sector","All establishment sizes",1,0,0,0,0,0,0,"N",6.64,0,0,0,0,0,0,"N",0,0.0,0,0,0,0,0,0,0,0,0,0,0,0
"54055","3","488","75","0","2008","A","N","Mercer County, West Virginia","Local Government","Support activities for transportation","County, NAICS 3-digit -- by ownership sector","All establishment sizes",1,0,0,0,0,0,0,"N",8.02,0,0,0,0,0,0,"N",0,0.0,0,0,0,0,0,0,0,0,0,0,0,0
"54055","3","4881","76","0","2008","A","N","Mercer County, West Virginia","Local Government","Support activities for air transportation","County, NAICS 4-digit -- by ownership sector","All establishment sizes",1,0,0,0,0,0,0,"N",11.39,0,0,0,0,0,0,"N",0,0.0,0,0,0,0,0,0,0,0,0,0,0,0
"54055","3","48811","77","0","2008","A","N","Mercer County, West Virginia","Local Government","Airport operations","County, NAICS 5-digit -- by ownership sector","All establishment sizes",1,0,0,0,0,0,0,"N",11.52,0,0,0,0,0,0,"N",0,0.0,0,0,0,0,0,0,0,0,0,0,0,0
"54055","3","488119","78","0","2008","A","N","Mercer County, West Virginia","Local Government","Other airport operations","County, NAICS 6-digit -- by ownership sector","All establishment sizes",1,0,0,0,0,0,0,"N",12.70,0,0,0,0,0,0,"N",0,0.0,0,0,0,0,0,0,0,0,0,0,0,0
"54055","3","51","74","0","2008","A","N","Mercer County, West Virginia","Local Government","Information","County, NAICS Sector -- by ownership sector","All establishment sizes",2,0,0,0,0,0,0,"N",2.40,0,0,0,0,0,0,"N",0,0.0,0,0,0,0,0,0,0,0,0,0,0,0
"54055","3","519","75","0","2008","A","N","Mercer County, West Virginia","Local Government","Other information services","County, NAICS 3-digit -- by ownership sector","All establishment sizes",2,0,0,0,0,0,0,"N",2.51,0,0,0,0,0,0,"N",0,0.0,0,0,0,0,0,0,0,0,0,0,0,0
"54055","3","5191","76","0","2008","A","N","Mercer County, West Virginia","Local Government","Other information services","County, NAICS 4-digit -- by ownership sector","All establishment sizes",2,0,0,0,0,0,0,"N",2.51,0,0,0,0,0,0,"N",0,0.0,0,0,0,0,0,0,0,0,0,0,0,0
"54055","3","51912","77","0","2008","A","N","Mercer County, West Virginia","Local Government","Libraries and archives","County, NAICS 5-digit -- by ownership sector","All establishment sizes",2,0,0,0,0,0,0,"N",2.51,0,0,0,0,0,0,"N",0,0.0,0,0,0,0,0,0,0,0,0,0,0,0
"54055","3","519120","78","0","2008","A","N","Mercer County, West Virginia","Local Government","Libraries and archives","County, NAICS 6-digit -- by ownership sector","All establishment sizes",2,0,0,0,0,0,0,"N",2.51,0,0,0,0,0,0,"N",0,0.0,0,0,0,0,0,0,0,0,0,0,0,0
"54055","3","53","74","0","2008","A","N","Mercer County, West Virginia","Local Government","Real estate and rental and leasing","County, NAICS Sector -- by ownership sector","All establishment sizes",1,0,0,0,0,0,0,"N",3.57,0,0,0,0,0,0,"N",0,0.0,0,0,0,0,0,0,0,0,0,0,0,0
"54055","3","531","75","0","2008","A","N","Mercer County, West Virginia","Local Government","Real estate","County, NAICS 3-digit -- by ownership sector","All establishment sizes",1,0,0,0,0,0,0,"N",3.60,0,0,0,0,0,0,"N",0,0.0,0,0,0,0,0,0,0,0,0,0,0,0
"54055","3","5311","76","0","2008","A","N","Mercer County, West Virginia","Local Government","Lessors of real estate","County, NAICS 4-digit -- by ownership sector","All establishment sizes",1,0,0,0,0,0,0,"N",5.39,0,0,0,0,0,0,"N",0,0.0,0,0,0,0,0,0,0,0,0,0,0,0
"54055","3","53111","77","0","2008","A","N","Mercer County, West Virginia","Local Government","Lessors of residential buildings","County, NAICS 5-digit -- by ownership sector","All establishment sizes",1,0,0,0,0,0,0,"N",5.93,0,0,0,0,0,0,"N",0,0.0,0,0,0,0,0,0,0,0,0,0,0,0
"54055","3","531110","78","0","2008","A","N","Mercer County, West Virginia","Local Government","Lessors of residential buildings","County, NAICS 6-digit -- by ownership sector","All establishment sizes",1,0,0,0,0,0,0,"N",5.93,0,0,0,0,0,0,"N",0,0.0,0,0,0,0,0,0,0,0,0,0,0,0
"54055","3","56","74","0","2008","A","N","Mercer County, West Virginia","Local Government","Administrative and waste services","County, NAICS Sector -- by ownership sector","All establishment sizes",1,0,0,0,0,0,0,"N",1.96,0,0,0,0,0,0,"N",0,0.0,0,0,0,0,0,0,0,0,0,0,0,0
"54055","3","562","75","0","2008","A","N","Mercer County, West Virginia","Local Government","Waste management and remediation services","County, NAICS 3-digit -- by ownership sector","All establishment sizes",1,0,0,0,0,0,0,"N",5.19,0,0,0,0,0,0,"N",0,0.0,0,0,0,0,0,0,0,0,0,0,0,0
"54055","3","5622","76","0","2008","A","N","Mercer County, West Virginia","Local Government","Waste treatment and disposal","County, NAICS 4-digit -- by ownership sector","All establishment sizes",1,0,0,0,0,0,0,"N",7.68,0,0,0,0,0,0,"N",0,0.0,0,0,0,0,0,0,0,0,0,0,0,0
"54055","3","56221","77","0","2008","A","N","Mercer County, West Virginia","Local Government","Waste treatment and disposal","County, NAICS 5-digit -- by ownership sector","All establishment sizes",1,0,0,0,0,0,0,"N",7.68,0,0,0,0,0,0,"N",0,0.0,0,0,0,0,0,0,0,0,0,0,0,0
"54055","3","562212","78","0","2008","A","N","Mercer County, West Virginia","Local Government","Solid waste landfill","County, NAICS 6-digit -- by ownership sector","All establishment sizes",1,0,0,0,0,0,0,"N",10.59,0,0,0,0,0,0,"N",0,0.0,0,0,0,0,0,0,0,0,0,0,0,0
"54055","3","61","74","0","2008","A","N","Mercer County, West Virginia","Local Government","Educational services","County, NAICS Sector -- by ownership sector","All establishment sizes",26,0,0,0,0,0,0,"N",2.57,0,0,0,0,0,0,"N",-1,-3.7,0,0,0,0,0,0,0,0,0,0,0,0
"54055","3","611","75","0","2008","A","N","Mercer County, West Virginia","Local Government","Educational services","County, NAICS 3-digit -- by ownership sector","All establishment sizes",26,0,0,0,0,0,0,"N",2.57,0,0,0,0,0,0,"N",-1,-3.7,0,0,0,0,0,0,0,0,0,0,0,0
"54055","3","6111","76","0","2008","A","","Mercer County, West Virginia","Local Government","Elementary and secondary schools","County, NAICS 4-digit -- by ownership sector","All establishment sizes",25,1306,49269614,0,0,725,37714,"",2.56,1.11,1.56,0.00,0.00,1.41,1.41,"",-1,-3.8,28,2.2,3480626,7.6,0,0.0,0,0.0,36,5.2,1881,5.2
"54055","3","61111","77","0","2008","A","","Mercer County, West Virginia","Local Government","Elementary and secondary schools","County, NAICS 5-digit -- by ownership sector","All establishment sizes",25,1306,49269614,0,0,725,37714,"",2.56,1.11,1.56,0.00,0.00,1.41,1.41,"",-1,-3.8,28,2.2,3480626,7.6,0,0.0,0,0.0,36,5.2,1881,5.2
"54055","3","611110","78","0","2008","A","","Mercer County, West Virginia","Local Government","Elementary and secondary schools","County, NAICS 6-digit -- by ownership sector","All establishment sizes",25,1306,49269614,0,0,725,37714,"",2.56,1.11,1.56,0.00,0.00,1.41,1.41,"",-1,-3.8,28,2.2,3480626,7.6,0,0.0,0,0.0,36,5.2,1881,5.2
"54055","3","6115","76","0","2008","A","N","Mercer County, West Virginia","Local Government","Technical and trade schools","County, NAICS 4-digit -- by ownership sector","All establishment sizes",1,0,0,0,0,0,0,"N",33.90,0,0,0,0,0,0,"N",0,0.0,0,0,0,0,0,0,0,0,0,0,0,0
"54055","3","61151","77","0","2008","A","N","Mercer County, West Virginia","Local Government","Technical and trade schools","County, NAICS 5-digit -- by ownership sector","All establishment sizes",1,0,0,0,0,0,0,"N",33.90,0,0,0,0,0,0,"N",0,0.0,0,0,0,0,0,0,0,0,0,0,0,0
"54055","3","611519","78","0","2008","A","N","Mercer County, West Virginia","Local Government","Other technical and trade schools","County, NAICS 6-digit -- by ownership sector","All establishment sizes",1,0,0,0,0,0,0,"N",44.70,0,0,0,0,0,0,"N",0,0.0,0,0,0,0,0,0,0,0,0,0,0,0
"54055","3","62","74","0","2008","A","N","Mercer County, West Virginia","Local Government","Health care and social assistance","County, NAICS Sector -- by ownership sector","All establishment sizes",2,0,0,0,0,0,0,"N",1.84,0,0,0,0,0,0,"N",0,0.0,0,0,0,0,0,0,0,0,0,0,0,0
"54055","3","622","75","0","2008","A","N","Mercer County, West Virginia","Local Government","Hospitals","County, NAICS 3-digit -- by ownership sector","All establishment sizes",1,0,0,0,0,0,0,"N",4.94,0,0,0,0,0,0,"N",0,0.0,0,0,0,0,0,0,0,0,0,0,0,0
"54055","3","6221","76","0","2008","A","N","Mercer County, West Virginia","Local Government","General medical and surgical hospitals","County, NAICS 4-digit -- by ownership sector","All establishment sizes",1,0,0,0,0,0,0,"N",5.04,0,0,0,0,0,0,"N",0,0.0,0,0,0,0,0,0,0,0,0,0,0,0
"54055","3","62211","77","0","2008","A","N","Mercer County, West Virginia","Local Government","General medical and surgical hospitals","County, NAICS 5-digit -- by ownership sector","All establishment sizes",1,0,0,0,0,0,0,"N",5.04,0,0,0,0,0,0,"N",0,0.0,0,0,0,0,0,0,0,0,0,0,0,0
"54055","3","622110","78","0","2008","A","N","Mercer County, West Virginia","Local Government","General medical and surgical hospitals","County, NAICS 6-digit -- by ownership sector","All establishment sizes",1,0,0,0,0,0,0,"N",5.04,0,0,0,0,0,0,"N",0,0.0,0,0,0,0,0,0,0,0,0,0,0,0
"54055","3","623","75","0","2008","A","N","Mercer County, West Virginia","Local Government","Nursing and residential care facilities","County, NAICS 3-digit -- by ownership sector","All establishment sizes",1,0,0,0,0,0,0,"N",7.53,0,0,0,0,0,0,"N",0,0.0,0,0,0,0,0,0,0,0,0,0,0,0
"54055","3","6233","76","0","2008","A","N","Mercer County, West Virginia","Local Government","Community care facilities for the elderly","County, NAICS 4-digit -- by ownership sector","All establishment sizes",1,0,0,0,0,0,0,"N",80.46,0,0,0,0,0,0,"N",0,0.0,0,0,0,0,0,0,0,0,0,0,0,0
"54055","3","62331","77","0","2008","A","N","Mercer County, West Virginia","Local Government","Community care facilities for the elderly","County, NAICS 5-digit -- by ownership sector","All establishment sizes",1,0,0,0,0,0,0,"N",80.46,0,0,0,0,0,0,"N",0,0.0,0,0,0,0,0,0,0,0,0,0,0,0
"54055","3","623311","78","0","2008","A","N","Mercer County, West Virginia","Local Government","Continuing care retirement communities","County, NAICS 6-digit -- by ownership sector","All establishment sizes",1,0,0,0,0,0,0,"N",177.49,0,0,0,0,0,0,"N",0,0.0,0,0,0,0,0,0,0,0,0,0,0,0
"54055","3","71","74","0","2008","A","N","Mercer County, West Virginia","Local Government","Arts, entertainment, and recreation","County, NAICS Sector -- by ownership sector","All establishment sizes",1,0,0,0,0,0,0,"N",1.63,0,0,0,0,0,0,"N",0,0.0,0,0,0,0,0,0,0,0,0,0,0,0
"54055","3","711","75","0","2008","A","N","Mercer County, West Virginia","Local Government","Performing arts and spectator sports","County, NAICS 3-digit -- by ownership sector","All establishment sizes",0,0,0,0,0,0,0,"N",0.00,0,0,0,0,0,0,"N",0,0,0,0,0,0,0,0,0,0,0,0,0,0
"54055","3","7112","76","0","2008","A","N","Mercer County, West Virginia","Local Government","Spectator sports","County, NAICS 4-digit -- by ownership sector","All establishment sizes",0,0,0,0,0,0,0,"N",0.00,0,0,0,0,0,0,"N",0,0,0,0,0,0,0,0,0,0,0,0,0,0
"54055","3","71121","77","0","2008","A","N","Mercer County, West Virginia","Local Government","Spectator sports","County, NAICS 5-digit -- by ownership sector","All establishment sizes",0,0,0,0,0,0,0,"N",0.00,0,0,0,0,0,0,"N",0,0,0,0,0,0,0,0,0,0,0,0,0,0
"54055","3","711211","78","0","2008","A","N","Mercer County, West Virginia","Local Government","Sports teams and clubs","County, NAICS 6-digit -- by ownership sector","All establishment sizes",0,0,0,0,0,0,0,"N",0.00,0,0,0,0,0,0,"N",0,0,0,0,0,0,0,0,0,0,0,0,0,0
"54055","3","712","75","0","2008","A","N","Mercer County, West Virginia","Local Government","Museums, historical sites, zoos, and parks","County, NAICS 3-digit -- by ownership sector","All establishment sizes",1,0,0,0,0,0,0,"N",8.73,0,0,0,0,0,0,"N",0,0.0,0,0,0,0,0,0,0,0,0,0,0,0
"54055","3","7121","76","0","2008","A","N","Mercer County, West Virginia","Local Government","Museums, historical sites, zoos, and parks","County, NAICS 4-digit -- by ownership sector","All establishment sizes",1,0,0,0,0,0,0,"N",8.73,0,0,0,0,0,0,"N",0,0.0,0,0,0,0,0,0,0,0,0,0,0,0
"54055","3","71219","77","0","2008","A","N","Mercer County, West Virginia","Local Government","Nature parks and other similar institutions","County, NAICS 5-digit -- by ownership sector","All establishment sizes",1,0,0,0,0,0,0,"N",12.12,0,0,0,0,0,0,"N",0,0.0,0,0,0,0,0,0,0,0,0,0,0,0
"54055","3","712190","78","0","2008","A","N","Mercer County, West Virginia","Local Government","Nature parks and other similar institutions","County, NAICS 6-digit -- by ownership sector","All establishment sizes",1,0,0,0,0,0,0,"N",12.12,0,0,0,0,0,0,"N",0,0.0,0,0,0,0,0,0,0,0,0,0,0,0
"54055","3","81","74","0","2008","A","N","Mercer County, West Virginia","Local Government","Other services, except public administration","County, NAICS Sector -- by ownership sector","All establishment sizes",1,0,0,0,0,0,0,"N",2.76,0,0,0,0,0,0,"N",0,0.0,0,0,0,0,0,0,0,0,0,0,0,0
"54055","3","812","75","0","2008","A","N","Mercer County, West Virginia","Local Government","Personal and laundry services","County, NAICS 3-digit -- by ownership sector","All establishment sizes",1,0,0,0,0,0,0,"N",5.33,0,0,0,0,0,0,"N",0,0.0,0,0,0,0,0,0,0,0,0,0,0,0
"54055","3","8129","76","0","2008","A","N","Mercer County, West Virginia","Local Government","Other personal services","County, NAICS 4-digit -- by ownership sector","All establishment sizes",1,0,0,0,0,0,0,"N",18.92,0,0,0,0,0,0,"N",0,0.0,0,0,0,0,0,0,0,0,0,0,0,0
"54055","3","81291","77","0","2008","A","N","Mercer County, West Virginia","Local Government","Pet care, except veterinary, services","County, NAICS 5-digit -- by ownership sector","All establishment sizes",1,0,0,0,0,0,0,"N",31.27,0,0,0,0,0,0,"N",0,0.0,0,0,0,0,0,0,0,0,0,0,0,0
"54055","3","812910","78","0","2008","A","N","Mercer County, West Virginia","Local Government","Pet care, except veterinary, services","County, NAICS 6-digit -- by ownership sector","All establishment sizes",1,0,0,0,0,0,0,"N",31.27,0,0,0,0,0,0,"N",0,0.0,0,0,0,0,0,0,0,0,0,0,0,0
"54055","3","92","74","0","2008","A","","Mercer County, West Virginia","Local Government","Public administration","County, NAICS Sector -- by ownership sector","All establishment sizes",13,473,11467201,2550197,38403,466,24252,"",1.32,0.72,0.57,2.97,4.30,0.79,0.79,"",0,0.0,32,7.3,820481,7.7,-304993,-10.7,-4544,-10.6,2,0.4,114,0.5
"54055","3","921","75","0","2008","A","","Mercer County, West Virginia","Local Government","Executive, legislative and general government","County, NAICS 3-digit -- by ownership sector","All establishment sizes",6,356,8447868,1447580,21863,456,23713,"",1.00,0.80,0.68,2.20,3.32,0.85,0.85,"",0,0.0,23,6.9,636918,8.2,-92036,-6.0,-1350,-5.8,5,1.1,263,1.1
"54055","3","9211","76","0","2008","A","","Mercer County, West Virginia","Local Government","Executive, legislative and general government","County, NAICS 4-digit -- by ownership sector","All establishment sizes",6,356,8447868,1447580,21863,456,23713,"",1.00,0.80,0.68,2.20,3.32,0.85,0.85,"",0,0.0,23,6.9,636918,8.2,-92036,-6.0,-1350,-5.8,5,1.1,263,1.1
"54055","3","92111","77","0","2008","A","N","Mercer County, West Virginia","Local Government","Executive offices","County, NAICS 5-digit -- by ownership sector","All establishment sizes",5,0,0,0,0,0,0,"N",6.78,0,0,0,0,0,0,"N",0,0.0,0,0,0,0,0,0,0,0,0,0,0,0
"54055","3","921110","78","0","2008","A","N","Mercer County, West Virginia","Local Government","Executive offices","County, NAICS 6-digit -- by ownership sector","All establishment sizes",5,0,0,0,0,0,0,"N",6.78,0,0,0,0,0,0,"N",0,0.0,0,0,0,0,0,0,0,0,0,0,0,0
"54055","3","92112","77","0","2008","A","N","Mercer County, West Virginia","Local Government","Legislative bodies","County, NAICS 5-digit -- by ownership sector","All establishment sizes",1,0,0,0,0,0,0,"N",2.11,0,0,0,0,0,0,"N",0,0.0,0,0,0,0,0,0,0,0,0,0,0,0
"54055","3","921120","78","0","2008","A","N","Mercer County, West Virginia","Local Government","Legislative bodies","County, NAICS 6-digit -- by ownership sector","All establishment sizes",1,0,0,0,0,0,0,"N",2.11,0,0,0,0,0,0,"N",0,0.0,0,0,0,0,0,0,0,0,0,0,0,0
"54055","3","922","75","0","2008","A","","Mercer County, West Virginia","Local Government","Justice, public order, and safety activities","County, NAICS 3-digit -- by ownership sector","All establishment sizes",3,69,1856112,1002450,15037,517,26900,"",1.54,0.47,0.33,10.82,17.40,0.70,0.70,"",0,0.0,3,4.5,100745,5.7,-229308,-18.6,-3440,-18.6,2,0.4,101,0.4
"54055","3","9221","76","0","2008","A","","Mercer County, West Virginia","Local Government","Justice, public order, and safety activities","County, NAICS 4-digit -- by ownership sector","All establishment sizes",3,69,1856112,1002450,15037,517,26900,"",1.54,0.47,0.33,10.82,17.40,0.70,0.70,"",0,0.0,3,4.5,100745,5.7,-229308,-18.6,-3440,-18.6,2,0.4,101,0.4
"54055","3","92211","77","0","2008","A","N","Mercer County, West Virginia","Local Government","Courts","County, NAICS 5-digit -- by ownership sector","All establishment sizes",1,0,0,0,0,0,0,"N",3.18,0,0,0,0,0,0,"N",0,0.0,0,0,0,0,0,0,0,0,0,0,0,0
"54055","3","922110","78","0","2008","A","N","Mercer County, West Virginia","Local Government","Courts","County, NAICS 6-digit -- by ownership sector","All establishment sizes",1,0,0,0,0,0,0,"N",3.18,0,0,0,0,0,0,"N",0,0.0,0,0,0,0,0,0,0,0,0,0,0,0
"54055","3","92212","77","0","2008","A","N","Mercer County, West Virginia","Local Government","Police protection","County, NAICS 5-digit -- by ownership sector","All establishment sizes",2,0,0,0,0,0,0,"N",3.98,0,0,0,0,0,0,"N",0,0.0,0,0,0,0,0,0,0,0,0,0,0,0
"54055","3","922120","78","0","2008","A","N","Mercer County, West Virginia","Local Government","Police protection","County, NAICS 6-digit -- by ownership sector","All establishment sizes",2,0,0,0,0,0,0,"N",3.98,0,0,0,0,0,0,"N",0,0.0,0,0,0,0,0,0,0,0,0,0,0,0
"54055","3","923","75","0","2008","A","N","Mercer County, West Virginia","Local Government","Administration of human resource programs","County, NAICS 3-digit -- by ownership sector","All establishment sizes",1,0,0,0,0,0,0,"N",3.22,0,0,0,0,0,0,"N",0,0.0,0,0,0,0,0,0,0,0,0,0,0,0
"54055","3","9231","76","0","2008","A","N","Mercer County, West Virginia","Local Government","Administration of human resource programs","County, NAICS 4-digit -- by ownership sector","All establishment sizes",1,0,0,0,0,0,0,"N",3.22,0,0,0,0,0,0,"N",0,0.0,0,0,0,0,0,0,0,0,0,0,0,0
"54055","3","92312","77","0","2008","A","N","Mercer County, West Virginia","Local Government","Administration of public health programs","County, NAICS 5-digit -- by ownership sector","All establishment sizes",1,0,0,0,0,0,0,"N",5.80,0,0,0,0,0,0,"N",0,0.0,0,0,0,0,0,0,0,0,0,0,0,0
"54055","3","923120","78","0","2008","A","N","Mercer County, West Virginia","Local Government","Administration of public health programs","County, NAICS 6-digit -- by ownership sector","All establishment sizes",1,0,0,0,0,0,0,"N",5.80,0,0,0,0,0,0,"N",0,0.0,0,0,0,0,0,0,0,0,0,0,0,0
"54055","3","924","75","0","2008","A","N","Mercer County, West Virginia","Local Government","Administration of environmental programs","County, NAICS 3-digit -- by ownership sector","All establishment sizes",1,0,0,0,0,0,0,"N",1.62,0,0,0,0,0,0,"N",0,0.0,0,0,0,0,0,0,0,0,0,0,0,0
"54055","3","9241","76","0","2008","A","N","Mercer County, West Virginia","Local Government","Administration of environmental programs","County, NAICS 4-digit -- by ownership sector","All establishment sizes",1,0,0,0,0,0,0,"N",1.62,0,0,0,0,0,0,"N",0,0.0,0,0,0,0,0,0,0,0,0,0,0,0
"54055","3","92412","77","0","2008","A","N","Mercer County, West Virginia","Local Government","Administration of conservation programs","County, NAICS 5-digit -- by ownership sector","All establishment sizes",1,0,0,0,0,0,0,"N",2.52,0,0,0,0,0,0,"N",0,0.0,0,0,0,0,0,0,0,0,0,0,0,0
"54055","3","924120","78","0","2008","A","N","Mercer County, West Virginia","Local Government","Administration of conservation programs","County, NAICS 6-digit -- by ownership sector","All establishment sizes",1,0,0,0,0,0,0,"N",2.52,0,0,0,0,0,0,"N",0,0.0,0,0,0,0,0,0,0,0,0,0,0,0
"54055","3","925","75","0","2008","A","N","Mercer County, West Virginia","Local Government","Community and housing program administration","County, NAICS 3-digit -- by ownership sector","All establishment sizes",1,0,0,0,0,0,0,"N",1.76,0,0,0,0,0,0,"N",0,0.0,0,0,0,0,0,0,0,0,0,0,0,0
"54055","3","9251","76","0","2008","A","N","Mercer County, West Virginia","Local Government","Community and housing program administration","County, NAICS 4-digit -- by ownership sector","All establishment sizes",1,0,0,0,0,0,0,"N",1.76,0,0,0,0,0,0,"N",0,0.0,0,0,0,0,0,0,0,0,0,0,0,0
"54055","3","92512","77","0","2008","A","N","Mercer County, West Virginia","Local Government","Urban and rural development administration","County, NAICS 5-digit -- by ownership sector","All establishment sizes",1,0,0,0,0,0,0,"N",4.92,0,0,0,0,0,0,"N",0,0.0,0,0,0,0,0,0,0,0,0,0,0,0
"54055","3","925120","78","0","2008","A","N","Mercer County, West Virginia","Local Government","Urban and rural development administration","County, NAICS 6-digit -- by ownership sector","All establishment sizes",1,0,0,0,0,0,0,"N",4.92,0,0,0,0,0,0,"N",0,0.0,0,0,0,0,0,0,0,0,0,0,0,0
"54055","3","926","75","0","2008","A","N","Mercer County, West Virginia","Local Government","Administration of economic programs","County, NAICS 3-digit -- by ownership sector","All establishment sizes",1,0,0,0,0,0,0,"N",2.30,0,0,0,0,0,0,"N",0,0.0,0,0,0,0,0,0,0,0,0,0,0,0
"54055","3","9261","76","0","2008","A","N","Mercer County, West Virginia","Local Government","Administration of economic programs","County, NAICS 4-digit -- by ownership sector","All establishment sizes",1,0,0,0,0,0,0,"N",2.30,0,0,0,0,0,0,"N",0,0.0,0,0,0,0,0,0,0,0,0,0,0,0
"54055","3","92611","77","0","2008","A","N","Mercer County, West Virginia","Local Government","Administration of general economic programs","County, NAICS 5-digit -- by ownership sector","All establishment sizes",1,0,0,0,0,0,0,"N",12.17,0,0,0,0,0,0,"N",0,0.0,0,0,0,0,0,0,0,0,0,0,0,0
"54055","3","926110","78","0","2008","A","N","Mercer County, West Virginia","Local Government","Administration of general economic programs","County, NAICS 6-digit -- by ownership sector","All establishment sizes",1,0,0,0,0,0,0,"N",12.17,0,0,0,0,0,0,"N",0,0.0,0,0,0,0,0,0,0,0,0,0,0,0
"54055","5","10","71","0","2008","A","","Mercer County, West Virginia","Private","Total, all industries","County, Total -- by ownership sector","All establishment sizes",1395,16961,485352378,140646242,3404894,550,28615,"",0.96,0.93,0.89,1.00,0.99,0.95,0.95,"",-13,-0.9,-25,-0.1,20474276,4.4,2711499,2.0,16509,0.5,24,4.6,1246,4.6
"54055","5","101","72","0","2008","A","","Mercer County, West Virginia","Private","Goods-producing","County, by Domain -- by ownership sector","All establishment sizes",194,2435,94544047,24544605,745216,747,38834,"",0.86,0.68,0.76,0.74,0.72,1.12,1.12,"",-8,-4.0,52,2.2,7474756,8.6,1754600,7.7,23003,3.2,44,6.3,2289,6.3
"54055","5","1011","73","0","2008","A","","Mercer County, West Virginia","Private","Natural resources and mining","County, by Supersector -- by ownership sector","All establishment sizes",20,297,16376700,4004226,108319,1062,55218,"",0.96,0.98,1.66,1.41,1.49,1.70,1.70,"",0,0.0,95,47.0,5776867,54.5,1687262,72.8,40742,60.3,54,5.4,2787,5.3
"54055","5","1012","73","0","2008","A","","Mercer County, West Virginia","Private","Construction","County, by Supersector -- by ownership sector","All establishment sizes",116,775,26036504,7914776,345361,646,33592,"",0.79,0.68,0.70,0.68,0.78,1.03,1.04,"",-9,-7.2,-41,-5.0,-266792,-1.0,-352507,-4.3,-45961,-11.7,26,4.2,1358,4.2
"54055","5","1013","73","0","2008","A","","Mercer County, West Virginia","Private","Manufacturing","County, by Supersector -- by ownership sector","All establishment sizes",59,1363,52130843,12625603,291536,736,38249,"",0.99,0.63,0.67,0.67,0.56,1.06,1.06,"",1,1.7,-1,-0.1,1964681,3.9,419845,3.4,28222,10.7,29,4.1,1479,4.0
"54055","5","102","72","0","2008","A","","Mercer County, West Virginia","Private","Service-providing","County, by Domain -- by ownership sector","All establishment sizes",1201,14527,390808331,116101637,2659678,517,26903,"",0.98,1.00,0.93,1.08,1.11,0.93,0.93,"",-5,-0.4,-76,-0.5,12999520,3.4,956899,0.8,-6494,-0.2,19,3.8,1031,4.0
"54055","5","1021","73","0","2008","A","","Mercer County, West Virginia","Private","Trade, transportation, and utilities","County, by Supersector -- by ownership sector","All establishment sizes",387,4472,122952497,38561015,875320,529,27493,"",1.22,1.07,1.16,1.16,1.28,1.08,1.08,"",-11,-2.8,-111,-2.4,1831513,1.5,303383,0.8,-13048,-1.5,21,4.1,1065,4.0
"54055","5","1022","73","0","2008","A","","Mercer County, West Virginia","Private","Information","County, by Supersector -- by ownership sector","All establishment sizes",15,339,11728627,2850262,50586,665,34589,"",0.62,0.71,0.52,0.66,0.43,0.74,0.74,"",-2,-11.8,-15,-4.2,-279816,-2.3,-39314,-1.4,-3913,-7.2,12,1.8,635,1.9
"54055","5","1023","73","0","2008","A","","Mercer County, West Virginia","Private","Financial activities","County, by Supersector -- by ownership sector","All establishment sizes",123,721,26763747,6329711,116973,713,37099,"",0.86,0.56,0.43,0.56,0.46,0.76,0.76,"",5,4.2,-11,-1.5,520958,2.0,-35793,-0.6,929,0.8,23,3.3,1224,3.4
"54055","5","1024","73","0","2008","A","","Mercer County, West Virginia","Private","Professional and business services","County, by Supersector -- by ownership sector","All establishment sizes",164,2015,53217768,19759311,487190,508,26416,"",0.65,0.71,0.49,0.76,0.72,0.69,0.69,"",-6,-3.5,63,3.2,4300416,8.8,1638182,9.0,22275,4.8,26,5.4,1358,5.4
"54055","5","1025","73","0","2008","A","","Mercer County, West Virginia","Private","Education and health services","County, by Supersector -- by ownership sector","All establishment sizes",245,3506,116703396,20910024,475219,640,33292,"",1.75,1.21,1.46,1.53,1.80,1.20,1.20,"",-1,-0.4,-24,-0.7,3993316,3.5,-1968709,-8.6,-30442,-6.0,26,4.2,1364,4.3
"54055","5","1026","73","0","2008","A","","Mercer County, West Virginia","Private","Leisure and hospitality","County, by Supersector -- by ownership sector","All establishment sizes",132,2610,32417172,20262959,437337,239,12421,"",1.08,1.21,1.20,1.43,1.53,0.99,0.99,"",4,3.1,35,1.4,1625487,5.3,1099401,5.7,13259,3.1,9,3.9,464,3.9
"54055","5","1027","73","0","2008","A","","Mercer County, West Virginia","Private","Other services","County, by Supersector -- by ownership sector","All establishment sizes",131,861,27001636,7404867,216308,603,31364,"",0.66,1.19,1.97,1.50,1.96,1.65,1.65,"",5,4.0,-13,-1.5,1033134,4.0,-16047,-0.2,4988,2.4,31,5.4,1640,5.5
"54055","5","1029","73","0","2008","A","","Mercer County, West Virginia","Private","Unclassified","County, by Supersector -- by ownership sector","All establishment sizes",4,3,23488,23488,745,143,7417,"",0.12,0.09,0.02,0.06,0.07,0.24,0.24,"",-1,-20.0,-1,-25.0,-25488,-52.0,-24204,-50.8,-542,-42.1,-108,-43.0,-5643,-43.2
"54055","5","11","74","0","2008","A","","Mercer County, West Virginia","Private","Agriculture, forestry, fishing and hunting","County, NAICS Sector -- by ownership sector","All establishment sizes",8,19,599326,174075,4966,601,31269,"",0.51,0.10,0.19,0.11,0.10,1.82,1.82,"",-1,-11.1,-14,-42.4,-499679,-45.5,-152332,-46.7,-9005,-64.5,-44,-6.8,-2288,-6.8
"54055","5","111","75","0","2008","A","N","Mercer County, West Virginia","Private","Crop production","County, NAICS 3-digit -- by ownership sector","All establishment sizes",1,0,0,0,0,0,0,"N",0.14,0,0,0,0,0,0,"N",0,0.0,0,0,0,0,0,0,0,0,0,0,0,0
"54055","5","1114","76","0","2008","A","N","Mercer County, West Virginia","Private","Greenhouse and nursery production","County, NAICS 4-digit -- by ownership sector","All establishment sizes",1,0,0,0,0,0,0,"N",0.66,0,0,0,0,0,0,"N",0,0.0,0,0,0,0,0,0,0,0,0,0,0,0
"54055","5","11142","77","0","2008","A","N","Mercer County, West Virginia","Private","Nursery and floriculture production","County, NAICS 5-digit -- by ownership sector","All establishment sizes",1,0,0,0,0,0,0,"N",0.71,0,0,0,0,0,0,"N",0,0.0,0,0,0,0,0,0,0,0,0,0,0,0
"54055","5","111421","78","0","2008","A","N","Mercer County, West Virginia","Private","Nursery and tree production","County, NAICS 6-digit -- by ownership sector","All establishment sizes",1,0,0,0,0,0,0,"N",1.04,0,0,0,0,0,0,"N",0,0.0,0,0,0,0,0,0,0,0,0,0,0,0
"54055","5","113","75","0","2008","A","","Mercer County, West Virginia","Private","Forestry and logging","County, NAICS 3-digit -- by ownership sector","All establishment sizes",5,13,300815,118075,2782,457,23749,"",2.85,1.31,1.26,1.10,0.88,0.99,0.99,"N",0,0.0,0,0,0,0,0,0,0,0,0,0,0,0
"54055","5","1133","76","0","2008","A","","Mercer County, West Virginia","Private","Logging","County, NAICS 4-digit -- by ownership sector","All establishment sizes",5,13,300815,118075,2782,457,23749,"",3.13,1.46,1.45,1.20,0.93,1.02,1.02,"N",0,0.0,0,0,0,0,0,0,0,0,0,0,0,0
"54055","5","11331","77","0","2008","A","","Mercer County, West Virginia","Private","Logging","County, NAICS 5-digit -- by ownership sector","All establishment sizes",5,13,300815,118075,2782,457,23749,"",3.13,1.46,1.45,1.20,0.93,1.02,1.02,"N",0,0.0,0,0,0,0,0,0,0,0,0,0,0,0
"54055","5","113310","78","0","2008","A","","Mercer County, West Virginia","Private","Logging","County, NAICS 6-digit -- by ownership sector","All establishment sizes",5,13,300815,118075,2782,457,23749,"",3.13,1.46,1.45,1.20,0.93,1.02,1.02,"N",0,0.0,0,0,0,0,0,0,0,0,0,0,0,0
"54055","5","115","75","0","2008","A","N","Mercer County, West Virginia","Private","Agriculture and forestry support activities","County, NAICS 3-digit -- by ownership sector","All establishment sizes",2,0,0,0,0,0,0,"N",0.68,0,0,0,0,0,0,"N",-1,-33.3,0,0,0,0,0,0,0,0,0,0,0,0
"54055","5","1152","76","0","2008","A","N","Mercer County, West Virginia","Private","Support activities for animal production","County, NAICS 4-digit -- by ownership sector","All establishment sizes",1,0,0,0,0,0,0,"N",1.18,0,0,0,0,0,0,"N",0,0.0,0,0,0,0,0,0,0,0,0,0,0,0
"54055","5","11521","77","0","2008","A","N","Mercer County, West Virginia","Private","Support activities for animal production","County, NAICS 5-digit -- by ownership sector","All establishment sizes",1,0,0,0,0,0,0,"N",1.18,0,0,0,0,0,0,"N",0,0.0,0,0,0,0,0,0,0,0,0,0,0,0
"54055","5","115210","78","0","2008","A","N","Mercer County, West Virginia","Private","Support activities for animal production","County, NAICS 6-digit -- by ownership sector","All establishment sizes",1,0,0,0,0,0,0,"N",1.18,0,0,0,0,0,0,"N",0,0.0,0,0,0,0,0,0,0,0,0,0,0,0
"54055","5","1153","76","0","2008","A","N","Mercer County, West Virginia","Private","Support activities for forestry","County, NAICS 4-digit -- by ownership sector","All establishment sizes",1,0,0,0,0,0,0,"N",2.57,0,0,0,0,0,0,"N",-1,-50.0,0,0,0,0,0,0,0,0,0,0,0,0
"54055","5","11531","77","0","2008","A","N","Mercer County, West Virginia","Private","Support activities for forestry","County, NAICS 5-digit -- by ownership sector","All establishment sizes",1,0,0,0,0,0,0,"N",2.57,0,0,0,0,0,0,"N",-1,-50.0,0,0,0,0,0,0,0,0,0,0,0,0
"54055","5","115310","78","0","2008","A","N","Mercer County, West Virginia","Private","Support activities for forestry","County, NAICS 6-digit -- by ownership sector","All establishment sizes",1,0,0,0,0,0,0,"N",2.57,0,0,0,0,0,0,"N",-1,-50.0,0,0,0,0,0,0,0,0,0,0,0,0
"54055","5","21","74","0","2008","A","","Mercer County, West Virginia","Private","Mining, quarrying, and oil and gas extraction","County, NAICS Sector -- by ownership sector","All establishment sizes",12,277,15777374,3830151,103353,1094,56872,"",2.36,2.41,2.39,3.21,4.86,0.99,0.99,"",2,20.0,108,63.9,6276546,66.1,1839594,92.4,49747,92.8,16,1.5,792,1.4
"54055","5","211","75","0","2008","A","N","Mercer County, West Virginia","Private","Oil and gas extraction","County, NAICS 3-digit -- by ownership sector","All establishment sizes",1,0,0,0,0,0,0,"N",0.68,0,0,0,0,0,0,"N",0,0.0,0,0,0,0,0,0,0,0,0,0,0,0
"54055","5","2111","76","0","2008","A","N","Mercer County, West Virginia","Private","Oil and gas extraction","County, NAICS 4-digit -- by ownership sector","All establishment sizes",1,0,0,0,0,0,0,"N",0.68,0,0,0,0,0,0,"N",0,0.0,0,0,0,0,0,0,0,0,0,0,0,0
"54055","5","21111","77","0","2008","A","N","Mercer County, West Virginia","Private","Oil and gas extraction","County, NAICS 5-digit -- by ownership sector","All establishment sizes",1,0,0,0,0,0,0,"N",0.68,0,0,0,0,0,0,"N",0,0.0,0,0,0,0,0,0,0,0,0,0,0,0
"54055","5","211111","78","0","2008","A","N","Mercer County, West Virginia","Private","Crude petroleum and natural gas extraction","County, NAICS 6-digit -- by ownership sector","All establishment sizes",1,0,0,0,0,0,0,"N",0.70,0,0,0,0,0,0,"N",0,0.0,0,0,0,0,0,0,0,0,0,0,0,0
"54055","5","212","75","0","2008","A","","Mercer County, West Virginia","Private","Mining, except oil and gas","County, NAICS 3-digit -- by ownership sector","All establishment sizes",8,165,7753468,2636607,70279,904,47014,"",6.21,4.60,5.16,7.13,7.06,1.12,1.12,"",4,100.0,95,135.7,4865951,168.5,1756851,199.7,47778,212.3,109,13.7,5665,13.7
"54055","5","2121","76","0","2008","A","N","Mercer County, West Virginia","Private","Coal mining","County, NAICS 4-digit -- by ownership sector","All establishment sizes",7,0,0,0,0,0,0,"N",33.66,0,0,0,0,0,0,"N",4,133.3,0,0,0,0,0,0,0,0,0,0,0,0
"54055","5","21211","77","0","2008","A","N","Mercer County, West Virginia","Private","Coal mining","County, NAICS 5-digit -- by ownership sector","All establishment sizes",7,0,0,0,0,0,0,"N",33.66,0,0,0,0,0,0,"N",4,133.3,0,0,0,0,0,0,0,0,0,0,0,0
"54055","5","212111","78","0","2008","A","N","Mercer County, West Virginia","Private","Bituminous coal and lignite surface mining","County, NAICS 6-digit -- by ownership sector","All establishment sizes",6,0,0,0,0,0,0,"N",52.55,0,0,0,0,0,0,"N",3,100.0,0,0,0,0,0,0,0,0,0,0,0,0
"54055","5","212113","78","0","2008","A","N","Mercer County, West Virginia","Private","Anthracite mining","County, NAICS 6-digit -- by ownership sector","All establishment sizes",1,0,0,0,0,0,0,"N",81.55,0,0,0,0,0,0,"N",1,100.0,0,0,0,0,0,0,0,0,0,0,0,0
"54055","5","2123","76","0","2008","A","N","Mercer County, West Virginia","Private","Nonmetallic mineral mining and quarrying","County, NAICS 4-digit -- by ownership sector","All establishment sizes",1,0,0,0,0,0,0,"N",0.99,0,0,0,0,0,0,"N",0,0.0,0,0,0,0,0,0,0,0,0,0,0,0
"54055","5","21231","77","0","2008","A","N","Mercer County, West Virginia","Private","Stone mining and quarrying","County, NAICS 5-digit -- by ownership sector","All establishment sizes",1,0,0,0,0,0,0,"N",2.25,0,0,0,0,0,0,"N",0,0.0,0,0,0,0,0,0,0,0,0,0,0,0
"54055","5","212312","78","0","2008","A","N","Mercer County, West Virginia","Private","Crushed and broken limestone mining","County, NAICS 6-digit -- by ownership sector","All establishment sizes",1,0,0,0,0,0,0,"N",5.18,0,0,0,0,0,0,"N",0,0.0,0,0,0,0,0,0,0,0,0,0,0,0
"54055","5","213","75","0","2008","A","N","Mercer County, West Virginia","Private","Support activities for mining","County, NAICS 3-digit -- by ownership sector","All establishment sizes",3,0,0,0,0,0,0,"N",1.29,0,0,0,0,0,0,"N",-2,-40.0,0,0,0,0,0,0,0,0,0,0,0,0
"54055","5","2131","76","0","2008","A","N","Mercer County, West Virginia","Private","Support activities for mining","County, NAICS 4-digit -- by ownership sector","All establishment sizes",3,0,0,0,0,0,0,"N",1.29,0,0,0,0,0,0,"N",-2,-40.0,0,0,0,0,0,0,0,0,0,0,0,0
"54055","5","21311","77","0","2008","A","N","Mercer County, West Virginia","Private","Support activities for mining","County, NAICS 5-digit -- by ownership sector","All establishment sizes",3,0,0,0,0,0,0,"N",1.29,0,0,0,0,0,0,"N",-2,-40.0,0,0,0,0,0,0,0,0,0,0,0,0
"54055","5","213113","78","0","2008","A","N","Mercer County, West Virginia","Private","Support activities for coal mining","County, NAICS 6-digit -- by ownership sector","All establishment sizes",3,0,0,0,0,0,0,"N",38.36,0,0,0,0,0,0,"N",-2,-40.0,0,0,0,0,0,0,0,0,0,0,0,0
"54055","5","22","74","0","2008","A","","Mercer County, West Virginia","Private","Utilities","County, NAICS Sector -- by ownership sector","All establishment sizes",6,115,7919696,989241,15507,1328,69067,"",2.21,1.28,1.59,1.33,1.44,1.24,1.24,"",0,0.0,-1,-0.9,131084,1.7,-34499,-3.4,-476,-3.0,31,2.4,1633,2.4
"54055","5","221","75","0","2008","A","","Mercer County, West Virginia","Private","Utilities","County, NAICS 3-digit -- by ownership sector","All establishment sizes",6,115,7919696,989241,15507,1328,69067,"",2.21,1.28,1.59,1.33,1.44,1.24,1.24,"",0,0.0,-1,-0.9,131084,1.7,-34499,-3.4,-476,-3.0,31,2.4,1633,2.4
"54055","5","2211","76","0","2008","A","N","Mercer County, West Virginia","Private","Power generation and supply","County, NAICS 4-digit -- by ownership sector","All establishment sizes",2,0,0,0,0,0,0,"N",1.50,0,0,0,0,0,0,"N",0,0.0,0,0,0,0,0,0,0,0,0,0,0,0
"54055","5","22111","77","0","2008","A","N","Mercer County, West Virginia","Private","Electric power generation","County, NAICS 5-digit -- by ownership sector","All establishment sizes",2,0,0,0,0,0,0,"N",3.38,0,0,0,0,0,0,"N",0,0.0,0,0,0,0,0,0,0,0,0,0,0,0
"54055","5","221112","78","0","2008","A","N","Mercer County, West Virginia","Private","Fossil fuel electric power generation","County, NAICS 6-digit -- by ownership sector","All establishment sizes",2,0,0,0,0,0,0,"N",6.36,0,0,0,0,0,0,"N",0,0.0,0,0,0,0,0,0,0,0,0,0,0,0
"54055","5","2212","76","0","2008","A","N","Mercer County, West Virginia","Private","Natural gas distribution","County, NAICS 4-digit -- by ownership sector","All establishment sizes",2,0,0,0,0,0,0,"N",4.54,0,0,0,0,0,0,"N",0,0.0,0,0,0,0,0,0,0,0,0,0,0,0
"54055","5","22121","77","0","2008","A","N","Mercer County, West Virginia","Private","Natural gas distribution","County, NAICS 5-digit -- by ownership sector","All establishment sizes",2,0,0,0,0,0,0,"N",4.54,0,0,0,0,0,0,"N",0,0.0,0,0,0,0,0,0,0,0,0,0,0,0
"54055","5","221210","78","0","2008","A","N","Mercer County, West Virginia","Private","Natural gas distribution","County, NAICS 6-digit -- by ownership sector","All establishment sizes",2,0,0,0,0,0,0,"N",4.54,0,0,0,0,0,0,"N",0,0.0,0,0,0,0,0,0,0,0,0,0,0,0
"54055","5","2213","76","0","2008","A","N","Mercer County, West Virginia","Private","Water, sewage and other systems","County, NAICS 4-digit -- by ownership sector","All establishment sizes",2,0,0,0,0,0,0,"N",2.13,0,0,0,0,0,0,"N",0,0.0,0,0,0,0,0,0,0,0,0,0,0,0
"54055","5","22131","77","0","2008","A","N","Mercer County, West Virginia","Private","Water supply and irrigation systems","County, NAICS 5-digit -- by ownership sector","All establishment sizes",2,0,0,0,0,0,0,"N",2.49,0,0,0,0,0,0,"N",0,0.0,0,0,0,0,0,0,0,0,0,0,0,0
"54055","5","221310","78","0","2008","A","N","Mercer County, West Virginia","Private","Water supply and irrigation systems","County, NAICS 6-digit -- by ownership sector","All establishment sizes",2,0,0,0,0,0,0,"N",2.49,0,0,0,0,0,0,"N",0,0.0,0,0,0,0,0,0,0,0,0,0,0,0
"54055","5","23","74","0","2008","A","","Mercer County, West Virginia","Private","Construction","County, NAICS Sector -- by ownership sector","All establishment sizes",116,775,26036504,7914776,345361,646,33592,"",0.79,0.68,0.70,0.68,0.78,1.03,1.04,"",-9,-7.2,-41,-5.0,-266792,-1.0,-352507,-4.3,-45961,-11.7,26,4.2,1358,4.2
"54055","5","236","75","0","2008","A","","Mercer County, West Virginia","Private","Construction of buildings","County, NAICS 3-digit -- by ownership sector","All establishment sizes",35,253,8455650,2547566,104446,643,33422,"",0.79,0.96,0.90,0.95,1.08,0.94,0.94,"",-7,-16.7,-25,-9.0,-659180,-7.2,-267779,-9.5,-42860,-29.1,13,2.1,664,2.0
"54055","5","2361","76","0","2008","A","N","Mercer County, West Virginia","Private","Residential building construction","County, NAICS 4-digit -- by ownership sector","All establishment sizes",31,0,0,0,0,0,0,"N",0.87,0,0,0,0,0,0,"N",-5,-13.9,0,0,0,0,0,0,0,0,0,0,0,0
"54055","5","23611","77","0","2008","A","N","Mercer County, West Virginia","Private","Residential building construction","County, NAICS 5-digit -- by ownership sector","All establishment sizes",31,0,0,0,0,0,0,"N",0.87,0,0,0,0,0,0,"N",-5,-13.9,0,0,0,0,0,0,0,0,0,0,0,0
"54055","5","236115","78","0","2008","A","","Mercer County, West Virginia","Private","New single-family general contractors","County, NAICS 6-digit -- by ownership sector","All establishment sizes",20,104,2665774,1070500,38478,493,25612,"",1.01,1.40,1.20,1.48,1.89,0.85,0.85,"",0,0.0,1,1.0,88936,3.5,31185,3.0,1156,3.1,11,2.3,554,2.2
"54055","5","236116","78","0","2008","A","N","Mercer County, West Virginia","Private","New multifamily general contractors","County, NAICS 6-digit -- by ownership sector","All establishment sizes",1,0,0,0,0,0,0,"N",1.54,0,0,0,0,0,0,"N",0,0.0,0,0,0,0,0,0,0,0,0,0,0,0
"54055","5","236118","78","0","2008","A","","Mercer County, West Virginia","Private","Residential remodelers","County, NAICS 6-digit -- by ownership sector","All establishment sizes",11,50,1192346,495825,24100,459,23887,"",0.77,1.08,1.01,1.16,1.78,0.93,0.93,"N",-3,-21.4,0,0,0,0,0,0,0,0,0,0,0,0
"54055","5","2362","76","0","2008","A","N","Mercer County, West Virginia","Private","Nonresidential building construction","County, NAICS 4-digit -- by ownership sector","All establishment sizes",4,0,0,0,0,0,0,"N",0.45,0,0,0,0,0,0,"N",-2,-33.3,0,0,0,0,0,0,0,0,0,0,0,0
"54055","5","23622","77","0","2008","A","N","Mercer County, West Virginia","Private","Commercial building construction","County, NAICS 5-digit -- by ownership sector","All establishment sizes",4,0,0,0,0,0,0,"N",0.52,0,0,0,0,0,0,"N",-2,-33.3,0,0,0,0,0,0,0,0,0,0,0,0
"54055","5","236220","78","0","2008","A","N","Mercer County, West Virginia","Private","Commercial building construction","County, NAICS 6-digit -- by ownership sector","All establishment sizes",4,0,0,0,0,0,0,"N",0.52,0,0,0,0,0,0,"N",-2,-33.3,0,0,0,0,0,0,0,0,0,0,0,0
"54055","5","237","75","0","2008","A","","Mercer County, West Virginia","Private","Heavy and civil engineering construction","County, NAICS 3-digit -- by ownership sector","All establishment sizes",9,124,6467195,1195360,65464,1000,51980,"",0.95,0.80,1.09,0.72,0.90,1.35,1.35,"",0,0.0,-18,-12.7,58845,0.9,-167501,-12.3,-16587,-20.2,131,15.1,6771,15.0
"54055","5","2371","76","0","2008","A","","Mercer County, West Virginia","Private","Utility system construction","County, NAICS 4-digit -- by ownership sector","All establishment sizes",4,84,4006621,830968,44017,915,47556,"",0.99,1.17,1.46,1.05,1.39,1.24,1.24,"",0,0.0,-21,-20.0,-415018,-9.4,-200511,-19.4,-14269,-24.5,108,13.4,5578,13.3
"54055","5","23711","77","0","2008","A","N","Mercer County, West Virginia","Private","Water and sewer system construction","County, NAICS 5-digit -- by ownership sector","All establishment sizes",2,0,0,0,0,0,0,"N",0.87,0,0,0,0,0,0,"N",0,0.0,0,0,0,0,0,0,0,0,0,0,0,0
"54055","5","237110","78","0","2008","A","N","Mercer County, West Virginia","Private","Water and sewer system construction","County, NAICS 6-digit -- by ownership sector","All establishment sizes",2,0,0,0,0,0,0,"N",0.87,0,0,0,0,0,0,"N",0,0.0,0,0,0,0,0,0,0,0,0,0,0,0
"54055","5","23713","77","0","2008","A","N","Mercer County, West Virginia","Private","Power and communication system construction","County, NAICS 5-digit -- by ownership sector","All establishment sizes",2,0,0,0,0,0,0,"N",1.54,0,0,0,0,0,0,"N",0,0.0,0,0,0,0,0,0,0,0,0,0,0,0
"54055","5","237130","78","0","2008","A","N","Mercer County, West Virginia","Private","Power and communication system construction","County, NAICS 6-digit -- by ownership sector","All establishment sizes",2,0,0,0,0,0,0,"N",1.54,0,0,0,0,0,0,"N",0,0.0,0,0,0,0,0,0,0,0,0,0,0,0
"54055","5","2372","76","0","2008","A","N","Mercer County, West Virginia","Private","Land subdivision","County, NAICS 4-digit -- by ownership sector","All establishment sizes",2,0,0,0,0,0,0,"N",0.91,0,0,0,0,0,0,"N",0,0.0,0,0,0,0,0,0,0,0,0,0,0,0
"54055","5","23721","77","0","2008","A","N","Mercer County, West Virginia","Private","Land subdivision","County, NAICS 5-digit -- by ownership sector","All establishment sizes",2,0,0,0,0,0,0,"N",0.91,0,0,0,0,0,0,"N",0,0.0,0,0,0,0,0,0,0,0,0,0,0,0
"54055","5","237210","78","0","2008","A","N","Mercer County, West Virginia","Private","Land subdivision","County, NAICS 6-digit -- by ownership sector","All establishment sizes",2,0,0,0,0,0,0,"N",0.91,0,0,0,0,0,0,"N",0,0.0,0,0,0,0,0,0,0,0,0,0,0,0
"54055","5","2373","76","0","2008","A","N","Mercer County, West Virginia","Private","Highway, street, and bridge construction","County, NAICS 4-digit -- by ownership sector","All establishment sizes",1,0,0,0,0,0,0,"N",0.51,0,0,0,0,0,0,"N",-1,-50.0,0,0,0,0,0,0,0,0,0,0,0,0
"54055","5","23731","77","0","2008","A","N","Mercer County, West Virginia","Private","Highway, street, and bridge construction","County, NAICS 5-digit -- by ownership sector","All establishment sizes",1,0,0,0,0,0,0,"N",0.51,0,0,0,0,0,0,"N",-1,-50.0,0,0,0,0,0,0,0,0,0,0,0,0
"54055","5","237310","78","0","2008","A","N","Mercer County, West Virginia","Private","Highway, street, and bridge construction","County, NAICS 6-digit -- by ownership sector","All establishment sizes",1,0,0,0,0,0,0,"N",0.51,0,0,0,0,0,0,"N",-1,-50.0,0,0,0,0,0,0,0,0,0,0,0,0
"54055","5","2379","76","0","2008","A","N","Mercer County, West Virginia","Private","Other heavy construction","County, NAICS 4-digit -- by ownership sector","All establishment sizes",1,0,0,0,0,0,0,"N",0.75,0,0,0,0,0,0,"N",0,0.0,0,0,0,0,0,0,0,0,0,0,0,0
"54055","5","23799","77","0","2008","A","N","Mercer County, West Virginia","Private","Other heavy construction","County, NAICS 5-digit -- by ownership sector","All establishment sizes",1,0,0,0,0,0,0,"N",0.75,0,0,0,0,0,0,"N",0,0.0,0,0,0,0,0,0,0,0,0,0,0,0
"54055","5","237990","78","0","2008","A","N","Mercer County, West Virginia","Private","Other heavy construction","County, NAICS 6-digit -- by ownership sector","All establishment sizes",1,0,0,0,0,0,0,"N",0.75,0,0,0,0,0,0,"N",0,0.0,0,0,0,0,0,0,0,0,0,0,0,0
"54055","5","238","75","0","2008","A","","Mercer County, West Virginia","Private","Specialty trade contractors","County, NAICS 3-digit -- by ownership sector","All establishment sizes",73,398,11113659,4171850,175451,537,27947,"",0.79,0.55,0.51,0.57,0.65,0.93,0.93,"",-1,-1.4,2,0.5,333543,3.1,82773,2.0,13486,8.3,13,2.5,724,2.7
"54055","5","2381","76","0","2008","A","","Mercer County, West Virginia","Private","Building foundation and exterior contractors","County, NAICS 4-digit -- by ownership sector","All establishment sizes",16,98,2499745,1111192,42427,493,25638,"",0.82,0.63,0.60,0.71,0.73,0.96,0.96,"",-2,-11.1,-2,-2.0,364958,17.1,87824,8.6,-3939,-8.5,82,20.0,4254,19.9
"54055","5","23813","77","0","2008","A","N","Mercer County, West Virginia","Private","Framing contractors","County, NAICS 5-digit -- by ownership sector","All establishment sizes",2,0,0,0,0,0,0,"N",0.71,0,0,0,0,0,0,"N",-1,-33.3,0,0,0,0,0,0,0,0,0,0,0,0
"54055","5","238131","78","0","2008","A","N","Mercer County, West Virginia","Private","Residential framing contractors","County, NAICS 6-digit -- by ownership sector","All establishment sizes",2,0,0,0,0,0,0,"N",0.81,0,0,0,0,0,0,"N",-1,-33.3,0,0,0,0,0,0,0,0,0,0,0,0
"54055","5","23814","77","0","2008","A","","Mercer County, West Virginia","Private","Masonry contractors","County, NAICS 5-digit -- by ownership sector","All establishment sizes",7,39,526388,372970,21449,260,13497,"",1.43,1.15,0.63,1.08,1.45,0.55,0.55,"",-1,-12.5,-15,-27.8,-473327,-47.3,-158176,-29.8,-7165,-25.0,-93,-26.3,-4874,-26.5
"54055","5","238141","78","0","2008","A","N","Mercer County, West Virginia","Private","Residential masonry contractors","County, NAICS 6-digit -- by ownership sector","All establishment sizes",5,0,0,0,0,0,0,"N",1.33,0,0,0,0,0,0,"N",-1,-16.7,0,0,0,0,0,0,0,0,0,0,0,0
"54055","5","238142","78","0","2008","A","N","Mercer County, West Virginia","Private","Nonresidential masonry contractors","County, NAICS 6-digit -- by ownership sector","All establishment sizes",2,0,0,0,0,0,0,"N",1.74,0,0,0,0,0,0,"N",0,0.0,0,0,0,0,0,0,0,0,0,0,0,0
"54055","5","23815","77","0","2008","A","N","Mercer County, West Virginia","Private","Glass and glazing contractors","County, NAICS 5-digit -- by ownership sector","All establishment sizes",2,0,0,0,0,0,0,"N",1.95,0,0,0,0,0,0,"N",0,0.0,0,0,0,0,0,0,0,0,0,0,0,0
"54055","5","238151","78","0","2008","A","N","Mercer County, West Virginia","Private","Residential glass and glazing contractors","County, NAICS 6-digit -- by ownership sector","All establishment sizes",2,0,0,0,0,0,0,"N",3.52,0,0,0,0,0,0,"N",1,100.0,0,0,0,0,0,0,0,0,0,0,0,0
"54055","5","23816","77","0","2008","A","N","Mercer County, West Virginia","Private","Roofing contractors","County, NAICS 5-digit -- by ownership sector","All establishment sizes",1,0,0,0,0,0,0,"N",0.29,0,0,0,0,0,0,"N",0,0.0,0,0,0,0,0,0,0,0,0,0,0,0
"54055","5","238162","78","0","2008","A","N","Mercer County, West Virginia","Private","Nonresidential roofing contractors","County, NAICS 6-digit -- by ownership sector","All establishment sizes",1,0,0,0,0,0,0,"N",1.10,0,0,0,0,0,0,"N",0,0.0,0,0,0,0,0,0,0,0,0,0,0,0
"54055","5","23817","77","0","2008","A","","Mercer County, West Virginia","Private","Siding contractors","County, NAICS 5-digit -- by ownership sector","All establishment sizes",4,7,81324,69973,5116,229,11901,"",2.50,1.05,0.54,1.04,2.46,0.53,0.53,"",-1,-20.0,-1,-12.5,-26043,-24.3,-29912,-29.9,-1759,-25.6,-32,-12.3,-1661,-12.2
"54055","5","238171","78","0","2008","A","N","Mercer County, West Virginia","Private","Residential siding contractors","County, NAICS 6-digit -- by ownership sector","All establishment sizes",3,0,0,0,0,0,0,"N",2.03,0,0,0,0,0,0,"N",-1,-25.0,0,0,0,0,0,0,0,0,0,0,0,0
"54055","5","238172","78","0","2008","A","N","Mercer County, West Virginia","Private","Nonresidential siding contractors","County, NAICS 6-digit -- by ownership sector","All establishment sizes",1,0,0,0,0,0,0,"N",8.22,0,0,0,0,0,0,"N",0,0.0,0,0,0,0,0,0,0,0,0,0,0,0
"54055","5","2382","76","0","2008","A","","Mercer County, West Virginia","Private","Building equipment contractors","County, NAICS 4-digit -- by ownership sector","All establishment sizes",34,236,7247914,2417984,96355,590,30668,"",1.00,0.73,0.67,0.74,0.81,0.91,0.91,"",1,3.0,8,3.5,354935,5.1,134819,5.9,15583,19.3,9,1.5,436,1.4
"54055","5","23821","77","0","2008","A","N","Mercer County, West Virginia","Private","Electrical and wiring contractors","County, NAICS 5-digit -- by ownership sector","All establishment sizes",9,0,0,0,0,0,0,"N",0.60,0,0,0,0,0,0,"N",1,12.5,0,0,0,0,0,0,0,0,0,0,0,0
"54055","5","238211","78","0","2008","A","","Mercer County, West Virginia","Private","Residential electrical contractors","County, NAICS 6-digit -- by ownership sector","All establishment sizes",6,26,692953,245884,9417,519,26998,"",0.68,0.54,0.54,0.53,0.74,1.00,1.00,"",1,20.0,-1,-3.7,-30247,-4.2,-26343,-9.7,-1338,-12.4,10,2.0,539,2.0
"54055","5","238212","78","0","2008","A","N","Mercer County, West Virginia","Private","Nonresidential electrical contractors","County, NAICS 6-digit -- by ownership sector","All establishment sizes",3,0,0,0,0,0,0,"N",0.48,0,0,0,0,0,0,"N",-1,-25.0,0,0,0,0,0,0,0,0,0,0,0,0
"54055","5","23822","77","0","2008","A","","Mercer County, West Virginia","Private","Plumbing and hvac contractors","County, NAICS 5-digit -- by ownership sector","All establishment sizes",24,195,5973936,2034725,84077,588,30583,"",1.40,1.25,1.18,1.31,1.55,0.94,0.94,"",0,0.0,9,4.8,281340,4.9,168411,9.0,17752,26.8,-2,-0.3,-91,-0.3
"54055","5","238221","78","0","2008","A","","Mercer County, West Virginia","Private","Residential plumbing and hvac contractors","County, NAICS 6-digit -- by ownership sector","All establishment sizes",13,71,1495544,739346,18796,403,20941,"",1.04,0.97,0.77,1.08,1.05,0.79,0.79,"",0,0.0,9,14.5,273125,22.3,152683,26.0,4010,27.1,24,6.3,1251,6.4
"54055","5","238222","78","0","2008","A","","Mercer County, West Virginia","Private","Nonresidential plumbing and hvac contractors","County, NAICS 6-digit -- by ownership sector","All establishment sizes",11,124,4478392,1295379,65281,695,36140,"",2.35,1.50,1.44,1.49,1.80,0.96,0.96,"",0,0.0,0,0.0,8215,0.2,15728,1.2,13742,26.7,-1,-0.1,-56,-0.2
"54055","5","23829","77","0","2008","A","N","Mercer County, West Virginia","Private","Other building equipment contractors","County, NAICS 5-digit -- by ownership sector","All establishment sizes",1,0,0,0,0,0,0,"N",0.60,0,0,0,0,0,0,"N",0,0.0,0,0,0,0,0,0,0,0,0,0,0,0
"54055","5","238292","78","0","2008","A","N","Mercer County, West Virginia","Private","Other nonresidential equipment contractors","County, NAICS 6-digit -- by ownership sector","All establishment sizes",1,0,0,0,0,0,0,"N",0.73,0,0,0,0,0,0,"N",0,0.0,0,0,0,0,0,0,0,0,0,0,0,0
"54055","5","2383","76","0","2008","A","","Mercer County, West Virginia","Private","Building finishing contractors","County, NAICS 4-digit -- by ownership sector","All establishment sizes",6,11,213604,105833,5457,362,18847,"",0.25,0.08,0.06,0.07,0.10,0.71,0.71,"",0,0.0,1,10.0,20041,10.4,15792,17.5,1470,36.9,-20,-5.2,-1006,-5.1
"54055","5","23832","77","0","2008","A","N","Mercer County, West Virginia","Private","Painting and wall covering contractors","County, NAICS 5-digit -- by ownership sector","All establishment sizes",2,0,0,0,0,0,0,"N",0.28,0,0,0,0,0,0,"N",1,100.0,0,0,0,0,0,0,0,0,0,0,0,0
"54055","5","238321","78","0","2008","A","N","Mercer County, West Virginia","Private","Residential painting contractors","County, NAICS 6-digit -- by ownership sector","All establishment sizes",1,0,0,0,0,0,0,"N",0.17,0,0,0,0,0,0,"N",1,100.0,0,0,0,0,0,0,0,0,0,0,0,0
"54055","5","238322","78","0","2008","A","N","Mercer County, West Virginia","Private","Nonresidential painting contractors","County, NAICS 6-digit -- by ownership sector","All establishment sizes",1,0,0,0,0,0,0,"N",0.73,0,0,0,0,0,0,"N",0,0.0,0,0,0,0,0,0,0,0,0,0,0,0
"54055","5","23833","77","0","2008","A","","Mercer County, West Virginia","Private","Flooring contractors","County, NAICS 5-digit -- by ownership sector","All establishment sizes",3,7,169440,66785,4651,489,25416,"",1.03,0.55,0.49,0.54,1.16,0.93,0.93,"",-1,-25.0,1,16.7,21398,14.5,15363,29.9,1475,46.4,27,5.8,1409,5.9
"54055","5","238331","78","0","2008","A","","Mercer County, West Virginia","Private","Residential flooring contractors","County, NAICS 6-digit -- by ownership sector","All establishment sizes",3,7,169440,66785,4651,489,25416,"",1.26,0.85,0.85,0.87,2.27,1.05,1.05,"",-1,-25.0,1,16.7,21398,14.5,15363,29.9,1475,46.4,27,5.8,1409,5.9
"54055","5","23835","77","0","2008","A","N","Mercer County, West Virginia","Private","Finish carpentry contractors","County, NAICS 5-digit -- by ownership sector","All establishment sizes",1,0,0,0,0,0,0,"N",0.16,0,0,0,0,0,0,"N",0,0.0,0,0,0,0,0,0,0,0,0,0,0,0
"54055","5","238351","78","0","2008","A","N","Mercer County, West Virginia","Private","Residential finish carpentry contractors","County, NAICS 6-digit -- by ownership sector","All establishment sizes",1,0,0,0,0,0,0,"N",0.19,0,0,0,0,0,0,"N",0,0.0,0,0,0,0,0,0,0,0,0,0,0,0
"54055","5","2389","76","0","2008","A","","Mercer County, West Virginia","Private","Other specialty trade contractors","County, NAICS 4-digit -- by ownership sector","All establishment sizes",17,53,1152396,536841,31212,422,21950,"",1.17,0.51,0.38,0.51,0.73,0.76,0.76,"",-1,-5.6,-5,-8.6,-406391,-26.1,-155662,-22.5,372,1.2,-91,-17.7,-4734,-17.7
"54055","5","23891","77","0","2008","A","","Mercer County, West Virginia","Private","Site preparation contractors","County, NAICS 5-digit -- by ownership sector","All establishment sizes",4,6,136215,53093,1896,443,23022,"",0.54,0.11,0.08,0.09,0.08,0.78,0.78,"N",-1,-20.0,0,0,0,0,0,0,0,0,0,0,0,0
"54055","5","238911","78","0","2008","A","N","Mercer County, West Virginia","Private","Residential site preparation contractors","County, NAICS 6-digit -- by ownership sector","All establishment sizes",3,0,0,0,0,0,0,"N",0.68,0,0,0,0,0,0,"N",0,0.0,0,0,0,0,0,0,0,0,0,0,0,0
"54055","5","238912","78","0","2008","A","N","Mercer County, West Virginia","Private","Nonresidential site preparation contractors","County, NAICS 6-digit -- by ownership sector","All establishment sizes",1,0,0,0,0,0,0,"N",0.34,0,0,0,0,0,0,"N",-1,-50.0,0,0,0,0,0,0,0,0,0,0,0,0
"54055","5","23899","77","0","2008","A","","Mercer County, West Virginia","Private","All other specialty trade contractors","County, NAICS 5-digit -- by ownership sector","All establishment sizes",13,47,1016181,483748,29316,420,21814,"",1.83,0.95,0.73,0.99,1.44,0.78,0.78,"N",0,0.0,0,0,0,0,0,0,0,0,0,0,0,0
"54055","5","238991","78","0","2008","A","","Mercer County, West Virginia","Private","All other residential trade contractors","County, NAICS 6-digit -- by ownership sector","All establishment sizes",8,22,473656,230060,17593,406,21130,"",1.67,0.93,0.86,1.01,1.94,0.90,0.90,"N",0,0.0,0,0,0,0,0,0,0,0,0,0,0,0
"54055","5","238992","78","0","2008","A","","Mercer County, West Virginia","Private","All other nonresidential trade contractors","County, NAICS 6-digit -- by ownership sector","All establishment sizes",5,24,542525,253688,11723,432,22449,"",2.15,0.92,0.65,0.97,1.04,0.70,0.70,"",0,0.0,-6,-20.0,-325389,-37.5,-105284,-29.3,538,4.8,-129,-23.0,-6725,-23.1
"54055","5","31-33","74","0","2008","A","","Mercer County, West Virginia","Private","Manufacturing","County, NAICS Sector -- by ownership sector","All establishment sizes",59,1363,52130843,12625603,291536,736,38249,"",0.99,0.63,0.67,0.67,0.56,1.06,1.06,"",1,1.7,-1,-0.1,1964681,3.9,419845,3.4,28222,10.7,29,4.1,1479,4.0
"54055","5","311","75","0","2008","A","N","Mercer County, West Virginia","Private","Food manufacturing","County, NAICS 3-digit -- by ownership sector","All establishment sizes",2,0,0,0,0,0,0,"N",0.43,0,0,0,0,0,0,"N",0,0.0,0,0,0,0,0,0,0,0,0,0,0,0
"54055","5","3118","76","0","2008","A","N","Mercer County, West Virginia","Private","Bakeries and tortilla manufacturing","County, NAICS 4-digit -- by ownership sector","All establishment sizes",2,0,0,0,0,0,0,"N",1.07,0,0,0,0,0,0,"N",0,0.0,0,0,0,0,0,0,0,0,0,0,0,0
"54055","5","31181","77","0","2008","A","N","Mercer County, West Virginia","Private","Bread and bakery product manufacturing","County, NAICS 5-digit -- by ownership sector","All establishment sizes",2,0,0,0,0,0,0,"N",1.21,0,0,0,0,0,0,"N",0,0.0,0,0,0,0,0,0,0,0,0,0,0,0
"54055","5","311811","78","0","2008","A","N","Mercer County, West Virginia","Private","Retail bakeries","County, NAICS 6-digit -- by ownership sector","All establishment sizes",1,0,0,0,0,0,0,"N",0.89,0,0,0,0,0,0,"N",0,0.0,0,0,0,0,0,0,0,0,0,0,0,0
"54055","5","311812","78","0","2008","A","N","Mercer County, West Virginia","Private","Commercial bakeries","County, NAICS 6-digit -- by ownership sector","All establishment sizes",1,0,0,0,0,0,0,"N",2.03,0,0,0,0,0,0,"N",0,0.0,0,0,0,0,0,0,0,0,0,0,0,0
"54055","5","314","75","0","2008","A","N","Mercer County, West Virginia","Private","Textile product mills","County, NAICS 3-digit -- by ownership sector","All establishment sizes",1,0,0,0,0,0,0,"N",0.75,0,0,0,0,0,0,"N",0,0.0,0,0,0,0,0,0,0,0,0,0,0,0
"54055","5","3149","76","0","2008","A","N","Mercer County, West Virginia","Private","Other textile product mills","County, NAICS 4-digit -- by ownership sector","All establishment sizes",1,0,0,0,0,0,0,"N",1.13,0,0,0,0,0,0,"N",0,0.0,0,0,0,0,0,0,0,0,0,0,0,0
"54055","5","31499","77","0","2008","A","N","Mercer County, West Virginia","Private","All other textile product mills","County, NAICS 5-digit -- by ownership sector","All establishment sizes",1,0,0,0,0,0,0,"N",1.80,0,0,0,0,0,0,"N",0,0.0,0,0,0,0,0,0,0,0,0,0,0,0
"54055","5","314999","78","0","2008","A","N","Mercer County, West Virginia","Private","All other miscellaneous textile product mills","County, NAICS 6-digit -- by ownership sector","All establishment sizes",1,0,0,0,0,0,0,"N",1.92,0,0,0,0,0,0,"N",0,0.0,0,0,0,0,0,0,0,0,0,0,0,0
"54055","5","321","75","0","2008","A","","Mercer County, West Virginia","Private","Wood product manufacturing","County, NAICS 3-digit -- by ownership sector","All establishment sizes",8,183,5023728,1679119,30284,527,27427,"",2.82,2.50,2.93,2.42,1.75,1.17,1.17,"",1,14.3,-9,-4.7,-1017619,-16.8,-181981,-9.8,-2981,-9.0,-80,-13.2,-4121,-13.1
"54055","5","3211","76","0","2008","A","","Mercer County, West Virginia","Private","Sawmills and wood preservation","County, NAICS 4-digit -- by ownership sector","All establishment sizes",4,131,3720369,1218220,20508,547,28436,"",5.66,8.10,9.56,7.64,5.95,1.18,1.18,"N",1,33.3,0,0,0,0,0,0,0,0,0,0,0,0
"54055","5","32111","77","0","2008","A","","Mercer County, West Virginia","Private","Sawmills and wood preservation","County, NAICS 5-digit -- by ownership sector","All establishment sizes",4,131,3720369,1218220,20508,547,28436,"",5.66,8.10,9.56,7.64,5.95,1.18,1.18,"N",1,33.3,0,0,0,0,0,0,0,0,0,0,0,0
"54055","5","321113","78","0","2008","A","N","Mercer County, West Virginia","Private","Sawmills","County, NAICS 6-digit -- by ownership sector","All establishment sizes",3,0,0,0,0,0,0,"N",4.84,0,0,0,0,0,0,"N",1,50.0,0,0,0,0,0,0,0,0,0,0,0,0
"54055","5","321114","78","0","2008","A","N","Mercer County, West Virginia","Private","Wood preservation","County, NAICS 6-digit -- by ownership sector","All establishment sizes",1,0,0,0,0,0,0,"N",11.47,0,0,0,0,0,0,"N",0,0.0,0,0,0,0,0,0,0,0,0,0,0,0
"54055","5","3219","76","0","2008","A","","Mercer County, West Virginia","Private","Other wood product manufacturing","County, NAICS 4-digit -- by ownership sector","All establishment sizes",4,52,1303359,460899,9776,479,24905,"",2.25,1.23,1.37,1.18,0.96,1.11,1.11,"N",0,0.0,0,0,0,0,0,0,0,0,0,0,0,0
"54055","5","32191","77","0","2008","A","N","Mercer County, West Virginia","Private","Millwork","County, NAICS 5-digit -- by ownership sector","All establishment sizes",2,0,0,0,0,0,0,"N",2.70,0,0,0,0,0,0,"N",0,0.0,0,0,0,0,0,0,0,0,0,0,0,0
"54055","5","321918","78","0","2008","A","N","Mercer County, West Virginia","Private","Other millwork, including flooring","County, NAICS 6-digit -- by ownership sector","All establishment sizes",2,0,0,0,0,0,0,"N",5.12,0,0,0,0,0,0,"N",0,0.0,0,0,0,0,0,0,0,0,0,0,0,0
"54055","5","32192","77","0","2008","A","N","Mercer County, West Virginia","Private","Wood container and pallet manufacturing","County, NAICS 5-digit -- by ownership sector","All establishment sizes",1,0,0,0,0,0,0,"N",1.91,0,0,0,0,0,0,"N",0,0.0,0,0,0,0,0,0,0,0,0,0,0,0
"54055","5","321920","78","0","2008","A","N","Mercer County, West Virginia","Private","Wood container and pallet manufacturing","County, NAICS 6-digit -- by ownership sector","All establishment sizes",1,0,0,0,0,0,0,"N",1.91,0,0,0,0,0,0,"N",0,0.0,0,0,0,0,0,0,0,0,0,0,0,0
"54055","5","32199","77","0","2008","A","N","Mercer County, West Virginia","Private","All other wood product manufacturing","County, NAICS 5-digit -- by ownership sector","All establishment sizes",1,0,0,0,0,0,0,"N",1.95,0,0,0,0,0,0,"N",0,0.0,0,0,0,0,0,0,0,0,0,0,0,0
"54055","5","321992","78","0","2008","A","N","Mercer County, West Virginia","Private","Prefabricated wood building manufacturing","County, NAICS 6-digit -- by ownership sector","All establishment sizes",1,0,0,0,0,0,0,"N",6.87,0,0,0,0,0,0,"N",0,0.0,0,0,0,0,0,0,0,0,0,0,0,0
"54055","5","323","75","0","2008","A","N","Mercer County, West Virginia","Private","Printing and related support activities","County, NAICS 3-digit -- by ownership sector","All establishment sizes",1,0,0,0,0,0,0,"N",0.17,0,0,0,0,0,0,"N",0,0.0,0,0,0,0,0,0,0,0,0,0,0,0
"54055","5","3231","76","0","2008","A","N","Mercer County, West Virginia","Private","Printing and related support activities","County, NAICS 4-digit -- by ownership sector","All establishment sizes",1,0,0,0,0,0,0,"N",0.17,0,0,0,0,0,0,"N",0,0.0,0,0,0,0,0,0,0,0,0,0,0,0
"54055","5","32311","77","0","2008","A","N","Mercer County, West Virginia","Private","Printing","County, NAICS 5-digit -- by ownership sector","All establishment sizes",1,0,0,0,0,0,0,"N",0.18,0,0,0,0,0,0,"N",0,0.0,0,0,0,0,0,0,0,0,0,0,0,0
"54055","5","323114","78","0","2008","A","N","Mercer County, West Virginia","Private","Quick printing","County, NAICS 6-digit -- by ownership sector","All establishment sizes",1,0,0,0,0,0,0,"N",0.68,0,0,0,0,0,0,"N",0,0.0,0,0,0,0,0,0,0,0,0,0,0,0
"54055","5","325","75","0","2008","A","N","Mercer County, West Virginia","Private","Chemical manufacturing","County, NAICS 3-digit -- by ownership sector","All establishment sizes",1,0,0,0,0,0,0,"N",0.37,0,0,0,0,0,0,"N",0,0.0,0,0,0,0,0,0,0,0,0,0,0,0
"54055","5","3259","76","0","2008","A","N","Mercer County, West Virginia","Private","Other chemical product and preparation mfg.","County, NAICS 4-digit -- by ownership sector","All establishment sizes",1,0,0,0,0,0,0,"N",1.93,0,0,0,0,0,0,"N",0,0.0,0,0,0,0,0,0,0,0,0,0,0,0
"54055","5","32599","77","0","2008","A","N","Mercer County, West Virginia","Private","All other chemical preparation manufacturing","County, NAICS 5-digit -- by ownership sector","All establishment sizes",1,0,0,0,0,0,0,"N",2.49,0,0,0,0,0,0,"N",0,0.0,0,0,0,0,0,0,0,0,0,0,0,0
"54055","5","325991","78","0","2008","A","N","Mercer County, West Virginia","Private","Custom compounding of purchased resins","County, NAICS 6-digit -- by ownership sector","All establishment sizes",1,0,0,0,0,0,0,"N",14.17,0,0,0,0,0,0,"N",0,0.0,0,0,0,0,0,0,0,0,0,0,0,0
"54055","5","326","75","0","2008","A","","Mercer County, West Virginia","Private","Plastics and rubber products manufacturing","County, NAICS 3-digit -- by ownership sector","All establishment sizes",3,30,776293,303795,11001,492,25592,"",1.30,0.26,0.23,0.31,0.40,0.89,0.89,"",0,0.0,2,7.1,61141,8.5,-2558,-0.8,2728,33.0,-4,-0.8,-179,-0.7
"54055","5","3262","76","0","2008","A","","Mercer County, West Virginia","Private","Rubber product manufacturing","County, NAICS 4-digit -- by ownership sector","All establishment sizes",3,30,776293,303795,11001,492,25592,"",8.13,1.29,1.06,1.63,2.22,0.81,0.81,"",0,0.0,2,7.1,61141,8.5,-2558,-0.8,2728,33.0,-4,-0.8,-179,-0.7
"54055","5","32621","77","0","2008","A","N","Mercer County, West Virginia","Private","Tire manufacturing","County, NAICS 5-digit -- by ownership sector","All establishment sizes",2,0,0,0,0,0,0,"N",18.77,0,0,0,0,0,0,"N",0,0.0,0,0,0,0,0,0,0,0,0,0,0,0
"54055","5","326212","78","0","2008","A","N","Mercer County, West Virginia","Private","Tire retreading","County, NAICS 6-digit -- by ownership sector","All establishment sizes",2,0,0,0,0,0,0,"N",25.36,0,0,0,0,0,0,"N",0,0.0,0,0,0,0,0,0,0,0,0,0,0,0
"54055","5","32622","77","0","2008","A","N","Mercer County, West Virginia","Private","Rubber and plastics hose and belting mfg.","County, NAICS 5-digit -- by ownership sector","All establishment sizes",1,0,0,0,0,0,0,"N",14.54,0,0,0,0,0,0,"N",0,0.0,0,0,0,0,0,0,0,0,0,0,0,0
"54055","5","326220","78","0","2008","A","N","Mercer County, West Virginia","Private","Rubber and plastics hose and belting mfg.","County, NAICS 6-digit -- by ownership sector","All establishment sizes",1,0,0,0,0,0,0,"N",14.54,0,0,0,0,0,0,"N",0,0.0,0,0,0,0,0,0,0,0,0,0,0,0
"54055","5","327","75","0","2008","A","","Mercer County, West Virginia","Private","Nonmetallic mineral product manufacturing","County, NAICS 3-digit -- by ownership sector","All establishment sizes",5,111,4205698,1077236,33572,729,37918,"",1.64,1.49,1.82,1.63,1.62,1.22,1.22,"",0,0.0,1,0.9,-61287,-1.4,9286,0.9,1817,5.7,-20,-2.7,-1020,-2.6
"54055","5","3273","76","0","2008","A","","Mercer County, West Virginia","Private","Cement and concrete product manufacturing","County, NAICS 4-digit -- by ownership sector","All establishment sizes",5,111,4205698,1077236,33572,729,37918,"",2.98,3.10,3.83,3.37,3.02,1.23,1.24,"",0,0.0,1,0.9,-61287,-1.4,9286,0.9,1817,5.7,-20,-2.7,-1020,-2.6
"54055","5","32733","77","0","2008","A","N","Mercer County, West Virginia","Private","Concrete pipe, brick, and block manufacturing","County, NAICS 5-digit -- by ownership sector","All establishment sizes",3,0,0,0,0,0,0,"N",14.27,0,0,0,0,0,0,"N",0,0.0,0,0,0,0,0,0,0,0,0,0,0,0
"54055","5","327331","78","0","2008","A","N","Mercer County, West Virginia","Private","Concrete block and brick manufacturing","County, NAICS 6-digit -- by ownership sector","All establishment sizes",3,0,0,0,0,0,0,"N",19.14,0,0,0,0,0,0,"N",0,0.0,0,0,0,0,0,0,0,0,0,0,0,0
"54055","5","32739","77","0","2008","A","N","Mercer County, West Virginia","Private","Other concrete product manufacturing","County, NAICS 5-digit -- by ownership sector","All establishment sizes",2,0,0,0,0,0,0,"N",4.75,0,0,0,0,0,0,"N",0,0.0,0,0,0,0,0,0,0,0,0,0,0,0
"54055","5","327390","78","0","2008","A","N","Mercer County, West Virginia","Private","Other concrete product manufacturing","County, NAICS 6-digit -- by ownership sector","All establishment sizes",2,0,0,0,0,0,0,"N",4.75,0,0,0,0,0,0,"N",0,0.0,0,0,0,0,0,0,0,0,0,0,0,0
"54055","5","332","75","0","2008","A","","Mercer County, West Virginia","Private","Fabricated metal product manufacturing","County, NAICS 3-digit -- by ownership sector","All establishment sizes",22,360,12938288,3624568,96273,691,35915,"",2.17,1.46,1.67,1.70,1.62,1.14,1.14,"",1,4.8,-4,-1.1,1071014,9.0,275774,8.2,14807,18.2,63,10.0,3268,10.0
"54055","5","3323","76","0","2008","A","","Mercer County, West Virginia","Private","Architectural and structural metals mfg.","County, NAICS 4-digit -- by ownership sector","All establishment sizes",4,38,1420927,350954,9967,724,37640,"",1.57,0.58,0.72,0.60,0.62,1.25,1.25,"",1,33.3,0,0.0,122422,9.4,18317,5.5,768,8.3,67,10.2,3469,10.2
"54055","5","33231","77","0","2008","A","N","Mercer County, West Virginia","Private","Plate work and fabricated structural products","County, NAICS 5-digit -- by ownership sector","All establishment sizes",2,0,0,0,0,0,0,"N",1.87,0,0,0,0,0,0,"N",0,0.0,0,0,0,0,0,0,0,0,0,0,0,0
"54055","5","332312","78","0","2008","A","N","Mercer County, West Virginia","Private","Fabricated structural metal manufacturing","County, NAICS 6-digit -- by ownership sector","All establishment sizes",1,0,0,0,0,0,0,"N",1.65,0,0,0,0,0,0,"N",0,0.0,0,0,0,0,0,0,0,0,0,0,0,0
"54055","5","332313","78","0","2008","A","N","Mercer County, West Virginia","Private","Plate work manufacturing","County, NAICS 6-digit -- by ownership sector","All establishment sizes",1,0,0,0,0,0,0,"N",3.42,0,0,0,0,0,0,"N",0,0.0,0,0,0,0,0,0,0,0,0,0,0,0
"54055","5","33232","77","0","2008","A","N","Mercer County, West Virginia","Private","Ornamental and architectural metal products","County, NAICS 5-digit -- by ownership sector","All establishment sizes",2,0,0,0,0,0,0,"N",1.35,0,0,0,0,0,0,"N",1,100.0,0,0,0,0,0,0,0,0,0,0,0,0
"54055","5","332321","78","0","2008","A","N","Mercer County, West Virginia","Private","Metal window and door manufacturing","County, NAICS 6-digit -- by ownership sector","All establishment sizes",1,0,0,0,0,0,0,"N",3.94,0,0,0,0,0,0,"N",1,100.0,0,0,0,0,0,0,0,0,0,0,0,0
"54055","5","332322","78","0","2008","A","N","Mercer County, West Virginia","Private","Sheet metal work manufacturing","County, NAICS 6-digit -- by ownership sector","All establishment sizes",1,0,0,0,0,0,0,"N",1.37,0,0,0,0,0,0,"N",0,0.0,0,0,0,0,0,0,0,0,0,0,0,0
"54055","5","3326","76","0","2008","A","N","Mercer County, West Virginia","Private","Spring and wire product manufacturing","County, NAICS 4-digit -- by ownership sector","All establishment sizes",1,0,0,0,0,0,0,"N",4.03,0,0,0,0,0,0,"N",0,0.0,0,0,0,0,0,0,0,0,0,0,0,0
"54055","5","33261","77","0","2008","A","N","Mercer County, West Virginia","Private","Spring and wire product manufacturing","County, NAICS 5-digit -- by ownership sector","All establishment sizes",1,0,0,0,0,0,0,"N",4.03,0,0,0,0,0,0,"N",0,0.0,0,0,0,0,0,0,0,0,0,0,0,0
"54055","5","332618","78","0","2008","A","N","Mercer County, West Virginia","Private","Other fabricated wire product manufacturing","County, NAICS 6-digit -- by ownership sector","All establishment sizes",1,0,0,0,0,0,0,"N",5.87,0,0,0,0,0,0,"N",0,0.0,0,0,0,0,0,0,0,0,0,0,0,0
"54055","5","3327","76","0","2008","A","","Mercer County, West Virginia","Private","Machine shops and threaded product mfg.","County, NAICS 4-digit -- by ownership sector","All establishment sizes",16,290,10930099,2984318,76258,724,37647,"",4.04,4.97,6.07,5.94,5.49,1.22,1.22,"",0,0.0,-8,-2.7,866403,8.6,202745,7.3,16637,27.9,74,11.4,3857,11.4
"54055","5","33271","77","0","2008","A","","Mercer County, West Virginia","Private","Machine shops","County, NAICS 5-digit -- by ownership sector","All establishment sizes",16,290,10930099,2984318,76258,724,37647,"",4.48,6.46,7.99,7.62,7.40,1.23,1.24,"",0,0.0,-8,-2.7,866403,8.6,202745,7.3,16637,27.9,74,11.4,3857,11.4
"54055","5","332710","78","0","2008","A","","Mercer County, West Virginia","Private","Machine shops","County, NAICS 6-digit -- by ownership sector","All establishment sizes",16,290,10930099,2984318,76258,724,37647,"",4.48,6.46,7.99,7.62,7.40,1.23,1.24,"",0,0.0,-8,-2.7,866403,8.6,202745,7.3,16637,27.9,74,11.4,3857,11.4
"54055","5","3328","76","0","2008","A","N","Mercer County, West Virginia","Private","Coating, engraving, and heat treating metals","County, NAICS 4-digit -- by ownership sector","All establishment sizes",1,0,0,0,0,0,0,"N",0.87,0,0,0,0,0,0,"N",0,0.0,0,0,0,0,0,0,0,0,0,0,0,0
"54055","5","33281","77","0","2008","A","N","Mercer County, West Virginia","Private","Coating, engraving, and heat treating metals","County, NAICS 5-digit -- by ownership sector","All establishment sizes",1,0,0,0,0,0,0,"N",0.87,0,0,0,0,0,0,"N",0,0.0,0,0,0,0,0,0,0,0,0,0,0,0
"54055","5","332813","78","0","2008","A","N","Mercer County, West Virginia","Private","Electroplating, anodizing, and coloring metal","County, NAICS 6-digit -- by ownership sector","All establishment sizes",1,0,0,0,0,0,0,"N",1.82,0,0,0,0,0,0,"N",0,0.0,0,0,0,0,0,0,0,0,0,0,0,0
"54055","5","333","75","0","2008","A","N","Mercer County, West Virginia","Private","Machinery manufacturing","County, NAICS 3-digit -- by ownership sector","All establishment sizes",3,0,0,0,0,0,0,"N",0.59,0,0,0,0,0,0,"N",0,0.0,0,0,0,0,0,0,0,0,0,0,0,0
"54055","5","3331","76","0","2008","A","N","Mercer County, West Virginia","Private","Ag., construction, and mining machinery mfg.","County, NAICS 4-digit -- by ownership sector","All establishment sizes",2,0,0,0,0,0,0,"N",3.31,0,0,0,0,0,0,"N",0,0.0,0,0,0,0,0,0,0,0,0,0,0,0
"54055","5","33313","77","0","2008","A","N","Mercer County, West Virginia","Private","Mining and oil and gas field machinery mfg.","County, NAICS 5-digit -- by ownership sector","All establishment sizes",2,0,0,0,0,0,0,"N",9.30,0,0,0,0,0,0,"N",0,0.0,0,0,0,0,0,0,0,0,0,0,0,0
"54055","5","333131","78","0","2008","A","N","Mercer County, West Virginia","Private","Mining machinery and equipment manufacturing","County, NAICS 6-digit -- by ownership sector","All establishment sizes",2,0,0,0,0,0,0,"N",42.50,0,0,0,0,0,0,"N",0,0.0,0,0,0,0,0,0,0,0,0,0,0,0
"54055","5","3339","76","0","2008","A","N","Mercer County, West Virginia","Private","Other general purpose machinery manufacturing","County, NAICS 4-digit -- by ownership sector","All establishment sizes",1,0,0,0,0,0,0,"N",0.90,0,0,0,0,0,0,"N",0,0.0,0,0,0,0,0,0,0,0,0,0,0,0
"54055","5","33399","77","0","2008","A","N","Mercer County, West Virginia","Private","All other general purpose machinery mfg.","County, NAICS 5-digit -- by ownership sector","All establishment sizes",1,0,0,0,0,0,0,"N",1.59,0,0,0,0,0,0,"N",0,0.0,0,0,0,0,0,0,0,0,0,0,0,0
"54055","5","333995","78","0","2008","A","N","Mercer County, West Virginia","Private","Fluid power cylinder and actuator mfg.","County, NAICS 6-digit -- by ownership sector","All establishment sizes",1,0,0,0,0,0,0,"N",16.22,0,0,0,0,0,0,"N",0,0.0,0,0,0,0,0,0,0,0,0,0,0,0
"54055","5","334","75","0","2008","A","N","Mercer County, West Virginia","Private","Computer and electronic product manufacturing","County, NAICS 3-digit -- by ownership sector","All establishment sizes",1,0,0,0,0,0,0,"N",0.32,0,0,0,0,0,0,"N",0,0.0,0,0,0,0,0,0,0,0,0,0,0,0
"54055","5","3344","76","0","2008","A","N","Mercer County, West Virginia","Private","Semiconductor and electronic component mfg.","County, NAICS 4-digit -- by ownership sector","All establishment sizes",1,0,0,0,0,0,0,"N",1.02,0,0,0,0,0,0,"N",0,0.0,0,0,0,0,0,0,0,0,0,0,0,0
"54055","5","33441","77","0","2008","A","N","Mercer County, West Virginia","Private","Semiconductor and electronic component mfg.","County, NAICS 5-digit -- by ownership sector","All establishment sizes",1,0,0,0,0,0,0,"N",1.02,0,0,0,0,0,0,"N",0,0.0,0,0,0,0,0,0,0,0,0,0,0,0
"54055","5","334419","78","0","2008","A","N","Mercer County, West Virginia","Private","Other electronic component manufacturing","County, NAICS 6-digit -- by ownership sector","All establishment sizes",1,0,0,0,0,0,0,"N",4.29,0,0,0,0,0,0,"N",0,0.0,0,0,0,0,0,0,0,0,0,0,0,0
"54055","5","335","75","0","2008","A","","Mercer County, West Virginia","Private","Electrical equipment and appliance mfg.","County, NAICS 3-digit -- by ownership sector","All establishment sizes",4,47,1546296,427219,10192,637,33135,"",3.27,0.69,0.64,0.75,0.59,0.93,0.93,"",0,0.0,5,11.9,338605,28.0,52901,14.1,1125,12.4,87,15.8,4551,15.9
"54055","5","3353","76","0","2008","A","","Mercer County, West Virginia","Private","Electrical equipment manufacturing","County, NAICS 4-digit -- by ownership sector","All establishment sizes",4,47,1546296,427219,10192,637,33135,"",8.34,1.85,1.61,2.00,1.76,0.88,0.88,"",0,0.0,5,11.9,338605,28.0,52901,14.1,1125,12.4,87,15.8,4551,15.9
"54055","5","33531","77","0","2008","A","","Mercer County, West Virginia","Private","Electrical equipment manufacturing","County, NAICS 5-digit -- by ownership sector","All establishment sizes",4,47,1546296,427219,10192,637,33135,"",8.34,1.85,1.61,2.00,1.76,0.88,0.88,"",0,0.0,5,11.9,338605,28.0,52901,14.1,1125,12.4,87,15.8,4551,15.9
"54055","5","335311","78","0","2008","A","N","Mercer County, West Virginia","Private","Electric power and specialty transformer mfg.","County, NAICS 6-digit -- by ownership sector","All establishment sizes",2,0,0,0,0,0,0,"N",28.40,0,0,0,0,0,0,"N",0,0.0,0,0,0,0,0,0,0,0,0,0,0,0
"54055","5","335312","78","0","2008","A","N","Mercer County, West Virginia","Private","Motor and generator manufacturing","County, NAICS 6-digit -- by ownership sector","All establishment sizes",2,0,0,0,0,0,0,"N",18.60,0,0,0,0,0,0,"N",0,0.0,0,0,0,0,0,0,0,0,0,0,0,0
"54055","5","336","75","0","2008","A","N","Mercer County, West Virginia","Private","Transportation equipment manufacturing","County, NAICS 3-digit -- by ownership sector","All establishment sizes",2,0,0,0,0,0,0,"N",0.78,0,0,0,0,0,0,"N",1,100.0,0,0,0,0,0,0,0,0,0,0,0,0
"54055","5","3362","76","0","2008","A","N","Mercer County, West Virginia","Private","Motor vehicle body and trailer manufacturing","County, NAICS 4-digit -- by ownership sector","All establishment sizes",1,0,0,0,0,0,0,"N",2.52,0,0,0,0,0,0,"N",0,0.0,0,0,0,0,0,0,0,0,0,0,0,0
"54055","5","33621","77","0","2008","A","N","Mercer County, West Virginia","Private","Motor vehicle body and trailer manufacturing","County, NAICS 5-digit -- by ownership sector","All establishment sizes",1,0,0,0,0,0,0,"N",2.52,0,0,0,0,0,0,"N",0,0.0,0,0,0,0,0,0,0,0,0,0,0,0
"54055","5","336211","78","0","2008","A","N","Mercer County, West Virginia","Private","Motor vehicle body manufacturing","County, NAICS 6-digit -- by ownership sector","All establishment sizes",1,0,0,0,0,0,0,"N",6.46,0,0,0,0,0,0,"N",0,0.0,0,0,0,0,0,0,0,0,0,0,0,0
"54055","5","3363","76","0","2008","A","N","Mercer County, West Virginia","Private","Motor vehicle parts manufacturing","County, NAICS 4-digit -- by ownership sector","All establishment sizes",1,0,0,0,0,0,0,"N",0.97,0,0,0,0,0,0,"N",1,100.0,0,0,0,0,0,0,0,0,0,0,0,0
"54055","5","33639","77","0","2008","A","N","Mercer County, West Virginia","Private","Other motor vehicle parts manufacturing","County, NAICS 5-digit -- by ownership sector","All establishment sizes",1,0,0,0,0,0,0,"N",3.15,0,0,0,0,0,0,"N",1,100.0,0,0,0,0,0,0,0,0,0,0,0,0
"54055","5","336399","78","0","2008","A","N","Mercer County, West Virginia","Private","All other motor vehicle parts manufacturing","County, NAICS 6-digit -- by ownership sector","All establishment sizes",1,0,0,0,0,0,0,"N",3.30,0,0,0,0,0,0,"N",1,100.0,0,0,0,0,0,0,0,0,0,0,0,0
"54055","5","337","75","0","2008","A","N","Mercer County, West Virginia","Private","Furniture and related product manufacturing","County, NAICS 3-digit -- by ownership sector","All establishment sizes",2,0,0,0,0,0,0,"N",0.53,0,0,0,0,0,0,"N",0,0.0,0,0,0,0,0,0,0,0,0,0,0,0
"54055","5","3371","76","0","2008","A","N","Mercer County, West Virginia","Private","Household and institutional furniture mfg.","County, NAICS 4-digit -- by ownership sector","All establishment sizes",2,0,0,0,0,0,0,"N",0.68,0,0,0,0,0,0,"N",0,0.0,0,0,0,0,0,0,0,0,0,0,0,0
"54055","5","33711","77","0","2008","A","N","Mercer County, West Virginia","Private","Wood kitchen cabinet and countertop mfg.","County, NAICS 5-digit -- by ownership sector","All establishment sizes",2,0,0,0,0,0,0,"N",1.06,0,0,0,0,0,0,"N",0,0.0,0,0,0,0,0,0,0,0,0,0,0,0
"54055","5","337110","78","0","2008","A","N","Mercer County, West Virginia","Private","Wood kitchen cabinet and countertop mfg.","County, NAICS 6-digit -- by ownership sector","All establishment sizes",2,0,0,0,0,0,0,"N",1.06,0,0,0,0,0,0,"N",0,0.0,0,0,0,0,0,0,0,0,0,0,0,0
"54055","5","339","75","0","2008","A","","Mercer County, West Virginia","Private","Miscellaneous manufacturing","County, NAICS 3-digit -- by ownership sector","All establishment sizes",5,20,683795,144808,3117,671,34917,"",0.93,0.20,0.20,0.16,0.14,1.04,1.04,"",0,0.0,-1,-4.8,-45002,-6.2,-16245,-10.1,35,1.1,-13,-1.9,-634,-1.8
"54055","5","3391","76","0","2008","A","N","Mercer County, West Virginia","Private","Medical equipment and supplies manufacturing","County, NAICS 4-digit -- by ownership sector","All establishment sizes",2,0,0,0,0,0,0,"N",0.92,0,0,0,0,0,0,"N",0,0.0,0,0,0,0,0,0,0,0,0,0,0,0
"54055","5","33911","77","0","2008","A","N","Mercer County, West Virginia","Private","Medical equipment and supplies manufacturing","County, NAICS 5-digit -- by ownership sector","All establishment sizes",2,0,0,0,0,0,0,"N",0.92,0,0,0,0,0,0,"N",0,0.0,0,0,0,0,0,0,0,0,0,0,0,0
"54055","5","339113","78","0","2008","A","N","Mercer County, West Virginia","Private","Surgical appliance and supplies manufacturing","County, NAICS 6-digit -- by ownership sector","All establishment sizes",1,0,0,0,0,0,0,"N",2.18,0,0,0,0,0,0,"N",0,0.0,0,0,0,0,0,0,0,0,0,0,0,0
"54055","5","339116","78","0","2008","A","N","Mercer County, West Virginia","Private","Dental laboratories","County, NAICS 6-digit -- by ownership sector","All establishment sizes",1,0,0,0,0,0,0,"N",0.80,0,0,0,0,0,0,"N",0,0.0,0,0,0,0,0,0,0,0,0,0,0,0
"54055","5","3399","76","0","2008","A","N","Mercer County, West Virginia","Private","Other miscellaneous manufacturing","County, NAICS 4-digit -- by ownership sector","All establishment sizes",3,0,0,0,0,0,0,"N",0.94,0,0,0,0,0,0,"N",0,0.0,0,0,0,0,0,0,0,0,0,0,0,0
"54055","5","33995","77","0","2008","A","N","Mercer County, West Virginia","Private","Sign manufacturing","County, NAICS 5-digit -- by ownership sector","All establishment sizes",3,0,0,0,0,0,0,"N",2.59,0,0,0,0,0,0,"N",0,0.0,0,0,0,0,0,0,0,0,0,0,0,0
"54055","5","339950","78","0","2008","A","N","Mercer County, West Virginia","Private","Sign manufacturing","County, NAICS 6-digit -- by ownership sector","All establishment sizes",3,0,0,0,0,0,0,"N",2.59,0,0,0,0,0,0,"N",0,0.0,0,0,0,0,0,0,0,0,0,0,0,0
"54055","5","42","74","0","2008","A","","Mercer County, West Virginia","Private","Wholesale trade","County, NAICS Sector -- by ownership sector","All establishment sizes",60,672,28139748,6316998,131439,806,41901,"",0.58,0.70,0.72,0.73,0.66,1.02,1.02,"",-3,-4.8,-7,-1.0,1237347,4.6,371057,6.2,6812,5.5,44,5.8,2300,5.8
"54055","5","423","75","0","2008","A","","Mercer County, West Virginia","Private","Merchant wholesalers, durable goods","County, NAICS 3-digit -- by ownership sector","All establishment sizes",42,439,18216109,4151018,92226,798,41479,"",0.99,0.89,0.90,0.94,0.91,1.01,1.01,"",-1,-2.3,-8,-1.8,1312210,7.8,269813,7.0,9210,11.1,71,9.8,3677,9.7
"54055","5","4231","76","0","2008","A","","Mercer County, West Virginia","Private","Motor vehicle and parts merchant wholesalers","County, NAICS 4-digit -- by ownership sector","All establishment sizes",5,61,2428987,687117,12360,761,39549,"",1.27,1.12,1.50,1.50,1.25,1.32,1.32,"",0,0.0,-5,-7.6,191231,8.5,73490,12.0,2912,30.8,107,16.4,5558,16.4
"54055","5","42311","77","0","2008","A","N","Mercer County, West Virginia","Private","Motor vehicle merchant wholesalers","County, NAICS 5-digit -- by ownership sector","All establishment sizes",4,0,0,0,0,0,0,"N",3.99,0,0,0,0,0,0,"N",0,0.0,0,0,0,0,0,0,0,0,0,0,0,0
"54055","5","423110","78","0","2008","A","N","Mercer County, West Virginia","Private","Motor vehicle merchant wholesalers","County, NAICS 6-digit -- by ownership sector","All establishment sizes",4,0,0,0,0,0,0,"N",3.99,0,0,0,0,0,0,"N",0,0.0,0,0,0,0,0,0,0,0,0,0,0,0
"54055","5","42314","77","0","2008","A","N","Mercer County, West Virginia","Private","Used motor vehicle parts merchant wholesalers","County, NAICS 5-digit -- by ownership sector","All establishment sizes",1,0,0,0,0,0,0,"N",2.09,0,0,0,0,0,0,"N",0,0.0,0,0,0,0,0,0,0,0,0,0,0,0
"54055","5","423140","78","0","2008","A","N","Mercer County, West Virginia","Private","Used motor vehicle parts merchant wholesalers","County, NAICS 6-digit -- by ownership sector","All establishment sizes",1,0,0,0,0,0,0,"N",2.09,0,0,0,0,0,0,"N",0,0.0,0,0,0,0,0,0,0,0,0,0,0,0
"54055","5","4232","76","0","2008","A","N","Mercer County, West Virginia","Private","Furniture and furnishing merchant wholesalers","County, NAICS 4-digit -- by ownership sector","All establishment sizes",2,0,0,0,0,0,0,"N",1.09,0,0,0,0,0,0,"N",0,0.0,0,0,0,0,0,0,0,0,0,0,0,0
"54055","5","42321","77","0","2008","A","N","Mercer County, West Virginia","Private","Furniture merchant wholesalers","County, NAICS 5-digit -- by ownership sector","All establishment sizes",2,0,0,0,0,0,0,"N",2.60,0,0,0,0,0,0,"N",0,0.0,0,0,0,0,0,0,0,0,0,0,0,0
"54055","5","423210","78","0","2008","A","N","Mercer County, West Virginia","Private","Furniture merchant wholesalers","County, NAICS 6-digit -- by ownership sector","All establishment sizes",2,0,0,0,0,0,0,"N",2.60,0,0,0,0,0,0,"N",0,0.0,0,0,0,0,0,0,0,0,0,0,0,0
"54055","5","4233","76","0","2008","A","N","Mercer County, West Virginia","Private","Lumber and const. supply merchant wholesalers","County, NAICS 4-digit -- by ownership sector","All establishment sizes",1,0,0,0,0,0,0,"N",0.30,0,0,0,0,0,0,"N",0,0.0,0,0,0,0,0,0,0,0,0,0,0,0
"54055","5","42331","77","0","2008","A","N","Mercer County, West Virginia","Private","Lumber and wood merchant wholesalers","County, NAICS 5-digit -- by ownership sector","All establishment sizes",1,0,0,0,0,0,0,"N",0.70,0,0,0,0,0,0,"N",0,0.0,0,0,0,0,0,0,0,0,0,0,0,0
"54055","5","423310","78","0","2008","A","N","Mercer County, West Virginia","Private","Lumber and wood merchant wholesalers","County, NAICS 6-digit -- by ownership sector","All establishment sizes",1,0,0,0,0,0,0,"N",0.70,0,0,0,0,0,0,"N",0,0.0,0,0,0,0,0,0,0,0,0,0,0,0
"54055","5","4234","76","0","2008","A","N","Mercer County, West Virginia","Private","Commercial equip. merchant wholesalers","County, NAICS 4-digit -- by ownership sector","All establishment sizes",1,0,0,0,0,0,0,"N",0.13,0,0,0,0,0,0,"N",0,0.0,0,0,0,0,0,0,0,0,0,0,0,0
"54055","5","42344","77","0","2008","A","N","Mercer County, West Virginia","Private","Other commercial equip. merchant wholesalers","County, NAICS 5-digit -- by ownership sector","All establishment sizes",1,0,0,0,0,0,0,"N",1.13,0,0,0,0,0,0,"N",0,0.0,0,0,0,0,0,0,0,0,0,0,0,0
"54055","5","423440","78","0","2008","A","N","Mercer County, West Virginia","Private","Other commercial equip. merchant wholesalers","County, NAICS 6-digit -- by ownership sector","All establishment sizes",1,0,0,0,0,0,0,"N",1.13,0,0,0,0,0,0,"N",0,0.0,0,0,0,0,0,0,0,0,0,0,0,0
"54055","5","4235","76","0","2008","A","N","Mercer County, West Virginia","Private","Metal and mineral merchant wholesalers","County, NAICS 4-digit -- by ownership sector","All establishment sizes",2,0,0,0,0,0,0,"N",1.37,0,0,0,0,0,0,"N",0,0.0,0,0,0,0,0,0,0,0,0,0,0,0
"54055","5","42352","77","0","2008","A","N","Mercer County, West Virginia","Private","Coal and other mineral merchant wholesalers","County, NAICS 5-digit -- by ownership sector","All establishment sizes",2,0,0,0,0,0,0,"N",34.58,0,0,0,0,0,0,"N",0,0.0,0,0,0,0,0,0,0,0,0,0,0,0
"54055","5","423520","78","0","2008","A","N","Mercer County, West Virginia","Private","Coal and other mineral merchant wholesalers","County, NAICS 6-digit -- by ownership sector","All establishment sizes",2,0,0,0,0,0,0,"N",34.58,0,0,0,0,0,0,"N",0,0.0,0,0,0,0,0,0,0,0,0,0,0,0
"54055","5","4236","76","0","2008","A","N","Mercer County, West Virginia","Private","Electric goods merchant wholesalers","County, NAICS 4-digit -- by ownership sector","All establishment sizes",2,0,0,0,0,0,0,"N",0.42,0,0,0,0,0,0,"N",0,0.0,0,0,0,0,0,0,0,0,0,0,0,0
"54055","5","42361","77","0","2008","A","N","Mercer County, West Virginia","Private","Elec. equip. and wiring merchant wholesalers","County, NAICS 5-digit -- by ownership sector","All establishment sizes",1,0,0,0,0,0,0,"N",0.48,0,0,0,0,0,0,"N",0,0.0,0,0,0,0,0,0,0,0,0,0,0,0
"54055","5","423610","78","0","2008","A","N","Mercer County, West Virginia","Private","Elec. equip. and wiring merchant wholesalers","County, NAICS 6-digit -- by ownership sector","All establishment sizes",1,0,0,0,0,0,0,"N",0.48,0,0,0,0,0,0,"N",0,0.0,0,0,0,0,0,0,0,0,0,0,0,0
"54055","5","42362","77","0","2008","A","N","Mercer County, West Virginia","Private","Electric appliance merchant wholesalers","County, NAICS 5-digit -- by ownership sector","All establishment sizes",1,0,0,0,0,0,0,"N",2.15,0,0,0,0,0,0,"N",0,0.0,0,0,0,0,0,0,0,0,0,0,0,0
"54055","5","423620","78","0","2008","A","N","Mercer County, West Virginia","Private","Appliances and electronics merch. whls.","County, NAICS 6-digit -- by ownership sector","All establishment sizes",1,0,0,0,0,0,0,"N",2.15,0,0,0,0,0,0,"N",0,0.0,0,0,0,0,0,0,0,0,0,0,0,0
"54055","5","4237","76","0","2008","A","","Mercer County, West Virginia","Private","Hardware and plumbing merchant wholesalers","County, NAICS 4-digit -- by ownership sector","All establishment sizes",4,21,774167,198575,3815,715,37160,"",1.15,0.52,0.53,0.56,0.51,1.02,1.02,"",0,0.0,-3,-12.5,-50063,-6.1,-18018,-8.3,138,3.8,61,9.3,3171,9.3
"54055","5","42371","77","0","2008","A","N","Mercer County, West Virginia","Private","Hardware merchant wholesalers","County, NAICS 5-digit -- by ownership sector","All establishment sizes",1,0,0,0,0,0,0,"N",0.89,0,0,0,0,0,0,"N",0,0.0,0,0,0,0,0,0,0,0,0,0,0,0
"54055","5","423710","78","0","2008","A","N","Mercer County, West Virginia","Private","Hardware merchant wholesalers","County, NAICS 6-digit -- by ownership sector","All establishment sizes",1,0,0,0,0,0,0,"N",0.89,0,0,0,0,0,0,"N",0,0.0,0,0,0,0,0,0,0,0,0,0,0,0
"54055","5","42372","77","0","2008","A","N","Mercer County, West Virginia","Private","Plumbing equip. merchant wholesalers","County, NAICS 5-digit -- by ownership sector","All establishment sizes",3,0,0,0,0,0,0,"N",2.24,0,0,0,0,0,0,"N",0,0.0,0,0,0,0,0,0,0,0,0,0,0,0
"54055","5","423720","78","0","2008","A","N","Mercer County, West Virginia","Private","Plumbing and heating equip. merch. whls.","County, NAICS 6-digit -- by ownership sector","All establishment sizes",3,0,0,0,0,0,0,"N",2.24,0,0,0,0,0,0,"N",0,0.0,0,0,0,0,0,0,0,0,0,0,0,0
"54055","5","4238","76","0","2008","A","","Mercer County, West Virginia","Private","Machinery and supply merchant wholesalers","County, NAICS 4-digit -- by ownership sector","All establishment sizes",21,232,11393436,2058746,45054,945,49163,"",2.02,2.10,2.70,2.06,2.30,1.29,1.29,"",-1,-4.5,4,1.8,1264005,12.5,196121,10.5,7227,19.1,92,10.8,4784,10.8
"54055","5","42381","77","0","2008","A","","Mercer County, West Virginia","Private","Construction equipment merchant wholesalers","County, NAICS 5-digit -- by ownership sector","All establishment sizes",6,127,7313332,1125277,20721,1105,57435,"",7.02,8.72,12.73,8.13,8.67,1.46,1.46,"",0,0.0,1,0.8,1046792,16.7,135466,13.7,3073,17.4,146,15.2,7569,15.2
"54055","5","423810","78","0","2008","A","","Mercer County, West Virginia","Private","Construction equipment merchant wholesalers","County, NAICS 6-digit -- by ownership sector","All establishment sizes",6,127,7313332,1125277,20721,1105,57435,"",7.02,8.72,12.73,8.13,8.67,1.46,1.46,"",0,0.0,1,0.8,1046792,16.7,135466,13.7,3073,17.4,146,15.2,7569,15.2
"54055","5","42382","77","0","2008","A","N","Mercer County, West Virginia","Private","Farm and garden equip. merchant wholesalers","County, NAICS 5-digit -- by ownership sector","All establishment sizes",1,0,0,0,0,0,0,"N",0.69,0,0,0,0,0,0,"N",0,0.0,0,0,0,0,0,0,0,0,0,0,0,0
"54055","5","423820","78","0","2008","A","N","Mercer County, West Virginia","Private","Farm and garden equip. merchant wholesalers","County, NAICS 6-digit -- by ownership sector","All establishment sizes",1,0,0,0,0,0,0,"N",0.69,0,0,0,0,0,0,"N",0,0.0,0,0,0,0,0,0,0,0,0,0,0,0
"54055","5","42383","77","0","2008","A","","Mercer County, West Virginia","Private","Industrial machinery merchant wholesalers","County, NAICS 5-digit -- by ownership sector","All establishment sizes",8,60,2881291,537192,13289,923,48022,"",1.61,1.16,1.36,1.16,1.38,1.17,1.17,"",-1,-11.1,1,1.7,92552,3.3,-10095,-1.8,2707,25.6,20,2.2,1087,2.3
"54055","5","423830","78","0","2008","A","","Mercer County, West Virginia","Private","Industrial machinery merchant wholesalers","County, NAICS 6-digit -- by ownership sector","All establishment sizes",8,60,2881291,537192,13289,923,48022,"",1.61,1.16,1.36,1.16,1.38,1.17,1.17,"",-1,-11.1,1,1.7,92552,3.3,-10095,-1.8,2707,25.6,20,2.2,1087,2.3
"54055","5","42384","77","0","2008","A","","Mercer County, West Virginia","Private","Industrial supplies merchant wholesalers","County, NAICS 5-digit -- by ownership sector","All establishment sizes",5,16,559626,143429,3630,666,34616,"",3.38,1.27,1.18,1.24,1.50,0.92,0.92,"",0,0.0,0,0.0,46802,9.1,20771,16.9,1317,56.9,50,8.1,2564,8.0
"54055","5","423840","78","0","2008","A","","Mercer County, West Virginia","Private","Industrial supplies merchant wholesalers","County, NAICS 6-digit -- by ownership sector","All establishment sizes",5,16,559626,143429,3630,666,34616,"",3.38,1.27,1.18,1.24,1.50,0.92,0.92,"",0,0.0,0,0.0,46802,9.1,20771,16.9,1317,56.9,50,8.1,2564,8.0
"54055","5","42385","77","0","2008","A","N","Mercer County, West Virginia","Private","Service estab. equip. merchant wholesalers","County, NAICS 5-digit -- by ownership sector","All establishment sizes",1,0,0,0,0,0,0,"N",0.92,0,0,0,0,0,0,"N",0,0.0,0,0,0,0,0,0,0,0,0,0,0,0
"54055","5","423850","78","0","2008","A","N","Mercer County, West Virginia","Private","Service estab. equip. merchant wholesalers","County, NAICS 6-digit -- by ownership sector","All establishment sizes",1,0,0,0,0,0,0,"N",0.92,0,0,0,0,0,0,"N",0,0.0,0,0,0,0,0,0,0,0,0,0,0,0
"54055","5","4239","76","0","2008","A","","Mercer County, West Virginia","Private","Misc. durable goods merchant wholesalers","County, NAICS 4-digit -- by ownership sector","All establishment sizes",5,50,1318625,426093,11506,509,26461,"",0.92,1.03,0.83,1.00,1.11,0.81,0.81,"",1,25.0,5,11.1,150761,12.9,40378,10.5,-632,-5.2,14,2.8,747,2.9
"54055","5","42393","77","0","2008","A","N","Mercer County, West Virginia","Private","Recyclable material merchant wholesalers","County, NAICS 5-digit -- by ownership sector","All establishment sizes",3,0,0,0,0,0,0,"N",2.25,0,0,0,0,0,0,"N",1,50.0,0,0,0,0,0,0,0,0,0,0,0,0
"54055","5","423930","78","0","2008","A","N","Mercer County, West Virginia","Private","Recyclable material merchant wholesalers","County, NAICS 6-digit -- by ownership sector","All establishment sizes",3,0,0,0,0,0,0,"N",2.25,0,0,0,0,0,0,"N",1,50.0,0,0,0,0,0,0,0,0,0,0,0,0
"54055","5","42399","77","0","2008","A","N","Mercer County, West Virginia","Private","All other durable goods merchant wholesalers","County, NAICS 5-digit -- by ownership sector","All establishment sizes",2,0,0,0,0,0,0,"N",1.24,0,0,0,0,0,0,"N",0,0.0,0,0,0,0,0,0,0,0,0,0,0,0
"54055","5","423990","78","0","2008","A","N","Mercer County, West Virginia","Private","All other durable goods merchant wholesalers","County, NAICS 6-digit -- by ownership sector","All establishment sizes",2,0,0,0,0,0,0,"N",1.24,0,0,0,0,0,0,"N",0,0.0,0,0,0,0,0,0,0,0,0,0,0,0
"54055","5","424","75","0","2008","A","","Mercer County, West Virginia","Private","Merchant wholesalers, nondurable goods","County, NAICS 3-digit -- by ownership sector","All establishment sizes",14,229,9373367,2133980,38029,786,40857,"",0.60,0.70,0.78,0.73,0.58,1.11,1.11,"",-2,-12.5,1,0.4,121576,1.3,101244,5.0,-1838,-4.6,6,0.8,309,0.8
"54055","5","4241","76","0","2008","A","N","Mercer County, West Virginia","Private","Paper and paper product merchant wholesalers","County, NAICS 4-digit -- by ownership sector","All establishment sizes",2,0,0,0,0,0,0,"N",1.10,0,0,0,0,0,0,"N",0,0.0,0,0,0,0,0,0,0,0,0,0,0,0
"54055","5","42412","77","0","2008","A","N","Mercer County, West Virginia","Private","Office supplies merchant wholesalers","County, NAICS 5-digit -- by ownership sector","All establishment sizes",1,0,0,0,0,0,0,"N",1.17,0,0,0,0,0,0,"N",0,0.0,0,0,0,0,0,0,0,0,0,0,0,0
"54055","5","424120","78","0","2008","A","N","Mercer County, West Virginia","Private","Office supplies merchant wholesalers","County, NAICS 6-digit -- by ownership sector","All establishment sizes",1,0,0,0,0,0,0,"N",1.17,0,0,0,0,0,0,"N",0,0.0,0,0,0,0,0,0,0,0,0,0,0,0
"54055","5","42413","77","0","2008","A","N","Mercer County, West Virginia","Private","Industrial paper merchant wholesalers","County, NAICS 5-digit -- by ownership sector","All establishment sizes",1,0,0,0,0,0,0,"N",1.28,0,0,0,0,0,0,"N",0,0.0,0,0,0,0,0,0,0,0,0,0,0,0
"54055","5","424130","78","0","2008","A","N","Mercer County, West Virginia","Private","Industrial paper merchant wholesalers","County, NAICS 6-digit -- by ownership sector","All establishment sizes",1,0,0,0,0,0,0,"N",1.28,0,0,0,0,0,0,"N",0,0.0,0,0,0,0,0,0,0,0,0,0,0,0
"54055","5","4242","76","0","2008","A","N","Mercer County, West Virginia","Private","Druggists' goods merchant wholesalers","County, NAICS 4-digit -- by ownership sector","All establishment sizes",1,0,0,0,0,0,0,"N",0.55,0,0,0,0,0,0,"N",-2,-66.7,0,0,0,0,0,0,0,0,0,0,0,0
"54055","5","42421","77","0","2008","A","N","Mercer County, West Virginia","Private","Druggists' goods merchant wholesalers","County, NAICS 5-digit -- by ownership sector","All establishment sizes",1,0,0,0,0,0,0,"N",0.55,0,0,0,0,0,0,"N",-2,-66.7,0,0,0,0,0,0,0,0,0,0,0,0
"54055","5","424210","78","0","2008","A","N","Mercer County, West Virginia","Private","Druggists' goods merchant wholesalers","County, NAICS 6-digit -- by ownership sector","All establishment sizes",1,0,0,0,0,0,0,"N",0.55,0,0,0,0,0,0,"N",-2,-66.7,0,0,0,0,0,0,0,0,0,0,0,0
"54055","5","4244","76","0","2008","A","","Mercer County, West Virginia","Private","Grocery and related product wholesalers","County, NAICS 4-digit -- by ownership sector","All establishment sizes",8,145,6072912,1308529,25648,803,41762,"",1.36,1.24,1.65,1.25,1.12,1.32,1.32,"",0,0.0,-2,-1.4,-96471,-1.6,-60928,-4.4,-4268,-14.3,-6,-0.7,-302,-0.7
"54055","5","42441","77","0","2008","A","N","Mercer County, West Virginia","Private","General line grocery merchant wholesalers","County, NAICS 5-digit -- by ownership sector","All establishment sizes",3,0,0,0,0,0,0,"N",3.22,0,0,0,0,0,0,"N",1,50.0,0,0,0,0,0,0,0,0,0,0,0,0
"54055","5","424410","78","0","2008","A","N","Mercer County, West Virginia","Private","General line grocery merchant wholesalers","County, NAICS 6-digit -- by ownership sector","All establishment sizes",3,0,0,0,0,0,0,"N",3.22,0,0,0,0,0,0,"N",1,50.0,0,0,0,0,0,0,0,0,0,0,0,0
"54055","5","42445","77","0","2008","A","N","Mercer County, West Virginia","Private","Confectionery merchant wholesalers","County, NAICS 5-digit -- by ownership sector","All establishment sizes",2,0,0,0,0,0,0,"N",3.64,0,0,0,0,0,0,"N",0,0.0,0,0,0,0,0,0,0,0,0,0,0,0
"54055","5","424450","78","0","2008","A","N","Mercer County, West Virginia","Private","Confectionery merchant wholesalers","County, NAICS 6-digit -- by ownership sector","All establishment sizes",2,0,0,0,0,0,0,"N",3.64,0,0,0,0,0,0,"N",0,0.0,0,0,0,0,0,0,0,0,0,0,0,0
"54055","5","42449","77","0","2008","A","","Mercer County, West Virginia","Private","Other grocery product merchant wholesalers","County, NAICS 5-digit -- by ownership sector","All establishment sizes",3,86,3846148,781011,16759,856,44507,"",1.38,2.40,3.39,2.46,2.36,1.41,1.41,"",-1,-25.0,-6,-6.5,-92884,-2.4,-80143,-9.3,-4533,-21.3,31,3.8,1614,3.8
"54055","5","424490","78","0","2008","A","","Mercer County, West Virginia","Private","Other grocery product merchant wholesalers","County, NAICS 6-digit -- by ownership sector","All establishment sizes",3,86,3846148,781011,16759,856,44507,"",1.38,2.40,3.39,2.46,2.36,1.41,1.41,"",-1,-25.0,-6,-6.5,-92884,-2.4,-80143,-9.3,-4533,-21.3,31,3.8,1614,3.8
"54055","5","4246","76","0","2008","A","N","Mercer County, West Virginia","Private","Chemical merchant wholesalers","County, NAICS 4-digit -- by ownership sector","All establishment sizes",1,0,0,0,0,0,0,"N",0.44,0,0,0,0,0,0,"N",0,0.0,0,0,0,0,0,0,0,0,0,0,0,0
"54055","5","42469","77","0","2008","A","N","Mercer County, West Virginia","Private","Other chemicals merchant wholesalers","County, NAICS 5-digit -- by ownership sector","All establishment sizes",1,0,0,0,0,0,0,"N",0.55,0,0,0,0,0,0,"N",0,0.0,0,0,0,0,0,0,0,0,0,0,0,0
"54055","5","424690","78","0","2008","A","N","Mercer County, West Virginia","Private","Other chemicals merchant wholesalers","County, NAICS 6-digit -- by ownership sector","All establishment sizes",1,0,0,0,0,0,0,"N",0.55,0,0,0,0,0,0,"N",0,0.0,0,0,0,0,0,0,0,0,0,0,0,0
"54055","5","4249","76","0","2008","A","N","Mercer County, West Virginia","Private","Misc. nondurable goods merchant wholesalers","County, NAICS 4-digit -- by ownership sector","All establishment sizes",2,0,0,0,0,0,0,"N",0.34,0,0,0,0,0,0,"N",0,0.0,0,0,0,0,0,0,0,0,0,0,0,0
"54055","5","42491","77","0","2008","A","N","Mercer County, West Virginia","Private","Farm supplies merchant wholesalers","County, NAICS 5-digit -- by ownership sector","All establishment sizes",1,0,0,0,0,0,0,"N",0.54,0,0,0,0,0,0,"N",0,0.0,0,0,0,0,0,0,0,0,0,0,0,0
"54055","5","424910","78","0","2008","A","N","Mercer County, West Virginia","Private","Farm supplies merchant wholesalers","County, NAICS 6-digit -- by ownership sector","All establishment sizes",1,0,0,0,0,0,0,"N",0.54,0,0,0,0,0,0,"N",0,0.0,0,0,0,0,0,0,0,0,0,0,0,0
"54055","5","42494","77","0","2008","A","N","Mercer County, West Virginia","Private","Tobacco and tobacco product merch. whls.","County, NAICS 5-digit -- by ownership sector","All establishment sizes",1,0,0,0,0,0,0,"N",4.45,0,0,0,0,0,0,"N",0,0.0,0,0,0,0,0,0,0,0,0,0,0,0
"54055","5","424940","78","0","2008","A","N","Mercer County, West Virginia","Private","Tobacco and tobacco product merch. whls.","County, NAICS 6-digit -- by ownership sector","All establishment sizes",1,0,0,0,0,0,0,"N",4.45,0,0,0,0,0,0,"N",0,0.0,0,0,0,0,0,0,0,0,0,0,0,0
"54055","5","425","75","0","2008","A","","Mercer County, West Virginia","Private","Electronic markets and agents and brokers","County, NAICS 3-digit -- by ownership sector","All establishment sizes",4,3,550272,32000,1184,3527,183424,"",0.10,0.02,0.08,0.02,0.04,3.58,3.59,"",0,0.0,-1,-25.0,-196439,-26.3,0,0.0,-560,-32.1,-63,-1.8,-3254,-1.7
"54055","5","4251","76","0","2008","A","","Mercer County, West Virginia","Private","Electronic markets and agents and brokers","County, NAICS 4-digit -- by ownership sector","All establishment sizes",4,3,550272,32000,1184,3527,183424,"",0.10,0.02,0.08,0.02,0.04,3.58,3.59,"",0,0.0,-1,-25.0,-196439,-26.3,0,0.0,-560,-32.1,-63,-1.8,-3254,-1.7
"54055","5","42512","77","0","2008","A","","Mercer County, West Virginia","Private","Wholesale trade agents and brokers","County, NAICS 5-digit -- by ownership sector","All establishment sizes",4,3,550272,32000,1184,3527,183424,"",0.11,0.02,0.08,0.03,0.04,3.56,3.56,"",0,0.0,-1,-25.0,-196439,-26.3,0,0.0,-560,-32.1,-63,-1.8,-3254,-1.7
"54055","5","425120","78","0","2008","A","","Mercer County, West Virginia","Private","Wholesale trade agents and brokers","County, NAICS 6-digit -- by ownership sector","All establishment sizes",4,3,550272,32000,1184,3527,183424,"",0.11,0.02,0.08,0.03,0.04,3.56,3.56,"",0,0.0,-1,-25.0,-196439,-26.3,0,0.0,-560,-32.1,-63,-1.8,-3254,-1.7
"54055","5","44-45","74","0","2008","A","","Mercer County, West Virginia","Private","Retail trade","County, NAICS Sector -- by ownership sector","All establishment sizes",282,3362,75925368,27649863,598384,434,22586,"",1.62,1.37,1.78,1.56,1.80,1.30,1.30,"",-8,-2.8,-132,-3.8,-1291965,-1.7,-708730,-2.5,-58295,-8.9,9,2.1,484,2.2
"54055","5","441","75","0","2008","A","","Mercer County, West Virginia","Private","Motor vehicle and parts dealers","County, NAICS 3-digit -- by ownership sector","All establishment sizes",42,723,23061526,6547897,179471,614,31915,"",2.10,2.46,2.94,2.54,3.13,1.20,1.20,"",1,2.4,-45,-5.9,-1704677,-6.9,-392219,-5.7,-23576,-11.6,-7,-1.1,-354,-1.1
"54055","5","4411","76","0","2008","A","","Mercer County, West Virginia","Private","Automobile dealers","County, NAICS 4-digit -- by ownership sector","All establishment sizes",14,493,17248000,4531265,131402,673,35015,"",1.73,2.61,3.06,2.66,3.27,1.17,1.17,"",1,7.7,10,2.1,-206282,-1.2,50322,1.1,-4815,-3.5,-21,-3.0,-1097,-3.0
"54055","5","44111","77","0","2008","A","","Mercer County, West Virginia","Private","New car dealers","County, NAICS 5-digit -- by ownership sector","All establishment sizes",7,446,16185065,4003113,113674,698,36289,"",1.79,2.65,3.14,2.63,3.13,1.18,1.19,"",1,16.7,9,2.1,-213382,-1.3,1331,0.0,-2747,-2.4,-24,-3.3,-1272,-3.4
"54055","5","441110","78","0","2008","A","","Mercer County, West Virginia","Private","New car dealers","County, NAICS 6-digit -- by ownership sector","All establishment sizes",7,446,16185065,4003113,113674,698,36289,"",1.79,2.65,3.14,2.63,3.13,1.18,1.19,"",1,16.7,9,2.1,-213382,-1.3,1331,0.0,-2747,-2.4,-24,-3.3,-1272,-3.4
"54055","5","44112","77","0","2008","A","","Mercer County, West Virginia","Private","Used car dealers","County, NAICS 5-digit -- by ownership sector","All establishment sizes",7,47,1062935,528152,17728,439,22818,"",1.66,2.31,2.23,2.98,4.61,0.97,0.97,"",0,0.0,0,0.0,7100,0.7,48991,10.2,-2068,-10.4,5,1.2,233,1.0
"54055","5","441120","78","0","2008","A","","Mercer County, West Virginia","Private","Used car dealers","County, NAICS 6-digit -- by ownership sector","All establishment sizes",7,47,1062935,528152,17728,439,22818,"",1.66,2.31,2.23,2.98,4.61,0.97,0.97,"",0,0.0,0,0.0,7100,0.7,48991,10.2,-2068,-10.4,5,1.2,233,1.0
"54055","5","4412","76","0","2008","A","","Mercer County, West Virginia","Private","Other motor vehicle dealers","County, NAICS 4-digit -- by ownership sector","All establishment sizes",7,72,2116614,664373,19271,565,29397,"",2.51,2.74,3.33,2.83,3.24,1.21,1.21,"",0,0.0,-5,-6.5,-137035,-6.1,-523,-0.1,-3192,-14.2,4,0.7,224,0.8
"54055","5","44121","77","0","2008","A","","Mercer County, West Virginia","Private","Recreational vehicle dealers","County, NAICS 5-digit -- by ownership sector","All establishment sizes",3,13,390707,103841,2923,578,30054,"",6.29,2.23,2.61,1.83,1.96,1.17,1.17,"",0,0.0,-1,-7.1,35958,10.1,-444,-0.4,-121,-4.0,76,15.1,3938,15.1
"54055","5","441210","78","0","2008","A","","Mercer County, West Virginia","Private","Recreational vehicle dealers","County, NAICS 6-digit -- by ownership sector","All establishment sizes",3,13,390707,103841,2923,578,30054,"",6.29,2.23,2.61,1.83,1.96,1.17,1.17,"",0,0.0,-1,-7.1,35958,10.1,-444,-0.4,-121,-4.0,76,15.1,3938,15.1
"54055","5","44122","77","0","2008","A","","Mercer County, West Virginia","Private","Motorcycle, boat, and other vehicle dealers","County, NAICS 5-digit -- by ownership sector","All establishment sizes",4,59,1725907,560532,16348,563,29253,"",1.73,2.89,3.55,3.14,3.67,1.23,1.23,"",0,0.0,-5,-7.8,-172993,-9.1,-79,0.0,-3071,-15.8,-11,-1.9,-573,-1.9
"54055","5","441221","78","0","2008","A","","Mercer County, West Virginia","Private","Motorcycle, atv, personal watercraft dealers","County, NAICS 6-digit -- by ownership sector","All establishment sizes",4,59,1725907,560532,16348,563,29253,"",4.00,5.18,6.59,5.58,6.53,1.27,1.27,"",0,0.0,-5,-7.8,-172993,-9.1,-79,0.0,-3071,-15.8,-11,-1.9,-573,-1.9
"54055","5","4413","76","0","2008","A","","Mercer County, West Virginia","Private","Auto parts, accessories, and tire stores","County, NAICS 4-digit -- by ownership sector","All establishment sizes",21,158,3696912,1352259,28798,450,23398,"",2.31,2.01,2.36,2.12,2.58,1.18,1.18,"",0,0.0,-49,-23.7,-1361360,-26.9,-442018,-24.6,-15569,-35.1,-20,-4.3,-1048,-4.3
"54055","5","44131","77","0","2008","A","","Mercer County, West Virginia","Private","Automotive parts and accessories stores","County, NAICS 5-digit -- by ownership sector","All establishment sizes",16,115,2487287,1045871,21836,416,21629,"",2.67,2.22,2.68,2.62,3.15,1.21,1.21,"",0,0.0,-15,-11.5,-29542,-1.2,-8588,-0.8,-460,-2.1,44,11.8,2294,11.9
"54055","5","441310","78","0","2008","A","","Mercer County, West Virginia","Private","Automotive parts and accessories stores","County, NAICS 6-digit -- by ownership sector","All establishment sizes",16,115,2487287,1045871,21836,416,21629,"",2.67,2.22,2.68,2.62,3.15,1.21,1.21,"",0,0.0,-15,-11.5,-29542,-1.2,-8588,-0.8,-460,-2.1,44,11.8,2294,11.9
"54055","5","44132","77","0","2008","A","","Mercer County, West Virginia","Private","Tire dealers","County, NAICS 5-digit -- by ownership sector","All establishment sizes",5,43,1209625,306388,6962,541,28131,"",1.62,1.61,1.91,1.29,1.64,1.19,1.19,"",0,0.0,-34,-44.2,-1331818,-52.4,-433430,-58.6,-15109,-68.5,-96,-15.1,-4982,-15.0
"54055","5","441320","78","0","2008","A","","Mercer County, West Virginia","Private","Tire dealers","County, NAICS 6-digit -- by ownership sector","All establishment sizes",5,43,1209625,306388,6962,541,28131,"",1.62,1.61,1.91,1.29,1.64,1.19,1.19,"",0,0.0,-34,-44.2,-1331818,-52.4,-433430,-58.6,-15109,-68.5,-96,-15.1,-4982,-15.0
"54055","5","442","75","0","2008","A","","Mercer County, West Virginia","Private","Furniture and home furnishings stores","County, NAICS 3-digit -- by ownership sector","All establishment sizes",15,79,1963564,654850,12475,476,24751,"",1.54,0.93,1.15,0.99,0.89,1.23,1.23,"",1,7.1,-8,-9.2,-182050,-8.5,-58908,-8.3,-1061,-7.8,2,0.4,112,0.5
"54055","5","4421","76","0","2008","A","","Mercer County, West Virginia","Private","Furniture stores","County, NAICS 4-digit -- by ownership sector","All establishment sizes",10,69,1765056,569397,11193,495,25736,"",2.29,1.66,1.94,1.63,1.49,1.18,1.18,"",1,11.1,-8,-10.4,-164852,-8.5,-60757,-9.6,-1000,-8.2,11,2.3,563,2.2
"54055","5","44211","77","0","2008","A","","Mercer County, West Virginia","Private","Furniture stores","County, NAICS 5-digit -- by ownership sector","All establishment sizes",10,69,1765056,569397,11193,495,25736,"",2.29,1.66,1.94,1.63,1.49,1.18,1.18,"",1,11.1,-8,-10.4,-164852,-8.5,-60757,-9.6,-1000,-8.2,11,2.3,563,2.2
"54055","5","442110","78","0","2008","A","","Mercer County, West Virginia","Private","Furniture stores","County, NAICS 6-digit -- by ownership sector","All establishment sizes",10,69,1765056,569397,11193,495,25736,"",2.29,1.66,1.94,1.63,1.49,1.18,1.18,"",1,11.1,-8,-10.4,-164852,-8.5,-60757,-9.6,-1000,-8.2,11,2.3,563,2.2
"54055","5","4422","76","0","2008","A","","Mercer County, West Virginia","Private","Home furnishings stores","County, NAICS 4-digit -- by ownership sector","All establishment sizes",5,11,198508,85453,1282,355,18466,"",0.93,0.26,0.25,0.27,0.20,1.00,1.00,"",0,0.0,1,10.0,-17198,-8.0,1849,2.2,-61,-4.5,-43,-10.8,-2242,-10.8
"54055","5","44221","77","0","2008","A","N","Mercer County, West Virginia","Private","Floor covering stores","County, NAICS 5-digit -- by ownership sector","All establishment sizes",4,0,0,0,0,0,0,"N",1.75,0,0,0,0,0,0,"N",0,0.0,0,0,0,0,0,0,0,0,0,0,0,0
"54055","5","442210","78","0","2008","A","N","Mercer County, West Virginia","Private","Floor covering stores","County, NAICS 6-digit -- by ownership sector","All establishment sizes",4,0,0,0,0,0,0,"N",1.75,0,0,0,0,0,0,"N",0,0.0,0,0,0,0,0,0,0,0,0,0,0,0
"54055","5","44229","77","0","2008","A","N","Mercer County, West Virginia","Private","Other home furnishings stores","County, NAICS 5-digit -- by ownership sector","All establishment sizes",1,0,0,0,0,0,0,"N",0.32,0,0,0,0,0,0,"N",0,0.0,0,0,0,0,0,0,0,0,0,0,0,0
"54055","5","442299","78","0","2008","A","N","Mercer County, West Virginia","Private","All other home furnishings stores","County, NAICS 6-digit -- by ownership sector","All establishment sizes",1,0,0,0,0,0,0,"N",0.39,0,0,0,0,0,0,"N",0,0.0,0,0,0,0,0,0,0,0,0,0,0,0
"54055","5","443","75","0","2008","A","","Mercer County, West Virginia","Private","Electronics and appliance stores","County, NAICS 3-digit -- by ownership sector","All establishment sizes",15,104,3060183,971053,27749,569,29567,"",1.70,1.17,1.35,1.39,1.69,1.16,1.16,"N",1,7.1,0,0,0,0,0,0,0,0,0,0,0,0
"54055","5","4431","76","0","2008","A","","Mercer County, West Virginia","Private","Electronics and appliance stores","County, NAICS 4-digit -- by ownership sector","All establishment sizes",15,104,3060183,971053,27749,569,29567,"",1.70,1.17,1.35,1.39,1.69,1.16,1.16,"N",1,7.1,0,0,0,0,0,0,0,0,0,0,0,0
"54055","5","44311","77","0","2008","A","N","Mercer County, West Virginia","Private","Appliance, tv, and other electronics stores","County, NAICS 5-digit -- by ownership sector","All establishment sizes",13,0,0,0,0,0,0,"N",2.13,0,0,0,0,0,0,"N",1,8.3,0,0,0,0,0,0,0,0,0,0,0,0
"54055","5","443111","78","0","2008","A","N","Mercer County, West Virginia","Private","Household appliance stores","County, NAICS 6-digit -- by ownership sector","All establishment sizes",2,0,0,0,0,0,0,"N",1.43,0,0,0,0,0,0,"N",0,0.0,0,0,0,0,0,0,0,0,0,0,0,0
"54055","5","443112","78","0","2008","A","","Mercer County, West Virginia","Private","Radio, tv, and other electronics stores","County, NAICS 6-digit -- by ownership sector","All establishment sizes",11,81,2364326,767616,24442,560,29099,"",2.34,1.50,2.18,1.86,2.49,1.45,1.45,"N",1,10.0,0,0,0,0,0,0,0,0,0,0,0,0
"54055","5","44312","77","0","2008","A","N","Mercer County, West Virginia","Private","Computer and software stores","County, NAICS 5-digit -- by ownership sector","All establishment sizes",2,0,0,0,0,0,0,"N",0.83,0,0,0,0,0,0,"N",0,0.0,0,0,0,0,0,0,0,0,0,0,0,0
"54055","5","443120","78","0","2008","A","N","Mercer County, West Virginia","Private","Computer and software stores","County, NAICS 6-digit -- by ownership sector","All establishment sizes",2,0,0,0,0,0,0,"N",0.83,0,0,0,0,0,0,"N",0,0.0,0,0,0,0,0,0,0,0,0,0,0,0
"54055","5","444","75","0","2008","A","","Mercer County, West Virginia","Private","Building material and garden supply stores","County, NAICS 3-digit -- by ownership sector","All establishment sizes",19,232,6925823,2010877,41736,575,29896,"",1.48,1.16,1.71,1.24,1.26,1.48,1.48,"",-1,-5.0,-14,-5.7,124678,1.8,-249859,-11.1,-6738,-13.9,42,7.9,2193,7.9
"54055","5","4441","76","0","2008","A","","Mercer County, West Virginia","Private","Building material and supplies dealers","County, NAICS 4-digit -- by ownership sector","All establishment sizes",14,217,6734404,1854520,36092,597,31058,"",1.39,1.22,1.85,1.29,1.27,1.52,1.52,"",-1,-6.7,-9,-4.0,230134,3.5,-205413,-10.0,-2370,-6.2,43,7.8,2236,7.8
"54055","5","44411","77","0","2008","A","N","Mercer County, West Virginia","Private","Home centers","County, NAICS 5-digit -- by ownership sector","All establishment sizes",2,0,0,0,0,0,0,"N",1.06,0,0,0,0,0,0,"N",-1,-33.3,0,0,0,0,0,0,0,0,0,0,0,0
"54055","5","444110","78","0","2008","A","N","Mercer County, West Virginia","Private","Home centers","County, NAICS 6-digit -- by ownership sector","All establishment sizes",2,0,0,0,0,0,0,"N",1.06,0,0,0,0,0,0,"N",-1,-33.3,0,0,0,0,0,0,0,0,0,0,0,0
"54055","5","44412","77","0","2008","A","N","Mercer County, West Virginia","Private","Paint and wallpaper stores","County, NAICS 5-digit -- by ownership sector","All establishment sizes",1,0,0,0,0,0,0,"N",0.94,0,0,0,0,0,0,"N",0,0.0,0,0,0,0,0,0,0,0,0,0,0,0
"54055","5","444120","78","0","2008","A","N","Mercer County, West Virginia","Private","Paint and wallpaper stores","County, NAICS 6-digit -- by ownership sector","All establishment sizes",1,0,0,0,0,0,0,"N",0.94,0,0,0,0,0,0,"N",0,0.0,0,0,0,0,0,0,0,0,0,0,0,0
"54055","5","44413","77","0","2008","A","","Mercer County, West Virginia","Private","Hardware stores","County, NAICS 5-digit -- by ownership sector","All establishment sizes",3,13,317196,102034,2131,485,25208,"",1.14,0.52,0.76,0.56,0.72,1.52,1.52,"",0,0.0,1,8.3,18345,6.1,6870,7.2,-368,-14.7,16,3.4,812,3.3
"54055","5","444130","78","0","2008","A","","Mercer County, West Virginia","Private","Hardware stores","County, NAICS 6-digit -- by ownership sector","All establishment sizes",3,13,317196,102034,2131,485,25208,"",1.14,0.52,0.76,0.56,0.72,1.52,1.52,"",0,0.0,1,8.3,18345,6.1,6870,7.2,-368,-14.7,16,3.4,812,3.3
"54055","5","44419","77","0","2008","A","","Mercer County, West Virginia","Private","Other building material dealers","County, NAICS 5-digit -- by ownership sector","All establishment sizes",8,55,2420948,471440,10212,848,44084,"",1.77,1.30,2.01,1.26,1.22,1.55,1.55,"",0,0.0,-2,-3.5,383760,18.8,13126,2.9,2212,27.6,160,23.3,8292,23.2
"54055","5","444190","78","0","2008","A","","Mercer County, West Virginia","Private","Other building material dealers","County, NAICS 6-digit -- by ownership sector","All establishment sizes",8,55,2420948,471440,10212,848,44084,"",1.77,1.30,2.01,1.26,1.22,1.55,1.55,"",0,0.0,-2,-3.5,383760,18.8,13126,2.9,2212,27.6,160,23.3,8292,23.2
"54055","5","4442","76","0","2008","A","","Mercer County, West Virginia","Private","Lawn and garden equipment and supplies stores","County, NAICS 4-digit -- by ownership sector","All establishment sizes",5,15,191419,156357,5644,248,12905,"",1.80,0.67,0.47,0.88,1.22,0.71,0.71,"",0,0.0,-5,-25.0,-105456,-35.5,-44446,-22.1,-4368,-43.6,-40,-13.9,-2063,-13.8
"54055","5","44421","77","0","2008","A","N","Mercer County, West Virginia","Private","Outdoor power equipment stores","County, NAICS 5-digit -- by ownership sector","All establishment sizes",2,0,0,0,0,0,0,"N",2.57,0,0,0,0,0,0,"N",0,0.0,0,0,0,0,0,0,0,0,0,0,0,0
"54055","5","444210","78","0","2008","A","N","Mercer County, West Virginia","Private","Outdoor power equipment stores","County, NAICS 6-digit -- by ownership sector","All establishment sizes",2,0,0,0,0,0,0,"N",2.57,0,0,0,0,0,0,"N",0,0.0,0,0,0,0,0,0,0,0,0,0,0,0
"54055","5","44422","77","0","2008","A","N","Mercer County, West Virginia","Private","Nursery, garden, and farm supply stores","County, NAICS 5-digit -- by ownership sector","All establishment sizes",3,0,0,0,0,0,0,"N",1.51,0,0,0,0,0,0,"N",0,0.0,0,0,0,0,0,0,0,0,0,0,0,0
"54055","5","444220","78","0","2008","A","N","Mercer County, West Virginia","Private","Nursery, garden, and farm supply stores","County, NAICS 6-digit -- by ownership sector","All establishment sizes",3,0,0,0,0,0,0,"N",1.51,0,0,0,0,0,0,"N",0,0.0,0,0,0,0,0,0,0,0,0,0,0,0
"54055","5","445","75","0","2008","A","","Mercer County, West Virginia","Private","Food and beverage stores","County, NAICS 3-digit -- by ownership sector","All establishment sizes",26,534,9136595,3881812,86383,329,17099,"",1.13,1.16,1.37,1.25,1.84,1.18,1.18,"",1,4.0,4,0.8,284493,3.2,243377,6.7,-19239,-18.2,8,2.5,384,2.3
"54055","5","4451","76","0","2008","A","","Mercer County, West Virginia","Private","Grocery stores","County, NAICS 4-digit -- by ownership sector","All establishment sizes",18,496,8371128,3584650,81240,324,16866,"",1.28,1.23,1.45,1.32,2.11,1.17,1.17,"",-2,-10.0,12,2.5,365335,4.6,273982,8.3,-19082,-19.0,6,1.9,339,2.1
"54055","5","44511","77","0","2008","A","N","Mercer County, West Virginia","Private","Supermarkets and other grocery stores","County, NAICS 5-digit -- by ownership sector","All establishment sizes",16,0,0,0,0,0,0,"N",1.63,0,0,0,0,0,0,"N",-2,-11.1,0,0,0,0,0,0,0,0,0,0,0,0
"54055","5","445110","78","0","2008","A","N","Mercer County, West Virginia","Private","Supermarkets and other grocery stores","County, NAICS 6-digit -- by ownership sector","All establishment sizes",16,0,0,0,0,0,0,"N",1.63,0,0,0,0,0,0,"N",-2,-11.1,0,0,0,0,0,0,0,0,0,0,0,0
"54055","5","44512","77","0","2008","A","N","Mercer County, West Virginia","Private","Convenience stores","County, NAICS 5-digit -- by ownership sector","All establishment sizes",2,0,0,0,0,0,0,"N",0.47,0,0,0,0,0,0,"N",-1,-33.3,0,0,0,0,0,0,0,0,0,0,0,0
"54055","5","445120","78","0","2008","A","N","Mercer County, West Virginia","Private","Convenience stores","County, NAICS 6-digit -- by ownership sector","All establishment sizes",2,0,0,0,0,0,0,"N",0.47,0,0,0,0,0,0,"N",-1,-33.3,0,0,0,0,0,0,0,0,0,0,0,0
"54055","5","4452","76","0","2008","A","N","Mercer County, West Virginia","Private","Specialty food stores","County, NAICS 4-digit -- by ownership sector","All establishment sizes",2,0,0,0,0,0,0,"N",0.44,0,0,0,0,0,0,"N",0,0.0,0,0,0,0,0,0,0,0,0,0,0,0
"54055","5","44529","77","0","2008","A","N","Mercer County, West Virginia","Private","Other specialty food stores","County, NAICS 5-digit -- by ownership sector","All establishment sizes",2,0,0,0,0,0,0,"N",0.80,0,0,0,0,0,0,"N",0,0.0,0,0,0,0,0,0,0,0,0,0,0,0
"54055","5","445292","78","0","2008","A","N","Mercer County, West Virginia","Private","Confectionery and nut stores","County, NAICS 6-digit -- by ownership sector","All establishment sizes",1,0,0,0,0,0,0,"N",2.02,0,0,0,0,0,0,"N",0,0.0,0,0,0,0,0,0,0,0,0,0,0,0
"54055","5","445299","78","0","2008","A","N","Mercer County, West Virginia","Private","All other specialty food stores","County, NAICS 6-digit -- by ownership sector","All establishment sizes",1,0,0,0,0,0,0,"N",0.67,0,0,0,0,0,0,"N",0,0.0,0,0,0,0,0,0,0,0,0,0,0,0
"54055","5","4453","76","0","2008","A","N","Mercer County, West Virginia","Private","Beer, wine, and liquor stores","County, NAICS 4-digit -- by ownership sector","All establishment sizes",5,0,0,0,0,0,0,"N",1.12,0,0,0,0,0,0,"N",2,66.7,0,0,0,0,0,0,0,0,0,0,0,0
"54055","5","44531","77","0","2008","A","N","Mercer County, West Virginia","Private","Beer, wine, and liquor stores","County, NAICS 5-digit -- by ownership sector","All establishment sizes",5,0,0,0,0,0,0,"N",1.12,0,0,0,0,0,0,"N",2,66.7,0,0,0,0,0,0,0,0,0,0,0,0
"54055","5","445310","78","0","2008","A","N","Mercer County, West Virginia","Private","Beer, wine, and liquor stores","County, NAICS 6-digit -- by ownership sector","All establishment sizes",5,0,0,0,0,0,0,"N",1.12,0,0,0,0,0,0,"N",2,66.7,0,0,0,0,0,0,0,0,0,0,0,0
"54055","5","446","75","0","2008","A","","Mercer County, West Virginia","Private","Health and personal care stores","County, NAICS 3-digit -- by ownership sector","All establishment sizes",30,282,8908102,2256812,40489,608,31636,"",1.97,1.74,2.53,1.95,2.05,1.45,1.45,"",-1,-3.2,1,0.4,-274877,-3.0,-200160,-8.1,-4664,-10.3,-21,-3.3,-1092,-3.3
"54055","5","4461","76","0","2008","A","","Mercer County, West Virginia","Private","Health and personal care stores","County, NAICS 4-digit -- by ownership sector","All establishment sizes",30,282,8908102,2256812,40489,608,31636,"",1.97,1.74,2.53,1.95,2.05,1.45,1.45,"",-1,-3.2,1,0.4,-274877,-3.0,-200160,-8.1,-4664,-10.3,-21,-3.3,-1092,-3.3
"54055","5","44611","77","0","2008","A","","Mercer County, West Virginia","Private","Pharmacies and drug stores","County, NAICS 5-digit -- by ownership sector","All establishment sizes",16,202,6652839,1632783,30044,634,32948,"",1.92,1.70,2.49,1.92,2.26,1.47,1.47,"",-1,-5.9,7,3.6,-214396,-3.1,-141674,-8.0,-3531,-10.5,-44,-6.5,-2284,-6.5
"54055","5","446110","78","0","2008","A","","Mercer County, West Virginia","Private","Pharmacies and drug stores","County, NAICS 6-digit -- by ownership sector","All establishment sizes",16,202,6652839,1632783,30044,634,32948,"",1.92,1.70,2.49,1.92,2.26,1.47,1.47,"",-1,-5.9,7,3.6,-214396,-3.1,-141674,-8.0,-3531,-10.5,-44,-6.5,-2284,-6.5
"54055","5","44612","77","0","2008","A","N","Mercer County, West Virginia","Private","Cosmetic and beauty supply stores","County, NAICS 5-digit -- by ownership sector","All establishment sizes",2,0,0,0,0,0,0,"N",0.93,0,0,0,0,0,0,"N",0,0.0,0,0,0,0,0,0,0,0,0,0,0,0
"54055","5","446120","78","0","2008","A","N","Mercer County, West Virginia","Private","Cosmetic and beauty supply stores","County, NAICS 6-digit -- by ownership sector","All establishment sizes",2,0,0,0,0,0,0,"N",0.93,0,0,0,0,0,0,"N",0,0.0,0,0,0,0,0,0,0,0,0,0,0,0
"54055","5","44613","77","0","2008","A","N","Mercer County, West Virginia","Private","Optical goods stores","County, NAICS 5-digit -- by ownership sector","All establishment sizes",2,0,0,0,0,0,0,"N",1.04,0,0,0,0,0,0,"N",0,0.0,0,0,0,0,0,0,0,0,0,0,0,0
"54055","5","446130","78","0","2008","A","N","Mercer County, West Virginia","Private","Optical goods stores","County, NAICS 6-digit -- by ownership sector","All establishment sizes",2,0,0,0,0,0,0,"N",1.04,0,0,0,0,0,0,"N",0,0.0,0,0,0,0,0,0,0,0,0,0,0,0
"54055","5","44619","77","0","2008","A","","Mercer County, West Virginia","Private","Other health and personal care stores","County, NAICS 5-digit -- by ownership sector","All establishment sizes",10,45,1506533,381946,6108,640,33294,"",3.54,2.85,3.91,3.07,2.21,1.36,1.37,"",0,0.0,-3,-6.2,-62975,-4.0,-44361,-10.4,-871,-12.5,13,2.1,709,2.2
"54055","5","446191","78","0","2008","A","N","Mercer County, West Virginia","Private","Food, health, supplement stores","County, NAICS 6-digit -- by ownership sector","All establishment sizes",1,0,0,0,0,0,0,"N",0.74,0,0,0,0,0,0,"N",0,0.0,0,0,0,0,0,0,0,0,0,0,0,0
"54055","5","446199","78","0","2008","A","N","Mercer County, West Virginia","Private","All other health and personal care stores","County, NAICS 6-digit -- by ownership sector","All establishment sizes",9,0,0,0,0,0,0,"N",6.12,0,0,0,0,0,0,"N",0,0.0,0,0,0,0,0,0,0,0,0,0,0,0
"54055","5","447","75","0","2008","A","","Mercer County, West Virginia","Private","Gasoline stations","County, NAICS 3-digit -- by ownership sector","All establishment sizes",40,268,3660683,2239924,45910,262,13638,"",2.30,1.98,2.23,2.42,2.87,1.13,1.13,"",-2,-4.8,-7,-2.5,107496,3.0,36061,1.6,-94,-0.2,14,5.6,733,5.7
"54055","5","4471","76","0","2008","A","","Mercer County, West Virginia","Private","Gasoline stations","County, NAICS 4-digit -- by ownership sector","All establishment sizes",40,268,3660683,2239924,45910,262,13638,"",2.30,1.98,2.23,2.42,2.87,1.13,1.13,"",-2,-4.8,-7,-2.5,107496,3.0,36061,1.6,-94,-0.2,14,5.6,733,5.7
"54055","5","44711","77","0","2008","A","N","Mercer County, West Virginia","Private","Gasoline stations with convenience stores","County, NAICS 5-digit -- by ownership sector","All establishment sizes",38,0,0,0,0,0,0,"N",2.51,0,0,0,0,0,0,"N",-2,-5.0,0,0,0,0,0,0,0,0,0,0,0,0
"54055","5","447110","78","0","2008","A","N","Mercer County, West Virginia","Private","Gasoline stations with convenience stores","County, NAICS 6-digit -- by ownership sector","All establishment sizes",38,0,0,0,0,0,0,"N",2.51,0,0,0,0,0,0,"N",-2,-5.0,0,0,0,0,0,0,0,0,0,0,0,0
"54055","5","44719","77","0","2008","A","N","Mercer County, West Virginia","Private","Other gasoline stations","County, NAICS 5-digit -- by ownership sector","All establishment sizes",2,0,0,0,0,0,0,"N",0.87,0,0,0,0,0,0,"N",0,0.0,0,0,0,0,0,0,0,0,0,0,0,0
"54055","5","447190","78","0","2008","A","N","Mercer County, West Virginia","Private","Other gasoline stations","County, NAICS 6-digit -- by ownership sector","All establishment sizes",2,0,0,0,0,0,0,"N",0.87,0,0,0,0,0,0,"N",0,0.0,0,0,0,0,0,0,0,0,0,0,0,0
"54055","5","448","75","0","2008","A","","Mercer County, West Virginia","Private","Clothing and clothing accessories stores","County, NAICS 3-digit -- by ownership sector","All establishment sizes",31,199,2474502,1330468,28221,240,12461,"",1.38,0.84,0.83,0.93,0.99,0.99,0.99,"",-5,-13.9,-34,-14.6,-388004,-13.6,-249511,-15.8,-9101,-24.4,3,1.3,154,1.3
"54055","5","4481","76","0","2008","A","","Mercer County, West Virginia","Private","Clothing stores","County, NAICS 4-digit -- by ownership sector","All establishment sizes",18,142,1575961,897388,18610,214,11111,"",1.27,0.78,0.76,0.85,0.89,0.96,0.97,"",-4,-18.2,-19,-11.8,-141469,-8.2,-135444,-13.1,-4911,-20.9,9,4.4,438,4.1
"54055","5","44812","77","0","2008","A","","Mercer County, West Virginia","Private","Women's clothing stores","County, NAICS 5-digit -- by ownership sector","All establishment sizes",7,41,569356,309020,6069,270,14058,"",1.56,0.88,1.06,1.14,1.09,1.22,1.23,"",-1,-12.5,-3,-6.8,-6610,-1.1,-24373,-7.3,-104,-1.7,16,6.3,843,6.4
"54055","5","448120","78","0","2008","A","","Mercer County, West Virginia","Private","Women's clothing stores","County, NAICS 6-digit -- by ownership sector","All establishment sizes",7,41,569356,309020,6069,270,14058,"",1.56,0.88,1.06,1.14,1.09,1.22,1.23,"",-1,-12.5,-3,-6.8,-6610,-1.1,-24373,-7.3,-104,-1.7,16,6.3,843,6.4
"54055","5","44813","77","0","2008","A","N","Mercer County, West Virginia","Private","Children's and infants' clothing stores","County, NAICS 5-digit -- by ownership sector","All establishment sizes",1,0,0,0,0,0,0,"N",1.06,0,0,0,0,0,0,"N",0,0.0,0,0,0,0,0,0,0,0,0,0,0,0
"54055","5","448130","78","0","2008","A","N","Mercer County, West Virginia","Private","Children's and infants' clothing stores","County, NAICS 6-digit -- by ownership sector","All establishment sizes",1,0,0,0,0,0,0,"N",1.06,0,0,0,0,0,0,"N",0,0.0,0,0,0,0,0,0,0,0,0,0,0,0
"54055","5","44814","77","0","2008","A","","Mercer County, West Virginia","Private","Family clothing stores","County, NAICS 5-digit -- by ownership sector","All establishment sizes",6,90,858795,502570,11218,184,9560,"",1.51,1.06,0.95,1.05,1.26,0.90,0.90,"",0,0.0,-13,-12.6,-104875,-10.9,-87076,-14.8,-4465,-28.5,4,2.2,189,2.0
"54055","5","448140","78","0","2008","A","","Mercer County, West Virginia","Private","Family clothing stores","County, NAICS 6-digit -- by ownership sector","All establishment sizes",6,90,858795,502570,11218,184,9560,"",1.51,1.06,0.95,1.05,1.26,0.90,0.90,"",0,0.0,-13,-12.6,-104875,-10.9,-87076,-14.8,-4465,-28.5,4,2.2,189,2.0
"54055","5","44815","77","0","2008","A","N","Mercer County, West Virginia","Private","Clothing accessories stores","County, NAICS 5-digit -- by ownership sector","All establishment sizes",1,0,0,0,0,0,0,"N",0.76,0,0,0,0,0,0,"N",0,0.0,0,0,0,0,0,0,0,0,0,0,0,0
"54055","5","448150","78","0","2008","A","N","Mercer County, West Virginia","Private","Clothing accessories stores","County, NAICS 6-digit -- by ownership sector","All establishment sizes",1,0,0,0,0,0,0,"N",0.76,0,0,0,0,0,0,"N",0,0.0,0,0,0,0,0,0,0,0,0,0,0,0
"54055","5","44819","77","0","2008","A","","Mercer County, West Virginia","Private","Other clothing stores","County, NAICS 5-digit -- by ownership sector","All establishment sizes",4,7,81374,50743,797,216,11224,"",1.76,0.37,0.33,0.43,0.31,0.85,0.85,"N",-2,-33.3,0,0,0,0,0,0,0,0,0,0,0,0
"54055","5","448190","78","0","2008","A","","Mercer County, West Virginia","Private","Other clothing stores","County, NAICS 6-digit -- by ownership sector","All establishment sizes",4,7,81374,50743,797,216,11224,"",1.76,0.37,0.33,0.43,0.31,0.85,0.85,"N",-2,-33.3,0,0,0,0,0,0,0,0,0,0,0,0
"54055","5","4482","76","0","2008","A","","Mercer County, West Virginia","Private","Shoe stores","County, NAICS 4-digit -- by ownership sector","All establishment sizes",7,29,452197,226841,4385,301,15638,"",1.81,0.96,1.20,1.23,1.20,1.26,1.26,"",0,0.0,-2,-6.5,-580,-0.1,-4538,-2.0,-169,-3.7,22,7.9,1149,7.9
"54055","5","44821","77","0","2008","A","","Mercer County, West Virginia","Private","Shoe stores","County, NAICS 5-digit -- by ownership sector","All establishment sizes",7,29,452197,226841,4385,301,15638,"",1.81,0.96,1.20,1.23,1.20,1.26,1.26,"",0,0.0,-2,-6.5,-580,-0.1,-4538,-2.0,-169,-3.7,22,7.9,1149,7.9
"54055","5","448210","78","0","2008","A","","Mercer County, West Virginia","Private","Shoe stores","County, NAICS 6-digit -- by ownership sector","All establishment sizes",7,29,452197,226841,4385,301,15638,"",1.81,0.96,1.20,1.23,1.20,1.26,1.26,"",0,0.0,-2,-6.5,-580,-0.1,-4538,-2.0,-169,-3.7,22,7.9,1149,7.9
"54055","5","4483","76","0","2008","A","","Mercer County, West Virginia","Private","Jewelry, luggage, and leather goods stores","County, NAICS 4-digit -- by ownership sector","All establishment sizes",6,28,446344,206239,5226,308,16036,"",1.36,1.11,0.87,1.08,1.33,0.79,0.79,"",-1,-14.3,-12,-30.0,-245955,-35.5,-109529,-34.7,-4021,-43.5,-21,-6.4,-1093,-6.4
"54055","5","44831","77","0","2008","A","","Mercer County, West Virginia","Private","Jewelry stores","County, NAICS 5-digit -- by ownership sector","All establishment sizes",6,28,446344,206239,5226,308,16036,"",1.44,1.23,0.97,1.20,1.49,0.79,0.79,"",-1,-14.3,-12,-30.0,-245955,-35.5,-109529,-34.7,-4021,-43.5,-21,-6.4,-1093,-6.4
"54055","5","448310","78","0","2008","A","","Mercer County, West Virginia","Private","Jewelry stores","County, NAICS 6-digit -- by ownership sector","All establishment sizes",6,28,446344,206239,5226,308,16036,"",1.44,1.23,0.97,1.20,1.49,0.79,0.79,"",-1,-14.3,-12,-30.0,-245955,-35.5,-109529,-34.7,-4021,-43.5,-21,-6.4,-1093,-6.4
"54055","5","451","75","0","2008","A","","Mercer County, West Virginia","Private","Sporting goods, hobby, book and music stores","County, NAICS 3-digit -- by ownership sector","All establishment sizes",18,86,1125161,632546,12065,251,13071,"",1.83,0.83,0.89,0.97,1.03,1.07,1.07,"",1,5.9,-6,-6.5,-93430,-7.7,-66301,-9.5,-714,-5.6,-3,-1.2,-115,-0.9
"54055","5","4511","76","0","2008","A","","Mercer County, West Virginia","Private","Sporting goods and musical instrument stores","County, NAICS 4-digit -- by ownership sector","All establishment sizes",10,50,613366,338826,6619,237,12350,"",1.37,0.66,0.66,0.70,0.75,1.00,1.01,"",1,11.1,-7,-12.3,-79370,-11.5,-58219,-14.7,-438,-6.2,2,0.9,107,0.9
"54055","5","45111","77","0","2008","A","","Mercer County, West Virginia","Private","Sporting goods stores","County, NAICS 5-digit -- by ownership sector","All establishment sizes",7,30,418582,237400,4288,265,13799,"",1.79,0.74,0.79,0.87,0.87,1.05,1.05,"N",1,16.7,0,0,0,0,0,0,0,0,0,0,0,0
"54055","5","451110","78","0","2008","A","","Mercer County, West Virginia","Private","Sporting goods stores","County, NAICS 6-digit -- by ownership sector","All establishment sizes",7,30,418582,237400,4288,265,13799,"",1.79,0.74,0.79,0.87,0.87,1.05,1.05,"N",1,16.7,0,0,0,0,0,0,0,0,0,0,0,0
"54055","5","45112","77","0","2008","A","N","Mercer County, West Virginia","Private","Hobby, toy, and game stores","County, NAICS 5-digit -- by ownership sector","All establishment sizes",2,0,0,0,0,0,0,"N",1.13,0,0,0,0,0,0,"N",-1,-33.3,0,0,0,0,0,0,0,0,0,0,0,0
"54055","5","451120","78","0","2008","A","N","Mercer County, West Virginia","Private","Hobby, toy, and game stores","County, NAICS 6-digit -- by ownership sector","All establishment sizes",2,0,0,0,0,0,0,"N",1.13,0,0,0,0,0,0,"N",-1,-33.3,0,0,0,0,0,0,0,0,0,0,0,0
"54055","5","45113","77","0","2008","A","N","Mercer County, West Virginia","Private","Sewing, needlework, and piece goods stores","County, NAICS 5-digit -- by ownership sector","All establishment sizes",1,0,0,0,0,0,0,"N",1.12,0,0,0,0,0,0,"N",1,100.0,0,0,0,0,0,0,0,0,0,0,0,0
"54055","5","451130","78","0","2008","A","N","Mercer County, West Virginia","Private","Sewing, needlework, and piece goods stores","County, NAICS 6-digit -- by ownership sector","All establishment sizes",1,0,0,0,0,0,0,"N",1.12,0,0,0,0,0,0,"N",1,100.0,0,0,0,0,0,0,0,0,0,0,0,0
"54055","5","4512","76","0","2008","A","","Mercer County, West Virginia","Private","Book, periodical, and music stores","County, NAICS 4-digit -- by ownership sector","All establishment sizes",8,36,511795,293720,5446,270,14054,"",3.12,1.30,1.56,1.75,1.92,1.19,1.19,"",0,0.0,0,0.0,-14060,-2.7,-8082,-2.7,-276,-4.8,-12,-4.3,-621,-4.2
"54055","5","45121","77","0","2008","A","","Mercer County, West Virginia","Private","Book stores and news dealers","County, NAICS 5-digit -- by ownership sector","All establishment sizes",4,15,177814,110514,1820,223,11597,"",2.13,0.65,0.68,0.81,0.82,1.01,1.02,"",0,0.0,0,0.0,-19346,-9.8,-5765,-5.0,-69,-3.7,-26,-10.4,-1332,-10.3
"54055","5","451211","78","0","2008","A","","Mercer County, West Virginia","Private","Book stores","County, NAICS 6-digit -- by ownership sector","All establishment sizes",4,15,177814,110514,1820,223,11597,"",2.43,0.70,0.75,0.88,0.91,1.05,1.05,"",0,0.0,0,0.0,-19346,-9.8,-5765,-5.0,-69,-3.7,-26,-10.4,-1332,-10.3
"54055","5","45122","77","0","2008","A","","Mercer County, West Virginia","Private","Precorded tape, cd, and record stores","County, NAICS 5-digit -- by ownership sector","All establishment sizes",4,21,333981,183206,3626,305,15841,"",5.82,4.49,5.11,5.87,5.97,1.13,1.13,"",0,0.0,0,0.0,5286,1.6,-2317,-1.2,-207,-5.4,-2,-0.7,-128,-0.8
"54055","5","451220","78","0","2008","A","","Mercer County, West Virginia","Private","Precorded tape, cd, and record stores","County, NAICS 6-digit -- by ownership sector","All establishment sizes",4,21,333981,183206,3626,305,15841,"",5.82,4.49,5.11,5.87,5.97,1.13,1.13,"",0,0.0,0,0.0,5286,1.6,-2317,-1.2,-207,-5.4,-2,-0.7,-128,-0.8
"54055","5","452","75","0","2008","A","","Mercer County, West Virginia","Private","General merchandise stores","County, NAICS 3-digit -- by ownership sector","All establishment sizes",21,766,14300045,6389985,106045,359,18668,"",2.47,1.57,2.14,1.89,1.97,1.37,1.37,"",0,0.0,-30,-3.8,411341,3.0,54051,0.9,258,0.2,23,6.8,1211,6.9
"54055","5","4521","76","0","2008","A","","Mercer County, West Virginia","Private","Department stores","County, NAICS 4-digit -- by ownership sector","All establishment sizes",5,321,4840312,2337006,35056,290,15087,"",2.31,1.28,1.49,1.38,1.16,1.16,1.16,"",0,0.0,-26,-7.5,-200402,-4.0,-146385,-5.9,-2192,-5.9,11,3.9,557,3.8
"54055","5","45211","77","0","2008","A","","Mercer County, West Virginia","Private","Department stores","County, NAICS 5-digit -- by ownership sector","All establishment sizes",5,321,4840312,2337006,35056,290,15087,"",2.31,1.28,1.49,1.38,1.16,1.16,1.16,"",0,0.0,-26,-7.5,-200402,-4.0,-146385,-5.9,-2192,-5.9,11,3.9,557,3.8
"54055","5","452111","78","0","2008","A","N","Mercer County, West Virginia","Private","Department stores, except discount","County, NAICS 6-digit -- by ownership sector","All establishment sizes",3,0,0,0,0,0,0,"N",3.64,0,0,0,0,0,0,"N",0,0.0,0,0,0,0,0,0,0,0,0,0,0,0
"54055","5","452112","78","0","2008","A","N","Mercer County, West Virginia","Private","Discount department stores","County, NAICS 6-digit -- by ownership sector","All establishment sizes",2,0,0,0,0,0,0,"N",1.50,0,0,0,0,0,0,"N",0,0.0,0,0,0,0,0,0,0,0,0,0,0,0
"54055","5","4529","76","0","2008","A","","Mercer County, West Virginia","Private","Other general merchandise stores","County, NAICS 4-digit -- by ownership sector","All establishment sizes",16,445,9459733,4052979,70989,409,21250,"",2.52,1.87,2.77,2.41,3.02,1.48,1.48,"",0,0.0,-4,-0.9,611743,6.9,200436,5.2,2450,3.6,30,7.9,1529,7.8
"54055","5","45291","77","0","2008","A","N","Mercer County, West Virginia","Private","Warehouse clubs and supercenters","County, NAICS 5-digit -- by ownership sector","All establishment sizes",1,0,0,0,0,0,0,"N",1.32,0,0,0,0,0,0,"N",0,0.0,0,0,0,0,0,0,0,0,0,0,0,0
"54055","5","452910","78","0","2008","A","N","Mercer County, West Virginia","Private","Warehouse clubs and supercenters","County, NAICS 6-digit -- by ownership sector","All establishment sizes",1,0,0,0,0,0,0,"N",1.32,0,0,0,0,0,0,"N",0,0.0,0,0,0,0,0,0,0,0,0,0,0,0
"54055","5","45299","77","0","2008","A","N","Mercer County, West Virginia","Private","All other general merchandise stores","County, NAICS 5-digit -- by ownership sector","All establishment sizes",15,0,0,0,0,0,0,"N",2.68,0,0,0,0,0,0,"N",0,0.0,0,0,0,0,0,0,0,0,0,0,0,0
"54055","5","452990","78","0","2008","A","N","Mercer County, West Virginia","Private","All other general merchandise stores","County, NAICS 6-digit -- by ownership sector","All establishment sizes",15,0,0,0,0,0,0,"N",2.68,0,0,0,0,0,0,"N",0,0.0,0,0,0,0,0,0,0,0,0,0,0,0
"54055","5","453","75","0","2008","A","N","Mercer County, West Virginia","Private","Miscellaneous store retailers","County, NAICS 3-digit -- by ownership sector","All establishment sizes",24,0,0,0,0,0,0,"N",1.19,0,0,0,0,0,0,"N",-3,-11.1,0,0,0,0,0,0,0,0,0,0,0,0
"54055","5","4531","76","0","2008","A","","Mercer County, West Virginia","Private","Florists","County, NAICS 4-digit -- by ownership sector","All establishment sizes",5,21,326195,147738,2216,305,15848,"",1.62,1.54,2.13,1.70,1.50,1.41,1.41,"",-1,-16.7,-3,-12.5,-12127,-3.6,-28659,-16.2,-487,-18.0,38,14.2,1944,14.0
"54055","5","45311","77","0","2008","A","","Mercer County, West Virginia","Private","Florists","County, NAICS 5-digit -- by ownership sector","All establishment sizes",5,21,326195,147738,2216,305,15848,"",1.62,1.54,2.13,1.70,1.50,1.41,1.41,"",-1,-16.7,-3,-12.5,-12127,-3.6,-28659,-16.2,-487,-18.0,38,14.2,1944,14.0
"54055","5","453110","78","0","2008","A","","Mercer County, West Virginia","Private","Florists","County, NAICS 6-digit -- by ownership sector","All establishment sizes",5,21,326195,147738,2216,305,15848,"",1.62,1.54,2.13,1.70,1.50,1.41,1.41,"",-1,-16.7,-3,-12.5,-12127,-3.6,-28659,-16.2,-487,-18.0,38,14.2,1944,14.0
"54055","5","4532","76","0","2008","A","","Mercer County, West Virginia","Private","Office supplies, stationery, and gift stores","County, NAICS 4-digit -- by ownership sector","All establishment sizes",9,41,433863,293958,7524,204,10582,"",1.34,0.73,0.51,0.79,0.99,0.70,0.70,"",-1,-10.0,-2,-4.7,6231,1.5,9999,3.5,-588,-7.2,13,6.8,656,6.6
"54055","5","45321","77","0","2008","A","N","Mercer County, West Virginia","Private","Office supplies and stationery stores","County, NAICS 5-digit -- by ownership sector","All establishment sizes",1,0,0,0,0,0,0,"N",0.51,0,0,0,0,0,0,"N",0,0.0,0,0,0,0,0,0,0,0,0,0,0,0
"54055","5","453210","78","0","2008","A","N","Mercer County, West Virginia","Private","Office supplies and stationery stores","County, NAICS 6-digit -- by ownership sector","All establishment sizes",1,0,0,0,0,0,0,"N",0.51,0,0,0,0,0,0,"N",0,0.0,0,0,0,0,0,0,0,0,0,0,0,0
"54055","5","45322","77","0","2008","A","N","Mercer County, West Virginia","Private","Gift, novelty, and souvenir stores","County, NAICS 5-digit -- by ownership sector","All establishment sizes",8,0,0,0,0,0,0,"N",1.67,0,0,0,0,0,0,"N",-1,-11.1,0,0,0,0,0,0,0,0,0,0,0,0
"54055","5","453220","78","0","2008","A","N","Mercer County, West Virginia","Private","Gift, novelty, and souvenir stores","County, NAICS 6-digit -- by ownership sector","All establishment sizes",8,0,0,0,0,0,0,"N",1.67,0,0,0,0,0,0,"N",-1,-11.1,0,0,0,0,0,0,0,0,0,0,0,0
"54055","5","4533","76","0","2008","A","N","Mercer County, West Virginia","Private","Used merchandise stores","County, NAICS 4-digit -- by ownership sector","All establishment sizes",5,0,0,0,0,0,0,"N",1.88,0,0,0,0,0,0,"N",-1,-16.7,0,0,0,0,0,0,0,0,0,0,0,0
"54055","5","45331","77","0","2008","A","N","Mercer County, West Virginia","Private","Used merchandise stores","County, NAICS 5-digit -- by ownership sector","All establishment sizes",5,0,0,0,0,0,0,"N",1.88,0,0,0,0,0,0,"N",-1,-16.7,0,0,0,0,0,0,0,0,0,0,0,0
"54055","5","453310","78","0","2008","A","N","Mercer County, West Virginia","Private","Used merchandise stores","County, NAICS 6-digit -- by ownership sector","All establishment sizes",5,0,0,0,0,0,0,"N",1.88,0,0,0,0,0,0,"N",-1,-16.7,0,0,0,0,0,0,0,0,0,0,0,0
"54055","5","4539","76","0","2008","A","","Mercer County, West Virginia","Private","Other miscellaneous store retailers","County, NAICS 4-digit -- by ownership sector","All establishment sizes",5,12,176241,92047,2273,288,14999,"",0.64,0.26,0.22,0.27,0.30,0.86,0.87,"",0,0.0,-3,-20.0,-954,-0.5,-13706,-13.0,-895,-28.3,63,28.0,3316,28.4
"54055","5","45391","77","0","2008","A","N","Mercer County, West Virginia","Private","Pet and pet supplies stores","County, NAICS 5-digit -- by ownership sector","All establishment sizes",1,0,0,0,0,0,0,"N",0.69,0,0,0,0,0,0,"N",0,0.0,0,0,0,0,0,0,0,0,0,0,0,0
"54055","5","453910","78","0","2008","A","N","Mercer County, West Virginia","Private","Pet and pet supplies stores","County, NAICS 6-digit -- by ownership sector","All establishment sizes",1,0,0,0,0,0,0,"N",0.69,0,0,0,0,0,0,"N",0,0.0,0,0,0,0,0,0,0,0,0,0,0,0
"54055","5","45399","77","0","2008","A","N","Mercer County, West Virginia","Private","All other miscellaneous store retailers","County, NAICS 5-digit -- by ownership sector","All establishment sizes",4,0,0,0,0,0,0,"N",0.86,0,0,0,0,0,0,"N",0,0.0,0,0,0,0,0,0,0,0,0,0,0,0
"54055","5","453991","78","0","2008","A","N","Mercer County, West Virginia","Private","Tobacco stores","County, NAICS 6-digit -- by ownership sector","All establishment sizes",1,0,0,0,0,0,0,"N",1.12,0,0,0,0,0,0,"N",0,0.0,0,0,0,0,0,0,0,0,0,0,0,0
"54055","5","453998","78","0","2008","A","","Mercer County, West Virginia","Private","Store retailers not specified elsewhere","County, NAICS 6-digit -- by ownership sector","All establishment sizes",3,7,87867,51390,1268,257,13347,"",0.80,0.35,0.23,0.34,0.35,0.71,0.71,"",0,0.0,-2,-22.2,-7580,-7.9,-10256,-16.6,-432,-25.4,43,20.1,2227,20.0
"54055","5","454","75","0","2008","A","N","Mercer County, West Virginia","Private","Nonstore retailers","County, NAICS 3-digit -- by ownership sector","All establishment sizes",3,0,0,0,0,0,0,"N",0.49,0,0,0,0,0,0,"N",0,0.0,0,0,0,0,0,0,0,0,0,0,0,0
"54055","5","4541","76","0","2008","A","N","Mercer County, West Virginia","Private","Electronic shopping and mail-order houses","County, NAICS 4-digit -- by ownership sector","All establishment sizes",1,0,0,0,0,0,0,"N",0.41,0,0,0,0,0,0,"N",0,0.0,0,0,0,0,0,0,0,0,0,0,0,0
"54055","5","45411","77","0","2008","A","N","Mercer County, West Virginia","Private","Electronic shopping and mail-order houses","County, NAICS 5-digit -- by ownership sector","All establishment sizes",1,0,0,0,0,0,0,"N",0.41,0,0,0,0,0,0,"N",0,0.0,0,0,0,0,0,0,0,0,0,0,0,0
"54055","5","454113","78","0","2008","A","N","Mercer County, West Virginia","Private","Mail-order houses","County, NAICS 6-digit -- by ownership sector","All establishment sizes",1,0,0,0,0,0,0,"N",1.26,0,0,0,0,0,0,"N",0,0.0,0,0,0,0,0,0,0,0,0,0,0,0
"54055","5","4543","76","0","2008","A","N","Mercer County, West Virginia","Private","Direct selling establishments","County, NAICS 4-digit -- by ownership sector","All establishment sizes",2,0,0,0,0,0,0,"N",0.70,0,0,0,0,0,0,"N",0,0.0,0,0,0,0,0,0,0,0,0,0,0,0
"54055","5","45431","77","0","2008","A","N","Mercer County, West Virginia","Private","Fuel dealers","County, NAICS 5-digit -- by ownership sector","All establishment sizes",2,0,0,0,0,0,0,"N",1.30,0,0,0,0,0,0,"N",0,0.0,0,0,0,0,0,0,0,0,0,0,0,0
"54055","5","454312","78","0","2008","A","N","Mercer County, West Virginia","Private","Liquefied petroleum gas, bottled gas, dealers","County, NAICS 6-digit -- by ownership sector","All establishment sizes",2,0,0,0,0,0,0,"N",2.49,0,0,0,0,0,0,"N",0,0.0,0,0,0,0,0,0,0,0,0,0,0,0
"54055","5","48-49","74","0","2008","A","","Mercer County, West Virginia","Private","Transportation and warehousing","County, NAICS Sector -- by ownership sector","All establishment sizes",39,324,10967685,3604913,129990,650,33816,"",1.06,0.47,0.56,0.59,0.91,1.19,1.19,"",0,0.0,30,10.2,1755047,19.1,675555,23.1,38911,42.7,48,8.0,2525,8.1
"54055","5","481","75","0","2008","A","N","Mercer County, West Virginia","Private","Air transportation","County, NAICS 3-digit -- by ownership sector","All establishment sizes",1,0,0,0,0,0,0,"N",0.95,0,0,0,0,0,0,"N",0,0.0,0,0,0,0,0,0,0,0,0,0,0,0
"54055","5","4811","76","0","2008","A","N","Mercer County, West Virginia","Private","Scheduled air transportation","County, NAICS 4-digit -- by ownership sector","All establishment sizes",1,0,0,0,0,0,0,"N",2.00,0,0,0,0,0,0,"N",0,0.0,0,0,0,0,0,0,0,0,0,0,0,0
"54055","5","48111","77","0","2008","A","N","Mercer County, West Virginia","Private","Scheduled air transportation","County, NAICS 5-digit -- by ownership sector","All establishment sizes",1,0,0,0,0,0,0,"N",2.00,0,0,0,0,0,0,"N",0,0.0,0,0,0,0,0,0,0,0,0,0,0,0
"54055","5","481111","78","0","2008","A","N","Mercer County, West Virginia","Private","Scheduled passenger air transportation","County, NAICS 6-digit -- by ownership sector","All establishment sizes",1,0,0,0,0,0,0,"N",2.63,0,0,0,0,0,0,"N",0,0.0,0,0,0,0,0,0,0,0,0,0,0,0
"54055","5","484","75","0","2008","A","","Mercer County, West Virginia","Private","Truck transportation","County, NAICS 3-digit -- by ownership sector","All establishment sizes",28,197,7494439,2622144,103081,733,38140,"",1.44,0.88,1.21,1.23,2.22,1.37,1.37,"",0,0.0,20,11.3,1658540,28.4,676705,34.8,40268,64.1,99,15.6,5153,15.6
"54055","5","4841","76","0","2008","A","","Mercer County, West Virginia","Private","General freight trucking","County, NAICS 4-digit -- by ownership sector","All establishment sizes",12,47,1864382,459554,11482,757,39388,"",1.03,0.30,0.42,0.31,0.38,1.38,1.39,"",0,0.0,-3,-6.0,103980,5.9,-39966,-8.0,-1417,-11.0,79,11.7,4121,11.7
"54055","5","48411","77","0","2008","A","N","Mercer County, West Virginia","Private","General freight trucking, local","County, NAICS 5-digit -- by ownership sector","All establishment sizes",3,0,0,0,0,0,0,"N",0.62,0,0,0,0,0,0,"N",0,0.0,0,0,0,0,0,0,0,0,0,0,0,0
"54055","5","484110","78","0","2008","A","N","Mercer County, West Virginia","Private","General freight trucking, local","County, NAICS 6-digit -- by ownership sector","All establishment sizes",3,0,0,0,0,0,0,"N",0.62,0,0,0,0,0,0,"N",0,0.0,0,0,0,0,0,0,0,0,0,0,0,0
"54055","5","48412","77","0","2008","A","N","Mercer County, West Virginia","Private","General freight trucking, long-distance","County, NAICS 5-digit -- by ownership sector","All establishment sizes",9,0,0,0,0,0,0,"N",1.33,0,0,0,0,0,0,"N",0,0.0,0,0,0,0,0,0,0,0,0,0,0,0
"54055","5","484121","78","0","2008","A","","Mercer County, West Virginia","Private","General freight trucking, long-distance tl","County, NAICS 6-digit -- by ownership sector","All establishment sizes",8,18,602943,133859,4398,650,33810,"",1.44,0.21,0.26,0.16,0.30,1.24,1.24,"",0,0.0,1,5.9,97676,19.3,-3466,-2.5,-123,-2.7,89,15.9,4660,16.0
"54055","5","484122","78","0","2008","A","N","Mercer County, West Virginia","Private","General freight trucking, long-distance ltl","County, NAICS 6-digit -- by ownership sector","All establishment sizes",1,0,0,0,0,0,0,"N",0.84,0,0,0,0,0,0,"N",0,0.0,0,0,0,0,0,0,0,0,0,0,0,0
"54055","5","4842","76","0","2008","A","","Mercer County, West Virginia","Private","Specialized freight trucking","County, NAICS 4-digit -- by ownership sector","All establishment sizes",16,149,5630057,2162590,91599,726,37743,"",2.03,2.23,3.22,3.43,5.67,1.44,1.44,"",0,0.0,22,17.3,1554560,38.1,716671,49.6,41685,83.5,109,17.7,5652,17.6
"54055","5","48421","77","0","2008","A","N","Mercer County, West Virginia","Private","Used household and office goods moving","County, NAICS 5-digit -- by ownership sector","All establishment sizes",1,0,0,0,0,0,0,"N",0.79,0,0,0,0,0,0,"N",0,0.0,0,0,0,0,0,0,0,0,0,0,0,0
"54055","5","484210","78","0","2008","A","N","Mercer County, West Virginia","Private","Used household and office goods moving","County, NAICS 6-digit -- by ownership sector","All establishment sizes",1,0,0,0,0,0,0,"N",0.79,0,0,0,0,0,0,"N",0,0.0,0,0,0,0,0,0,0,0,0,0,0,0
"54055","5","48422","77","0","2008","A","","Mercer County, West Virginia","Private","Other specialized trucking, local","County, NAICS 5-digit -- by ownership sector","All establishment sizes",15,143,5557004,2101962,90690,749,38974,"",2.97,4.36,6.42,6.68,10.03,1.47,1.48,"N",0,0.0,0,0,0,0,0,0,0,0,0,0,0,0
"54055","5","484220","78","0","2008","A","","Mercer County, West Virginia","Private","Other specialized trucking, local","County, NAICS 6-digit -- by ownership sector","All establishment sizes",15,143,5557004,2101962,90690,749,38974,"",2.97,4.36,6.42,6.68,10.03,1.47,1.48,"N",0,0.0,0,0,0,0,0,0,0,0,0,0,0,0
"54055","5","48423","77","0","2008","A","N","Mercer County, West Virginia","Private","Other specialized trucking, long-distance","County, NAICS 5-digit -- by ownership sector","All establishment sizes",0,0,0,0,0,0,0,"N",0.00,0,0,0,0,0,0,"N",0,0,0,0,0,0,0,0,0,0,0,0,0,0
"54055","5","484230","78","0","2008","A","N","Mercer County, West Virginia","Private","Other specialized trucking, long-distance","County, NAICS 6-digit -- by ownership sector","All establishment sizes",0,0,0,0,0,0,0,"N",0.00,0,0,0,0,0,0,"N",0,0,0,0,0,0,0,0,0,0,0,0,0,0
"54055","5","485","75","0","2008","A","N","Mercer County, West Virginia","Private","Transit and ground passenger transportation","County, NAICS 3-digit -- by ownership sector","All establishment sizes",1,0,0,0,0,0,0,"N",0.33,0,0,0,0,0,0,"N",0,0.0,0,0,0,0,0,0,0,0,0,0,0,0
"54055","5","4859","76","0","2008","A","N","Mercer County, West Virginia","Private","Other ground passenger transportation","County, NAICS 4-digit -- by ownership sector","All establishment sizes",1,0,0,0,0,0,0,"N",1.72,0,0,0,0,0,0,"N",0,0.0,0,0,0,0,0,0,0,0,0,0,0,0
"54055","5","48599","77","0","2008","A","N","Mercer County, West Virginia","Private","Other ground passenger transportation","County, NAICS 5-digit -- by ownership sector","All establishment sizes",1,0,0,0,0,0,0,"N",1.72,0,0,0,0,0,0,"N",0,0.0,0,0,0,0,0,0,0,0,0,0,0,0
"54055","5","485999","78","0","2008","A","N","Mercer County, West Virginia","Private","All other ground passenger transportation","County, NAICS 6-digit -- by ownership sector","All establishment sizes",1,0,0,0,0,0,0,"N",4.45,0,0,0,0,0,0,"N",0,0.0,0,0,0,0,0,0,0,0,0,0,0,0
"54055","5","486","75","0","2008","A","N","Mercer County, West Virginia","Private","Pipeline transportation","County, NAICS 3-digit -- by ownership sector","All establishment sizes",1,0,0,0,0,0,0,"N",2.40,0,0,0,0,0,0,"N",0,0.0,0,0,0,0,0,0,0,0,0,0,0,0
"54055","5","4862","76","0","2008","A","N","Mercer County, West Virginia","Private","Pipeline transportation of natural gas","County, NAICS 4-digit -- by ownership sector","All establishment sizes",1,0,0,0,0,0,0,"N",3.83,0,0,0,0,0,0,"N",0,0.0,0,0,0,0,0,0,0,0,0,0,0,0
"54055","5","48621","77","0","2008","A","N","Mercer County, West Virginia","Private","Pipeline transportation of natural gas","County, NAICS 5-digit -- by ownership sector","All establishment sizes",1,0,0,0,0,0,0,"N",3.83,0,0,0,0,0,0,"N",0,0.0,0,0,0,0,0,0,0,0,0,0,0,0
"54055","5","486210","78","0","2008","A","N","Mercer County, West Virginia","Private","Pipeline transportation of natural gas","County, NAICS 6-digit -- by ownership sector","All establishment sizes",1,0,0,0,0,0,0,"N",3.83,0,0,0,0,0,0,"N",0,0.0,0,0,0,0,0,0,0,0,0,0,0,0
"54055","5","488","75","0","2008","A","","Mercer County, West Virginia","Private","Support activities for transportation","County, NAICS 3-digit -- by ownership sector","All establishment sizes",4,26,672167,223045,5677,494,25688,"",0.59,0.27,0.23,0.27,0.30,0.82,0.82,"",-1,-20.0,2,8.3,164680,32.5,10290,4.8,-633,-10.0,80,19.3,4169,19.4
"54055","5","4882","76","0","2008","A","N","Mercer County, West Virginia","Private","Support activities for rail transportation","County, NAICS 4-digit -- by ownership sector","All establishment sizes",1,0,0,0,0,0,0,"N",4.70,0,0,0,0,0,0,"N",0,0.0,0,0,0,0,0,0,0,0,0,0,0,0
"54055","5","48821","77","0","2008","A","N","Mercer County, West Virginia","Private","Support activities for rail transportation","County, NAICS 5-digit -- by ownership sector","All establishment sizes",1,0,0,0,0,0,0,"N",4.70,0,0,0,0,0,0,"N",0,0.0,0,0,0,0,0,0,0,0,0,0,0,0
"54055","5","488210","78","0","2008","A","N","Mercer County, West Virginia","Private","Support activities for rail transportation","County, NAICS 6-digit -- by ownership sector","All establishment sizes",1,0,0,0,0,0,0,"N",4.70,0,0,0,0,0,0,"N",0,0.0,0,0,0,0,0,0,0,0,0,0,0,0
"54055","5","4884","76","0","2008","A","N","Mercer County, West Virginia","Private","Support activities for road transportation","County, NAICS 4-digit -- by ownership sector","All establishment sizes",3,0,0,0,0,0,0,"N",1.68,0,0,0,0,0,0,"N",-1,-25.0,0,0,0,0,0,0,0,0,0,0,0,0
"54055","5","48841","77","0","2008","A","N","Mercer County, West Virginia","Private","Motor vehicle towing","County, NAICS 5-digit -- by ownership sector","All establishment sizes",3,0,0,0,0,0,0,"N",2.17,0,0,0,0,0,0,"N",-1,-25.0,0,0,0,0,0,0,0,0,0,0,0,0
"54055","5","488410","78","0","2008","A","N","Mercer County, West Virginia","Private","Motor vehicle towing","County, NAICS 6-digit -- by ownership sector","All establishment sizes",3,0,0,0,0,0,0,"N",2.17,0,0,0,0,0,0,"N",-1,-25.0,0,0,0,0,0,0,0,0,0,0,0,0
"54055","5","491","75","0","2008","A","N","Mercer County, West Virginia","Private","Postal service","County, NAICS 3-digit -- by ownership sector","All establishment sizes",1,0,0,0,0,0,0,"N",7.03,0,0,0,0,0,0,"N",0,0.0,0,0,0,0,0,0,0,0,0,0,0,0
"54055","5","4911","76","0","2008","A","N","Mercer County, West Virginia","Private","Postal service","County, NAICS 4-digit -- by ownership sector","All establishment sizes",1,0,0,0,0,0,0,"N",7.03,0,0,0,0,0,0,"N",0,0.0,0,0,0,0,0,0,0,0,0,0,0,0
"54055","5","49111","77","0","2008","A","N","Mercer County, West Virginia","Private","Postal service","County, NAICS 5-digit -- by ownership sector","All establishment sizes",1,0,0,0,0,0,0,"N",7.03,0,0,0,0,0,0,"N",0,0.0,0,0,0,0,0,0,0,0,0,0,0,0
"54055","5","491110","78","0","2008","A","N","Mercer County, West Virginia","Private","Postal service","County, NAICS 6-digit -- by ownership sector","All establishment sizes",1,0,0,0,0,0,0,"N",7.03,0,0,0,0,0,0,"N",0,0.0,0,0,0,0,0,0,0,0,0,0,0,0
"54055","5","492","75","0","2008","A","N","Mercer County, West Virginia","Private","Couriers and messengers","County, NAICS 3-digit -- by ownership sector","All establishment sizes",3,0,0,0,0,0,0,"N",1.11,0,0,0,0,0,0,"N",0,0.0,0,0,0,0,0,0,0,0,0,0,0,0
"54055","5","4921","76","0","2008","A","N","Mercer County, West Virginia","Private","Couriers and express delivery services","County, NAICS 4-digit -- by ownership sector","All establishment sizes",2,0,0,0,0,0,0,"N",1.26,0,0,0,0,0,0,"N",0,0.0,0,0,0,0,0,0,0,0,0,0,0,0
"54055","5","49211","77","0","2008","A","N","Mercer County, West Virginia","Private","Couriers and express delivery services","County, NAICS 5-digit -- by ownership sector","All establishment sizes",2,0,0,0,0,0,0,"N",1.26,0,0,0,0,0,0,"N",0,0.0,0,0,0,0,0,0,0,0,0,0,0,0
"54055","5","492110","78","0","2008","A","N","Mercer County, West Virginia","Private","Couriers and express delivery services","County, NAICS 6-digit -- by ownership sector","All establishment sizes",2,0,0,0,0,0,0,"N",1.26,0,0,0,0,0,0,"N",0,0.0,0,0,0,0,0,0,0,0,0,0,0,0
"54055","5","4922","76","0","2008","A","N","Mercer County, West Virginia","Private","Local messengers and local delivery","County, NAICS 4-digit -- by ownership sector","All establishment sizes",1,0,0,0,0,0,0,"N",0.90,0,0,0,0,0,0,"N",0,0.0,0,0,0,0,0,0,0,0,0,0,0,0
"54055","5","49221","77","0","2008","A","N","Mercer County, West Virginia","Private","Local messengers and local delivery","County, NAICS 5-digit -- by ownership sector","All establishment sizes",1,0,0,0,0,0,0,"N",0.90,0,0,0,0,0,0,"N",0,0.0,0,0,0,0,0,0,0,0,0,0,0,0
"54055","5","492210","78","0","2008","A","N","Mercer County, West Virginia","Private","Local messengers and local delivery","County, NAICS 6-digit -- by ownership sector","All establishment sizes",1,0,0,0,0,0,0,"N",0.90,0,0,0,0,0,0,"N",0,0.0,0,0,0,0,0,0,0,0,0,0,0,0
"54055","5","51","74","0","2008","A","","Mercer County, West Virginia","Private","Information","County, NAICS Sector -- by ownership sector","All establishment sizes",15,339,11728627,2850262,50586,665,34589,"",0.62,0.71,0.52,0.66,0.43,0.74,0.74,"",-2,-11.8,-15,-4.2,-279816,-2.3,-39314,-1.4,-3913,-7.2,12,1.8,635,1.9
"54055","5","511","75","0","2008","A","N","Mercer County, West Virginia","Private","Publishing industries, except internet","County, NAICS 3-digit -- by ownership sector","All establishment sizes",3,0,0,0,0,0,0,"N",0.50,0,0,0,0,0,0,"N",0,0.0,0,0,0,0,0,0,0,0,0,0,0,0
"54055","5","5111","76","0","2008","A","N","Mercer County, West Virginia","Private","Newspaper, book, and directory publishers","County, NAICS 4-digit -- by ownership sector","All establishment sizes",3,0,0,0,0,0,0,"N",0.70,0,0,0,0,0,0,"N",0,0.0,0,0,0,0,0,0,0,0,0,0,0,0
"54055","5","51111","77","0","2008","A","N","Mercer County, West Virginia","Private","Newspaper publishers","County, NAICS 5-digit -- by ownership sector","All establishment sizes",1,0,0,0,0,0,0,"N",0.66,0,0,0,0,0,0,"N",0,0.0,0,0,0,0,0,0,0,0,0,0,0,0
"54055","5","511110","78","0","2008","A","N","Mercer County, West Virginia","Private","Newspaper publishers","County, NAICS 6-digit -- by ownership sector","All establishment sizes",1,0,0,0,0,0,0,"N",0.66,0,0,0,0,0,0,"N",0,0.0,0,0,0,0,0,0,0,0,0,0,0,0
"54055","5","51114","77","0","2008","A","N","Mercer County, West Virginia","Private","Directory and mailing list publishers","County, NAICS 5-digit -- by ownership sector","All establishment sizes",1,0,0,0,0,0,0,"N",3.11,0,0,0,0,0,0,"N",0,0.0,0,0,0,0,0,0,0,0,0,0,0,0
"54055","5","511140","78","0","2008","A","N","Mercer County, West Virginia","Private","Directory and mailing list publishers","County, NAICS 6-digit -- by ownership sector","All establishment sizes",1,0,0,0,0,0,0,"N",3.11,0,0,0,0,0,0,"N",0,0.0,0,0,0,0,0,0,0,0,0,0,0,0
"54055","5","51119","77","0","2008","A","N","Mercer County, West Virginia","Private","Other publishers","County, NAICS 5-digit -- by ownership sector","All establishment sizes",1,0,0,0,0,0,0,"N",3.99,0,0,0,0,0,0,"N",0,0.0,0,0,0,0,0,0,0,0,0,0,0,0
"54055","5","511199","78","0","2008","A","N","Mercer County, West Virginia","Private","All other publishers","County, NAICS 6-digit -- by ownership sector","All establishment sizes",1,0,0,0,0,0,0,"N",4.40,0,0,0,0,0,0,"N",0,0.0,0,0,0,0,0,0,0,0,0,0,0,0
"54055","5","512","75","0","2008","A","N","Mercer County, West Virginia","Private","Motion picture and sound recording industries","County, NAICS 3-digit -- by ownership sector","All establishment sizes",2,0,0,0,0,0,0,"N",0.45,0,0,0,0,0,0,"N",0,0.0,0,0,0,0,0,0,0,0,0,0,0,0
"54055","5","5121","76","0","2008","A","N","Mercer County, West Virginia","Private","Motion picture and video industries","County, NAICS 4-digit -- by ownership sector","All establishment sizes",2,0,0,0,0,0,0,"N",0.52,0,0,0,0,0,0,"N",0,0.0,0,0,0,0,0,0,0,0,0,0,0,0
"54055","5","51213","77","0","2008","A","N","Mercer County, West Virginia","Private","Motion picture and video exhibition","County, NAICS 5-digit -- by ownership sector","All establishment sizes",2,0,0,0,0,0,0,"N",2.53,0,0,0,0,0,0,"N",0,0.0,0,0,0,0,0,0,0,0,0,0,0,0
"54055","5","512131","78","0","2008","A","N","Mercer County, West Virginia","Private","Motion picture theaters, except drive-ins","County, NAICS 6-digit -- by ownership sector","All establishment sizes",1,0,0,0,0,0,0,"N",1.34,0,0,0,0,0,0,"N",0,0.0,0,0,0,0,0,0,0,0,0,0,0,0
"54055","5","512132","78","0","2008","A","N","Mercer County, West Virginia","Private","Drive-in motion picture theaters","County, NAICS 6-digit -- by ownership sector","All establishment sizes",1,0,0,0,0,0,0,"N",22.60,0,0,0,0,0,0,"N",0,0.0,0,0,0,0,0,0,0,0,0,0,0,0
"54055","5","515","75","0","2008","A","","Mercer County, West Virginia","Private","Broadcasting, except internet","County, NAICS 3-digit -- by ownership sector","All establishment sizes",4,90,2684866,784072,14496,575,29915,"",2.42,1.77,1.20,1.98,1.44,0.68,0.68,"",0,0.0,1,1.1,177363,7.1,84859,12.1,1649,12.8,34,6.3,1767,6.3
"54055","5","5151","76","0","2008","A","","Mercer County, West Virginia","Private","Radio and television broadcasting","County, NAICS 4-digit -- by ownership sector","All establishment sizes",4,90,2684866,784072,14496,575,29915,"",2.85,2.40,1.69,2.70,2.04,0.70,0.70,"",0,0.0,1,1.1,177363,7.1,84859,12.1,1649,12.8,34,6.3,1767,6.3
"54055","5","51511","77","0","2008","A","N","Mercer County, West Virginia","Private","Radio broadcasting","County, NAICS 5-digit -- by ownership sector","All establishment sizes",3,0,0,0,0,0,0,"N",3.08,0,0,0,0,0,0,"N",0,0.0,0,0,0,0,0,0,0,0,0,0,0,0
"54055","5","515112","78","0","2008","A","N","Mercer County, West Virginia","Private","Radio stations","County, NAICS 6-digit -- by ownership sector","All establishment sizes",3,0,0,0,0,0,0,"N",4.09,0,0,0,0,0,0,"N",0,0.0,0,0,0,0,0,0,0,0,0,0,0,0
"54055","5","51512","77","0","2008","A","N","Mercer County, West Virginia","Private","Television broadcasting","County, NAICS 5-digit -- by ownership sector","All establishment sizes",1,0,0,0,0,0,0,"N",2.33,0,0,0,0,0,0,"N",0,0.0,0,0,0,0,0,0,0,0,0,0,0,0
"54055","5","515120","78","0","2008","A","N","Mercer County, West Virginia","Private","Television broadcasting","County, NAICS 6-digit -- by ownership sector","All establishment sizes",1,0,0,0,0,0,0,"N",2.33,0,0,0,0,0,0,"N",0,0.0,0,0,0,0,0,0,0,0,0,0,0,0
"54055","5","517","75","0","2008","A","","Mercer County, West Virginia","Private","Telecommunications","County, NAICS 3-digit -- by ownership sector","All establishment sizes",5,99,5238817,864764,16866,1015,52784,"",0.64,0.60,0.67,0.58,0.41,1.11,1.11,"",-2,-28.6,-13,-11.6,-581127,-10.0,-140815,-14.0,-5414,-24.3,17,1.7,897,1.7
"54055","5","5171","76","0","2008","A","N","Mercer County, West Virginia","Private","Wired telecommunications carriers","County, NAICS 4-digit -- by ownership sector","All establishment sizes",4,0,0,0,0,0,0,"N",0.89,0,0,0,0,0,0,"N",0,0.0,0,0,0,0,0,0,0,0,0,0,0,0
"54055","5","51711","77","0","2008","A","N","Mercer County, West Virginia","Private","Wired telecommunications carriers","County, NAICS 5-digit -- by ownership sector","All establishment sizes",4,0,0,0,0,0,0,"N",0.89,0,0,0,0,0,0,"N",0,0.0,0,0,0,0,0,0,0,0,0,0,0,0
"54055","5","517110","78","0","2008","A","N","Mercer County, West Virginia","Private","Wired telecommunications carriers","County, NAICS 6-digit -- by ownership sector","All establishment sizes",4,0,0,0,0,0,0,"N",0.89,0,0,0,0,0,0,"N",0,0.0,0,0,0,0,0,0,0,0,0,0,0,0
"54055","5","5179","76","0","2008","A","N","Mercer County, West Virginia","Private","Other telecommunications","County, NAICS 4-digit -- by ownership sector","All establishment sizes",1,0,0,0,0,0,0,"N",0.66,0,0,0,0,0,0,"N",-1,-50.0,0,0,0,0,0,0,0,0,0,0,0,0
"54055","5","51791","77","0","2008","A","N","Mercer County, West Virginia","Private","Other telecommunications","County, NAICS 5-digit -- by ownership sector","All establishment sizes",1,0,0,0,0,0,0,"N",0.66,0,0,0,0,0,0,"N",-1,-50.0,0,0,0,0,0,0,0,0,0,0,0,0
"54055","5","517911","78","0","2008","A","N","Mercer County, West Virginia","Private","Telecommunications resellers","County, NAICS 6-digit -- by ownership sector","All establishment sizes",1,0,0,0,0,0,0,"N",0.88,0,0,0,0,0,0,"N",0,0.0,0,0,0,0,0,0,0,0,0,0,0,0
"54055","5","518","75","0","2008","A","N","Mercer County, West Virginia","Private","Data processing, hosting and related services","County, NAICS 3-digit -- by ownership sector","All establishment sizes",1,0,0,0,0,0,0,"N",0.43,0,0,0,0,0,0,"N",0,0.0,0,0,0,0,0,0,0,0,0,0,0,0
"54055","5","5182","76","0","2008","A","N","Mercer County, West Virginia","Private","Data processing, hosting and related services","County, NAICS 4-digit -- by ownership sector","All establishment sizes",1,0,0,0,0,0,0,"N",0.43,0,0,0,0,0,0,"N",0,0.0,0,0,0,0,0,0,0,0,0,0,0,0
"54055","5","51821","77","0","2008","A","N","Mercer County, West Virginia","Private","Data processing and related services","County, NAICS 5-digit -- by ownership sector","All establishment sizes",1,0,0,0,0,0,0,"N",0.43,0,0,0,0,0,0,"N",0,0.0,0,0,0,0,0,0,0,0,0,0,0,0
"54055","5","518210","78","0","2008","A","N","Mercer County, West Virginia","Private","Data processing, hosting and related services","County, NAICS 6-digit -- by ownership sector","All establishment sizes",1,0,0,0,0,0,0,"N",0.43,0,0,0,0,0,0,"N",0,0.0,0,0,0,0,0,0,0,0,0,0,0,0
"54055","5","52","74","0","2008","A","","Mercer County, West Virginia","Private","Finance and insurance","County, NAICS Sector -- by ownership sector","All establishment sizes",71,537,20292946,4816844,83445,726,37760,"",0.87,0.57,0.38,0.57,0.45,0.67,0.67,"",0,0.0,1,0.2,505549,2.6,47070,1.0,365,0.4,16,2.3,855,2.3
"54055","5","522","75","0","2008","A","","Mercer County, West Virginia","Private","Credit intermediation and related activities","County, NAICS 3-digit -- by ownership sector","All establishment sizes",31,368,12742879,3319985,52746,666,34651,"",0.91,0.84,0.74,0.86,0.65,0.88,0.88,"",0,0.0,1,0.3,207197,1.7,34610,1.1,404,0.8,9,1.4,509,1.5
"54055","5","5221","76","0","2008","A","","Mercer County, West Virginia","Private","Depository credit intermediation","County, NAICS 4-digit -- by ownership sector","All establishment sizes",22,333,11416651,3012004,47196,660,34301,"",1.23,1.14,1.08,1.21,0.98,0.94,0.94,"",1,4.8,-4,-1.2,139739,1.2,-2811,-0.1,-266,-0.6,16,2.5,830,2.5
"54055","5","52211","77","0","2008","A","","Mercer County, West Virginia","Private","Commercial banking","County, NAICS 5-digit -- by ownership sector","All establishment sizes",19,323,11138497,2902784,45435,663,34467,"",1.47,1.49,1.34,1.56,1.27,0.90,0.90,"",1,5.6,-2,-0.6,174379,1.6,-18636,-0.6,-152,-0.3,14,2.2,731,2.2
"54055","5","522110","78","0","2008","A","","Mercer County, West Virginia","Private","Commercial banking","County, NAICS 6-digit -- by ownership sector","All establishment sizes",19,323,11138497,2902784,45435,663,34467,"",1.47,1.49,1.34,1.56,1.27,0.90,0.90,"",1,5.6,-2,-0.6,174379,1.6,-18636,-0.6,-152,-0.3,14,2.2,731,2.2
"54055","5","52213","77","0","2008","A","","Mercer County, West Virginia","Private","Credit unions","County, NAICS 5-digit -- by ownership sector","All establishment sizes",3,10,278154,109220,1761,553,28775,"",1.20,0.27,0.29,0.35,0.36,1.11,1.11,"",0,0.0,-2,-16.7,-34640,-11.1,15825,16.9,-114,-6.1,48,9.5,2527,9.6
"54055","5","522130","78","0","2008","A","","Mercer County, West Virginia","Private","Credit unions","County, NAICS 6-digit -- by ownership sector","All establishment sizes",3,10,278154,109220,1761,553,28775,"",1.20,0.27,0.29,0.35,0.36,1.11,1.11,"",0,0.0,-2,-16.7,-34640,-11.1,15825,16.9,-114,-6.1,48,9.5,2527,9.6
"54055","5","5222","76","0","2008","A","N","Mercer County, West Virginia","Private","Nondepository credit intermediation","County, NAICS 4-digit -- by ownership sector","All establishment sizes",9,0,0,0,0,0,0,"N",0.92,0,0,0,0,0,0,"N",0,0.0,0,0,0,0,0,0,0,0,0,0,0,0
"54055","5","52229","77","0","2008","A","N","Mercer County, West Virginia","Private","Other nondepository credit intermediation","County, NAICS 5-digit -- by ownership sector","All establishment sizes",9,0,0,0,0,0,0,"N",1.09,0,0,0,0,0,0,"N",0,0.0,0,0,0,0,0,0,0,0,0,0,0,0
"54055","5","522291","78","0","2008","A","","Mercer County, West Virginia","Private","Consumer lending","County, NAICS 6-digit -- by ownership sector","All establishment sizes",4,16,697183,146881,2397,829,43125,"",1.41,0.89,1.17,0.90,0.65,1.30,1.30,"",-1,-20.0,-2,-11.1,-98574,-12.4,-25990,-15.0,-629,-20.8,-21,-2.5,-1084,-2.5
"54055","5","522294","78","0","2008","A","N","Mercer County, West Virginia","Private","Secondary market financing","County, NAICS 6-digit -- by ownership sector","All establishment sizes",1,0,0,0,0,0,0,"N",15.01,0,0,0,0,0,0,"N",0,0.0,0,0,0,0,0,0,0,0,0,0,0,0
"54055","5","522298","78","0","2008","A","","Mercer County, West Virginia","Private","All other nondepository credit intermediation","County, NAICS 6-digit -- by ownership sector","All establishment sizes",4,17,573762,145100,2849,665,34599,"",3.03,1.80,1.53,1.81,1.97,0.87,0.87,"N",1,33.3,0,0,0,0,0,0,0,0,0,0,0,0
"54055","5","5223","76","0","2008","A","N","Mercer County, West Virginia","Private","Activities related to credit intermediation","County, NAICS 4-digit -- by ownership sector","All establishment sizes",1,0,0,0,0,0,0,"N",0.16,0,0,0,0,0,0,"N",0,0.0,0,0,0,0,0,0,0,0,0,0,0,0
"54055","5","52239","77","0","2008","A","N","Mercer County, West Virginia","Private","Other credit intermediation activities","County, NAICS 5-digit -- by ownership sector","All establishment sizes",1,0,0,0,0,0,0,"N",0.57,0,0,0,0,0,0,"N",1,100.0,0,0,0,0,0,0,0,0,0,0,0,0
"54055","5","522390","78","0","2008","A","N","Mercer County, West Virginia","Private","Other credit intermediation activities","County, NAICS 6-digit -- by ownership sector","All establishment sizes",1,0,0,0,0,0,0,"N",0.57,0,0,0,0,0,0,"N",1,100.0,0,0,0,0,0,0,0,0,0,0,0,0
"54055","5","523","75","0","2008","A","","Mercer County, West Virginia","Private","Securities, commodity contracts, investments","County, NAICS 3-digit -- by ownership sector","All establishment sizes",9,20,1541047,304140,5372,1488,77375,"",0.59,0.14,0.08,0.22,0.16,0.56,0.56,"",2,28.6,6,42.9,181672,13.4,58214,23.7,643,13.6,-357,-19.3,-18581,-19.4
"54055","5","5231","76","0","2008","A","N","Mercer County, West Virginia","Private","Securities and commodity contracts brokerage","County, NAICS 4-digit -- by ownership sector","All establishment sizes",8,0,0,0,0,0,0,"N",1.29,0,0,0,0,0,0,"N",2,33.3,0,0,0,0,0,0,0,0,0,0,0,0
"54055","5","52311","77","0","2008","A","N","Mercer County, West Virginia","Private","Investment banking and securities dealing","County, NAICS 5-digit -- by ownership sector","All establishment sizes",2,0,0,0,0,0,0,"N",1.05,0,0,0,0,0,0,"N",1,100.0,0,0,0,0,0,0,0,0,0,0,0,0
"54055","5","523110","78","0","2008","A","N","Mercer County, West Virginia","Private","Investment banking and securities dealing","County, NAICS 6-digit -- by ownership sector","All establishment sizes",2,0,0,0,0,0,0,"N",1.05,0,0,0,0,0,0,"N",1,100.0,0,0,0,0,0,0,0,0,0,0,0,0
"54055","5","52312","77","0","2008","A","","Mercer County, West Virginia","Private","Securities brokerage","County, NAICS 5-digit -- by ownership sector","All establishment sizes",6,9,483002,72911,1822,1013,52691,"",1.60,0.19,0.07,0.16,0.17,0.39,0.39,"",1,20.0,1,12.5,-60057,-11.1,-6723,-8.4,-299,-14.1,-266,-20.8,-13806,-20.8
"54055","5","523120","78","0","2008","A","","Mercer County, West Virginia","Private","Securities brokerage","County, NAICS 6-digit -- by ownership sector","All establishment sizes",6,9,483002,72911,1822,1013,52691,"",1.60,0.19,0.07,0.16,0.17,0.39,0.39,"",1,20.0,1,12.5,-60057,-11.1,-6723,-8.4,-299,-14.1,-266,-20.8,-13806,-20.8
"54055","5","5239","76","0","2008","A","N","Mercer County, West Virginia","Private","Other financial investment activities","County, NAICS 4-digit -- by ownership sector","All establishment sizes",1,0,0,0,0,0,0,"N",0.11,0,0,0,0,0,0,"N",0,0.0,0,0,0,0,0,0,0,0,0,0,0,0
"54055","5","52392","77","0","2008","A","N","Mercer County, West Virginia","Private","Portfolio management","County, NAICS 5-digit -- by ownership sector","All establishment sizes",1,0,0,0,0,0,0,"N",0.40,0,0,0,0,0,0,"N",0,0.0,0,0,0,0,0,0,0,0,0,0,0,0
"54055","5","523920","78","0","2008","A","N","Mercer County, West Virginia","Private","Portfolio management","County, NAICS 6-digit -- by ownership sector","All establishment sizes",1,0,0,0,0,0,0,"N",0.40,0,0,0,0,0,0,"N",0,0.0,0,0,0,0,0,0,0,0,0,0,0,0
"54055","5","524","75","0","2008","A","","Mercer County, West Virginia","Private","Insurance carriers and related activities","County, NAICS 3-digit -- by ownership sector","All establishment sizes",31,150,6009020,1192719,25327,772,40127,"",1.01,0.43,0.38,0.39,0.38,0.89,0.89,"",-2,-6.1,-5,-3.2,116680,2.0,-45754,-3.7,-682,-2.6,40,5.5,2071,5.4
"54055","5","5241","76","0","2008","A","N","Mercer County, West Virginia","Private","Insurance carriers","County, NAICS 4-digit -- by ownership sector","All establishment sizes",4,0,0,0,0,0,0,"N",0.65,0,0,0,0,0,0,"N",0,0.0,0,0,0,0,0,0,0,0,0,0,0,0
"54055","5","52411","77","0","2008","A","N","Mercer County, West Virginia","Private","Direct life and health insurance carriers","County, NAICS 5-digit -- by ownership sector","All establishment sizes",1,0,0,0,0,0,0,"N",0.53,0,0,0,0,0,0,"N",0,0.0,0,0,0,0,0,0,0,0,0,0,0,0
"54055","5","524113","78","0","2008","A","N","Mercer County, West Virginia","Private","Direct life insurance carriers","County, NAICS 6-digit -- by ownership sector","All establishment sizes",1,0,0,0,0,0,0,"N",0.83,0,0,0,0,0,0,"N",0,0.0,0,0,0,0,0,0,0,0,0,0,0,0
"54055","5","52412","77","0","2008","A","N","Mercer County, West Virginia","Private","Direct insurers, except life and health","County, NAICS 5-digit -- by ownership sector","All establishment sizes",3,0,0,0,0,0,0,"N",0.72,0,0,0,0,0,0,"N",0,0.0,0,0,0,0,0,0,0,0,0,0,0,0
"54055","5","524126","78","0","2008","A","N","Mercer County, West Virginia","Private","Direct property and casualty insurers","County, NAICS 6-digit -- by ownership sector","All establishment sizes",3,0,0,0,0,0,0,"N",1.06,0,0,0,0,0,0,"N",0,0.0,0,0,0,0,0,0,0,0,0,0,0,0
"54055","5","5242","76","0","2008","A","N","Mercer County, West Virginia","Private","Insurance agencies and brokerages","County, NAICS 4-digit -- by ownership sector","All establishment sizes",28,0,0,0,0,0,0,"N",1.14,0,0,0,0,0,0,"N",-1,-3.4,0,0,0,0,0,0,0,0,0,0,0,0
"54055","5","52421","77","0","2008","A","N","Mercer County, West Virginia","Private","Insurance agencies and brokerages","County, NAICS 5-digit -- by ownership sector","All establishment sizes",26,0,0,0,0,0,0,"N",1.20,0,0,0,0,0,0,"N",-1,-3.7,0,0,0,0,0,0,0,0,0,0,0,0
"54055","5","524210","78","0","2008","A","N","Mercer County, West Virginia","Private","Insurance agencies and brokerages","County, NAICS 6-digit -- by ownership sector","All establishment sizes",26,0,0,0,0,0,0,"N",1.20,0,0,0,0,0,0,"N",-1,-3.7,0,0,0,0,0,0,0,0,0,0,0,0
"54055","5","52429","77","0","2008","A","N","Mercer County, West Virginia","Private","Other insurance related activities","County, NAICS 5-digit -- by ownership sector","All establishment sizes",2,0,0,0,0,0,0,"N",0.68,0,0,0,0,0,0,"N",0,0.0,0,0,0,0,0,0,0,0,0,0,0,0
"54055","5","524291","78","0","2008","A","N","Mercer County, West Virginia","Private","Claims adjusting","County, NAICS 6-digit -- by ownership sector","All establishment sizes",1,0,0,0,0,0,0,"N",0.98,0,0,0,0,0,0,"N",0,0.0,0,0,0,0,0,0,0,0,0,0,0,0
"54055","5","524292","78","0","2008","A","N","Mercer County, West Virginia","Private","Third party administration of insurance funds","County, NAICS 6-digit -- by ownership sector","All establishment sizes",1,0,0,0,0,0,0,"N",1.06,0,0,0,0,0,0,"N",0,0.0,0,0,0,0,0,0,0,0,0,0,0,0
"54055","5","53","74","0","2008","A","","Mercer County, West Virginia","Private","Real estate and rental and leasing","County, NAICS Sector -- by ownership sector","All establishment sizes",53,184,6470801,1512867,33528,676,35167,"",0.86,0.54,0.67,0.55,0.50,1.23,1.23,"",5,10.4,-11,-5.6,15409,0.2,-82863,-5.2,564,1.7,40,6.3,2119,6.4
"54055","5","531","75","0","2008","A","","Mercer County, West Virginia","Private","Real estate","County, NAICS 3-digit -- by ownership sector","All establishment sizes",41,116,3920550,986569,22763,649,33749,"",0.81,0.49,0.56,0.51,0.48,1.14,1.14,"",4,10.8,-8,-6.5,-19563,-0.5,-6294,-0.6,1777,8.5,37,6.0,1910,6.0
"54055","5","5311","76","0","2008","A","","Mercer County, West Virginia","Private","Lessors of real estate","County, NAICS 4-digit -- by ownership sector","All establishment sizes",28,97,3549998,800683,16412,705,36661,"",1.58,1.01,1.41,1.07,0.91,1.40,1.40,"",4,16.7,-8,-7.6,23730,0.7,-4059,-0.5,474,3.0,58,9.0,3024,9.0
"54055","5","53111","77","0","2008","A","N","Mercer County, West Virginia","Private","Lessors of residential buildings","County, NAICS 5-digit -- by ownership sector","All establishment sizes",11,0,0,0,0,0,0,"N",1.07,0,0,0,0,0,0,"N",3,37.5,0,0,0,0,0,0,0,0,0,0,0,0
"54055","5","531110","78","0","2008","A","N","Mercer County, West Virginia","Private","Lessors of residential buildings","County, NAICS 6-digit -- by ownership sector","All establishment sizes",11,0,0,0,0,0,0,"N",1.07,0,0,0,0,0,0,"N",3,37.5,0,0,0,0,0,0,0,0,0,0,0,0
"54055","5","53112","77","0","2008","A","N","Mercer County, West Virginia","Private","Lessors of nonresidential buildings","County, NAICS 5-digit -- by ownership sector","All establishment sizes",7,0,0,0,0,0,0,"N",1.77,0,0,0,0,0,0,"N",2,40.0,0,0,0,0,0,0,0,0,0,0,0,0
"54055","5","531120","78","0","2008","A","N","Mercer County, West Virginia","Private","Lessors of nonresidential buildings","County, NAICS 6-digit -- by ownership sector","All establishment sizes",7,0,0,0,0,0,0,"N",1.77,0,0,0,0,0,0,"N",2,40.0,0,0,0,0,0,0,0,0,0,0,0,0
"54055","5","53113","77","0","2008","A","N","Mercer County, West Virginia","Private","Miniwarehouse and self-storage unit operators","County, NAICS 5-digit -- by ownership sector","All establishment sizes",2,0,0,0,0,0,0,"N",1.07,0,0,0,0,0,0,"N",-1,-33.3,0,0,0,0,0,0,0,0,0,0,0,0
"54055","5","531130","78","0","2008","A","N","Mercer County, West Virginia","Private","Miniwarehouse and self-storage unit operators","County, NAICS 6-digit -- by ownership sector","All establishment sizes",2,0,0,0,0,0,0,"N",1.07,0,0,0,0,0,0,"N",-1,-33.3,0,0,0,0,0,0,0,0,0,0,0,0
"54055","5","53119","77","0","2008","A","","Mercer County, West Virginia","Private","Lessors of other real estate property","County, NAICS 5-digit -- by ownership sector","All establishment sizes",8,38,2517773,272645,4396,1291,67141,"",4.71,5.88,18.60,5.99,4.08,3.20,3.21,"",0,0.0,0,0.0,153159,6.5,-21429,-7.3,-197,-4.3,89,7.4,4640,7.4
"54055","5","531190","78","0","2008","A","","Mercer County, West Virginia","Private","Lessors of other real estate property","County, NAICS 6-digit -- by ownership sector","All establishment sizes",8,38,2517773,272645,4396,1291,67141,"",4.71,5.88,18.60,5.99,4.08,3.20,3.21,"",0,0.0,0,0.0,153159,6.5,-21429,-7.3,-197,-4.3,89,7.4,4640,7.4
"54055","5","5312","76","0","2008","A","","Mercer County, West Virginia","Private","Offices of real estate agents and brokers","County, NAICS 4-digit -- by ownership sector","All establishment sizes",8,13,240110,131372,5255,367,19082,"",0.42,0.24,0.13,0.28,0.49,0.55,0.55,"",-1,-11.1,-1,-7.1,-65723,-21.5,3629,2.8,1458,38.4,-69,-15.8,-3572,-15.8
"54055","5","53121","77","0","2008","A","","Mercer County, West Virginia","Private","Offices of real estate agents and brokers","County, NAICS 5-digit -- by ownership sector","All establishment sizes",8,13,240110,131372,5255,367,19082,"",0.42,0.24,0.13,0.28,0.49,0.55,0.55,"",-1,-11.1,-1,-7.1,-65723,-21.5,3629,2.8,1458,38.4,-69,-15.8,-3572,-15.8
"54055","5","531210","78","0","2008","A","","Mercer County, West Virginia","Private","Offices of real estate agents and brokers","County, NAICS 6-digit -- by ownership sector","All establishment sizes",8,13,240110,131372,5255,367,19082,"",0.42,0.24,0.13,0.28,0.49,0.55,0.55,"",-1,-11.1,-1,-7.1,-65723,-21.5,3629,2.8,1458,38.4,-69,-15.8,-3572,-15.8
"54055","5","5313","76","0","2008","A","","Mercer County, West Virginia","Private","Activities related to real estate","County, NAICS 4-digit -- by ownership sector","All establishment sizes",6,7,130442,54514,1096,372,19325,"",0.43,0.08,0.05,0.07,0.06,0.64,0.64,"",2,50.0,2,40.0,22430,20.8,-5864,-9.7,-155,-12.4,-11,-2.9,-616,-3.1
"54055","5","53131","77","0","2008","A","N","Mercer County, West Virginia","Private","Real estate property managers","County, NAICS 5-digit -- by ownership sector","All establishment sizes",5,0,0,0,0,0,0,"N",0.51,0,0,0,0,0,0,"N",2,66.7,0,0,0,0,0,0,0,0,0,0,0,0
"54055","5","531311","78","0","2008","A","","Mercer County, West Virginia","Private","Residential property managers","County, NAICS 6-digit -- by ownership sector","All establishment sizes",4,6,103201,39752,861,361,18764,"",0.58,0.11,0.08,0.09,0.07,0.76,0.76,"N",1,33.3,0,0,0,0,0,0,0,0,0,0,0,0
"54055","5","531312","78","0","2008","A","N","Mercer County, West Virginia","Private","nonresidential property managers","County, NAICS 6-digit -- by ownership sector","All establishment sizes",1,0,0,0,0,0,0,"N",0.35,0,0,0,0,0,0,"N",1,100.0,0,0,0,0,0,0,0,0,0,0,0,0
"54055","5","53139","77","0","2008","A","N","Mercer County, West Virginia","Private","Other activities related to real estate","County, NAICS 5-digit -- by ownership sector","All establishment sizes",1,0,0,0,0,0,0,"N",0.59,0,0,0,0,0,0,"N",0,0.0,0,0,0,0,0,0,0,0,0,0,0,0
"54055","5","531390","78","0","2008","A","N","Mercer County, West Virginia","Private","Other activities related to real estate","County, NAICS 6-digit -- by ownership sector","All establishment sizes",1,0,0,0,0,0,0,"N",0.59,0,0,0,0,0,0,"N",0,0.0,0,0,0,0,0,0,0,0,0,0,0,0
"54055","5","532","75","0","2008","A","","Mercer County, West Virginia","Private","Rental and leasing services","County, NAICS 3-digit -- by ownership sector","All establishment sizes",12,68,2550251,526298,10765,723,37596,"",1.16,0.69,1.04,0.67,0.59,1.50,1.50,"",1,9.1,-4,-5.6,34972,1.4,-76569,-12.7,-1213,-10.1,47,7.0,2458,7.0
"54055","5","5321","76","0","2008","A","N","Mercer County, West Virginia","Private","Automotive equipment rental and leasing","County, NAICS 4-digit -- by ownership sector","All establishment sizes",2,0,0,0,0,0,0,"N",0.82,0,0,0,0,0,0,"N",0,0.0,0,0,0,0,0,0,0,0,0,0,0,0
"54055","5","53211","77","0","2008","A","N","Mercer County, West Virginia","Private","Passenger car rental and leasing","County, NAICS 5-digit -- by ownership sector","All establishment sizes",1,0,0,0,0,0,0,"N",0.67,0,0,0,0,0,0,"N",0,0.0,0,0,0,0,0,0,0,0,0,0,0,0
"54055","5","532111","78","0","2008","A","N","Mercer County, West Virginia","Private","Passenger car rental","County, NAICS 6-digit -- by ownership sector","All establishment sizes",1,0,0,0,0,0,0,"N",0.74,0,0,0,0,0,0,"N",0,0.0,0,0,0,0,0,0,0,0,0,0,0,0
"54055","5","53212","77","0","2008","A","N","Mercer County, West Virginia","Private","Truck, trailer, and rv rental and leasing","County, NAICS 5-digit -- by ownership sector","All establishment sizes",1,0,0,0,0,0,0,"N",1.06,0,0,0,0,0,0,"N",0,0.0,0,0,0,0,0,0,0,0,0,0,0,0
"54055","5","532120","78","0","2008","A","N","Mercer County, West Virginia","Private","Truck, trailer, and rv rental and leasing","County, NAICS 6-digit -- by ownership sector","All establishment sizes",1,0,0,0,0,0,0,"N",1.06,0,0,0,0,0,0,"N",0,0.0,0,0,0,0,0,0,0,0,0,0,0,0
"54055","5","5322","76","0","2008","A","","Mercer County, West Virginia","Private","Consumer goods rental","County, NAICS 4-digit -- by ownership sector","All establishment sizes",7,41,825608,332777,7365,387,20137,"",1.42,1.06,1.24,1.21,1.08,1.17,1.17,"",1,16.7,3,7.9,120149,17.0,-1486,-0.4,-344,-4.5,31,8.7,1613,8.7
"54055","5","53221","77","0","2008","A","N","Mercer County, West Virginia","Private","Consumer electronics and appliances rental","County, NAICS 5-digit -- by ownership sector","All establishment sizes",1,0,0,0,0,0,0,"N",1.64,0,0,0,0,0,0,"N",0,0.0,0,0,0,0,0,0,0,0,0,0,0,0
"54055","5","532210","78","0","2008","A","N","Mercer County, West Virginia","Private","Consumer electronics and appliances rental","County, NAICS 6-digit -- by ownership sector","All establishment sizes",1,0,0,0,0,0,0,"N",1.64,0,0,0,0,0,0,"N",0,0.0,0,0,0,0,0,0,0,0,0,0,0,0
"54055","5","53223","77","0","2008","A","N","Mercer County, West Virginia","Private","Video tape and disc rental","County, NAICS 5-digit -- by ownership sector","All establishment sizes",2,0,0,0,0,0,0,"N",0.88,0,0,0,0,0,0,"N",0,0.0,0,0,0,0,0,0,0,0,0,0,0,0
"54055","5","532230","78","0","2008","A","N","Mercer County, West Virginia","Private","Video tape and disc rental","County, NAICS 6-digit -- by ownership sector","All establishment sizes",2,0,0,0,0,0,0,"N",0.88,0,0,0,0,0,0,"N",0,0.0,0,0,0,0,0,0,0,0,0,0,0,0
"54055","5","53229","77","0","2008","A","","Mercer County, West Virginia","Private","Other consumer goods rental","County, NAICS 5-digit -- by ownership sector","All establishment sizes",4,19,584876,176335,4337,608,31615,"",2.28,1.20,1.57,1.35,1.22,1.34,1.34,"",1,33.3,3,18.8,130129,28.6,2173,1.2,-303,-6.5,47,8.4,2433,8.3
"54055","5","532291","78","0","2008","A","N","Mercer County, West Virginia","Private","Home health equipment rental","County, NAICS 6-digit -- by ownership sector","All establishment sizes",2,0,0,0,0,0,0,"N",3.59,0,0,0,0,0,0,"N",1,100.0,0,0,0,0,0,0,0,0,0,0,0,0
"54055","5","532299","78","0","2008","A","N","Mercer County, West Virginia","Private","All other consumer goods rental","County, NAICS 6-digit -- by ownership sector","All establishment sizes",2,0,0,0,0,0,0,"N",2.26,0,0,0,0,0,0,"N",0,0.0,0,0,0,0,0,0,0,0,0,0,0,0
"54055","5","5324","76","0","2008","A","N","Mercer County, West Virginia","Private","Machinery and equipment rental and leasing","County, NAICS 4-digit -- by ownership sector","All establishment sizes",3,0,0,0,0,0,0,"N",1.45,0,0,0,0,0,0,"N",0,0.0,0,0,0,0,0,0,0,0,0,0,0,0
"54055","5","53241","77","0","2008","A","N","Mercer County, West Virginia","Private","Heavy machinery rental and leasing","County, NAICS 5-digit -- by ownership sector","All establishment sizes",3,0,0,0,0,0,0,"N",3.13,0,0,0,0,0,0,"N",0,0.0,0,0,0,0,0,0,0,0,0,0,0,0
"54055","5","532412","78","0","2008","A","N","Mercer County, West Virginia","Private","Other heavy machinery rental and leasing","County, NAICS 6-digit -- by ownership sector","All establishment sizes",3,0,0,0,0,0,0,"N",3.70,0,0,0,0,0,0,"N",0,0.0,0,0,0,0,0,0,0,0,0,0,0,0
"54055","5","54","74","0","2008","A","","Mercer County, West Virginia","Private","Professional and technical services","County, NAICS Sector -- by ownership sector","All establishment sizes",91,538,16907448,4765884,121272,604,31422,"",0.55,0.43,0.27,0.42,0.43,0.64,0.64,"",-2,-2.2,2,0.4,994586,6.3,221906,4.9,5640,4.9,33,5.8,1711,5.8
"54055","5","541","75","0","2008","A","","Mercer County, West Virginia","Private","Professional and technical services","County, NAICS 3-digit -- by ownership sector","All establishment sizes",91,538,16907448,4765884,121272,604,31422,"",0.55,0.43,0.27,0.42,0.43,0.64,0.64,"",-2,-2.2,2,0.4,994586,6.3,221906,4.9,5640,4.9,33,5.8,1711,5.8
"54055","5","5411","76","0","2008","A","","Mercer County, West Virginia","Private","Legal services","County, NAICS 4-digit -- by ownership sector","All establishment sizes",40,177,5180976,1394585,24292,562,29216,"",1.28,0.95,0.52,0.86,0.73,0.55,0.55,"",-2,-4.8,-7,-3.8,23398,0.5,-31235,-2.2,-3787,-13.5,23,4.3,1211,4.3
"54055","5","54111","77","0","2008","A","","Mercer County, West Virginia","Private","Offices of lawyers","County, NAICS 5-digit -- by ownership sector","All establishment sizes",40,177,5180976,1394585,24292,562,29216,"",1.39,1.01,0.54,0.92,0.79,0.54,0.54,"",-2,-4.8,-7,-3.8,23398,0.5,-31235,-2.2,-3787,-13.5,23,4.3,1211,4.3
"54055","5","541110","78","0","2008","A","","Mercer County, West Virginia","Private","Offices of lawyers","County, NAICS 6-digit -- by ownership sector","All establishment sizes",40,177,5180976,1394585,24292,562,29216,"",1.39,1.01,0.54,0.92,0.79,0.54,0.54,"",-2,-4.8,-7,-3.8,23398,0.5,-31235,-2.2,-3787,-13.5,23,4.3,1211,4.3
"54055","5","5412","76","0","2008","A","","Mercer County, West Virginia","Private","Accounting and bookkeeping services","County, NAICS 4-digit -- by ownership sector","All establishment sizes",21,151,4387592,1526302,48381,558,28993,"",0.99,0.99,0.78,1.15,1.49,0.78,0.78,"",-1,-4.5,-14,-8.5,-176182,-3.9,42418,2.9,8519,21.4,25,4.7,1278,4.6
"54055","5","54121","77","0","2008","A","","Mercer County, West Virginia","Private","Accounting and bookkeeping services","County, NAICS 5-digit -- by ownership sector","All establishment sizes",21,151,4387592,1526302,48381,558,28993,"",0.99,0.99,0.78,1.15,1.49,0.78,0.78,"",-1,-4.5,-14,-8.5,-176182,-3.9,42418,2.9,8519,21.4,25,4.7,1278,4.6
"54055","5","541211","78","0","2008","A","","Mercer County, West Virginia","Private","Offices of certified public accountants","County, NAICS 6-digit -- by ownership sector","All establishment sizes",14,64,2588726,713030,12298,776,40344,"",1.54,0.94,0.81,1.15,1.13,0.86,0.86,"N",0,0.0,0,0,0,0,0,0,0,0,0,0,0,0
"54055","5","541213","78","0","2008","A","N","Mercer County, West Virginia","Private","Tax preparation services","County, NAICS 6-digit -- by ownership sector","All establishment sizes",5,0,0,0,0,0,0,"N",1.24,0,0,0,0,0,0,"N",0,0.0,0,0,0,0,0,0,0,0,0,0,0,0
"54055","5","541219","78","0","2008","A","N","Mercer County, West Virginia","Private","Other accounting services","County, NAICS 6-digit -- by ownership sector","All establishment sizes",2,0,0,0,0,0,0,"N",0.29,0,0,0,0,0,0,"N",-1,-33.3,0,0,0,0,0,0,0,0,0,0,0,0
"54055","5","5413","76","0","2008","A","","Mercer County, West Virginia","Private","Architectural and engineering services","County, NAICS 4-digit -- by ownership sector","All establishment sizes",12,92,3951817,801204,21896,829,43111,"",0.56,0.40,0.35,0.38,0.41,0.88,0.88,"",1,9.1,17,22.7,863960,28.0,143643,21.8,3714,20.4,36,4.5,1894,4.6
"54055","5","54131","77","0","2008","A","N","Mercer County, West Virginia","Private","Architectural services","County, NAICS 5-digit -- by ownership sector","All establishment sizes",1,0,0,0,0,0,0,"N",0.24,0,0,0,0,0,0,"N",0,0.0,0,0,0,0,0,0,0,0,0,0,0,0
"54055","5","541310","78","0","2008","A","N","Mercer County, West Virginia","Private","Architectural services","County, NAICS 6-digit -- by ownership sector","All establishment sizes",1,0,0,0,0,0,0,"N",0.24,0,0,0,0,0,0,"N",0,0.0,0,0,0,0,0,0,0,0,0,0,0,0
"54055","5","54133","77","0","2008","A","","Mercer County, West Virginia","Private","Engineering services","County, NAICS 5-digit -- by ownership sector","All establishment sizes",5,42,2123808,372747,8154,984,51176,"",0.45,0.28,0.27,0.27,0.23,0.97,0.97,"N",0,0.0,0,0,0,0,0,0,0,0,0,0,0,0
"54055","5","541330","78","0","2008","A","","Mercer County, West Virginia","Private","Engineering services","County, NAICS 6-digit -- by ownership sector","All establishment sizes",5,42,2123808,372747,8154,984,51176,"",0.45,0.28,0.27,0.27,0.23,0.97,0.97,"N",0,0.0,0,0,0,0,0,0,0,0,0,0,0,0
"54055","5","54137","77","0","2008","A","N","Mercer County, West Virginia","Private","Other surveying and mapping services","County, NAICS 5-digit -- by ownership sector","All establishment sizes",6,0,0,0,0,0,0,"N",3.88,0,0,0,0,0,0,"N",0,0.0,0,0,0,0,0,0,0,0,0,0,0,0
"54055","5","541370","78","0","2008","A","N","Mercer County, West Virginia","Private","Other surveying and mapping services","County, NAICS 6-digit -- by ownership sector","All establishment sizes",6,0,0,0,0,0,0,"N",3.88,0,0,0,0,0,0,"N",0,0.0,0,0,0,0,0,0,0,0,0,0,0,0
"54055","5","5415","76","0","2008","A","","Mercer County, West Virginia","Private","Computer systems design and related services","County, NAICS 4-digit -- by ownership sector","All establishment sizes",3,11,490379,122841,4219,826,42953,"",0.10,0.05,0.04,0.05,0.07,0.73,0.73,"",0,0.0,-1,-8.3,101927,26.2,3119,2.6,-449,-9.6,186,29.1,9657,29.0
"54055","5","54151","77","0","2008","A","","Mercer County, West Virginia","Private","Computer systems design and related services","County, NAICS 5-digit -- by ownership sector","All establishment sizes",3,11,490379,122841,4219,826,42953,"",0.10,0.05,0.04,0.05,0.07,0.73,0.73,"",0,0.0,-1,-8.3,101927,26.2,3119,2.6,-449,-9.6,186,29.1,9657,29.0
"54055","5","541511","78","0","2008","A","N","Mercer County, West Virginia","Private","Custom computer programming services","County, NAICS 6-digit -- by ownership sector","All establishment sizes",1,0,0,0,0,0,0,"N",0.08,0,0,0,0,0,0,"N",0,0.0,0,0,0,0,0,0,0,0,0,0,0,0
"54055","5","541512","78","0","2008","A","N","Mercer County, West Virginia","Private","Computer systems design services","County, NAICS 6-digit -- by ownership sector","All establishment sizes",1,0,0,0,0,0,0,"N",0.07,0,0,0,0,0,0,"N",0,0.0,0,0,0,0,0,0,0,0,0,0,0,0
"54055","5","541519","78","0","2008","A","N","Mercer County, West Virginia","Private","Other computer related services","County, NAICS 6-digit -- by ownership sector","All establishment sizes",1,0,0,0,0,0,0,"N",0.43,0,0,0,0,0,0,"N",0,0.0,0,0,0,0,0,0,0,0,0,0,0,0
"54055","5","5416","76","0","2008","A","N","Mercer County, West Virginia","Private","Management and technical consulting services","County, NAICS 4-digit -- by ownership sector","All establishment sizes",2,0,0,0,0,0,0,"N",0.06,0,0,0,0,0,0,"N",0,0.0,0,0,0,0,0,0,0,0,0,0,0,0
"54055","5","54161","77","0","2008","A","N","Mercer County, West Virginia","Private","Management consulting services","County, NAICS 5-digit -- by ownership sector","All establishment sizes",2,0,0,0,0,0,0,"N",0.08,0,0,0,0,0,0,"N",0,0.0,0,0,0,0,0,0,0,0,0,0,0,0
"54055","5","541611","78","0","2008","A","N","Mercer County, West Virginia","Private","Administrative management consulting services","County, NAICS 6-digit -- by ownership sector","All establishment sizes",1,0,0,0,0,0,0,"N",0.08,0,0,0,0,0,0,"N",0,0.0,0,0,0,0,0,0,0,0,0,0,0,0
"54055","5","541613","78","0","2008","A","N","Mercer County, West Virginia","Private","Marketing consulting services","County, NAICS 6-digit -- by ownership sector","All establishment sizes",1,0,0,0,0,0,0,"N",0.20,0,0,0,0,0,0,"N",0,0.0,0,0,0,0,0,0,0,0,0,0,0,0
"54055","5","5417","76","0","2008","A","N","Mercer County, West Virginia","Private","Scientific research and development services","County, NAICS 4-digit -- by ownership sector","All establishment sizes",1,0,0,0,0,0,0,"N",0.28,0,0,0,0,0,0,"N",0,0.0,0,0,0,0,0,0,0,0,0,0,0,0
"54055","5","54172","77","0","2008","A","N","Mercer County, West Virginia","Private","Social science and humanities research","County, NAICS 5-digit -- by ownership sector","All establishment sizes",1,0,0,0,0,0,0,"N",1.52,0,0,0,0,0,0,"N",0,0.0,0,0,0,0,0,0,0,0,0,0,0,0
"54055","5","541720","78","0","2008","A","N","Mercer County, West Virginia","Private","Social science and humanities research","County, NAICS 6-digit -- by ownership sector","All establishment sizes",1,0,0,0,0,0,0,"N",1.52,0,0,0,0,0,0,"N",0,0.0,0,0,0,0,0,0,0,0,0,0,0,0
"54055","5","5418","76","0","2008","A","","Mercer County, West Virginia","Private","Advertising, pr, and related services","County, NAICS 4-digit -- by ownership sector","All establishment sizes",3,19,734322,159650,3365,753,39164,"",0.36,0.25,0.22,0.25,0.18,0.90,0.90,"",0,0.0,-1,-5.0,-11458,-1.5,-33096,-17.2,-612,-15.4,27,3.7,1403,3.7
"54055","5","54185","77","0","2008","A","","Mercer County, West Virginia","Private","Outdoor advertising","County, NAICS 5-digit -- by ownership sector","All establishment sizes",3,19,734322,159650,3365,753,39164,"",5.29,3.25,3.97,3.44,2.56,1.24,1.24,"",0,0.0,-1,-5.0,-11458,-1.5,-33096,-17.2,-612,-15.4,27,3.7,1403,3.7
"54055","5","541850","78","0","2008","A","","Mercer County, West Virginia","Private","Outdoor advertising","County, NAICS 6-digit -- by ownership sector","All establishment sizes",3,19,734322,159650,3365,753,39164,"",5.29,3.25,3.97,3.44,2.56,1.24,1.24,"",0,0.0,-1,-5.0,-11458,-1.5,-33096,-17.2,-612,-15.4,27,3.7,1403,3.7
"54055","5","5419","76","0","2008","A","","Mercer County, West Virginia","Private","Other professional and technical services","County, NAICS 4-digit -- by ownership sector","All establishment sizes",8,69,1632575,564784,10580,458,23804,"",0.68,0.73,0.68,0.76,0.67,0.93,0.93,"",-1,-11.1,3,4.5,122263,8.1,53866,10.5,176,1.7,16,3.6,833,3.6
"54055","5","54192","77","0","2008","A","N","Mercer County, West Virginia","Private","Photographic services","County, NAICS 5-digit -- by ownership sector","All establishment sizes",3,0,0,0,0,0,0,"N",1.01,0,0,0,0,0,0,"N",-1,-25.0,0,0,0,0,0,0,0,0,0,0,0,0
"54055","5","541921","78","0","2008","A","N","Mercer County, West Virginia","Private","Photography studios, portrait","County, NAICS 6-digit -- by ownership sector","All establishment sizes",3,0,0,0,0,0,0,"N",1.28,0,0,0,0,0,0,"N",-1,-25.0,0,0,0,0,0,0,0,0,0,0,0,0
"54055","5","54194","77","0","2008","A","","Mercer County, West Virginia","Private","Veterinary services","County, NAICS 5-digit -- by ownership sector","All establishment sizes",4,53,1420338,453090,8557,520,27054,"",0.87,1.10,1.44,1.25,1.69,1.32,1.32,"",0,0.0,2,3.9,79882,6.0,32173,7.6,-337,-3.8,12,2.4,641,2.4
"54055","5","541940","78","0","2008","A","","Mercer County, West Virginia","Private","Veterinary services","County, NAICS 6-digit -- by ownership sector","All establishment sizes",4,53,1420338,453090,8557,520,27054,"",0.87,1.10,1.44,1.25,1.69,1.32,1.32,"",0,0.0,2,3.9,79882,6.0,32173,7.6,-337,-3.8,12,2.4,641,2.4
"54055","5","54199","77","0","2008","A","N","Mercer County, West Virginia","Private","All other professional and technical services","County, NAICS 5-digit -- by ownership sector","All establishment sizes",1,0,0,0,0,0,0,"N",0.40,0,0,0,0,0,0,"N",0,0.0,0,0,0,0,0,0,0,0,0,0,0,0
"54055","5","541990","78","0","2008","A","N","Mercer County, West Virginia","Private","All other professional and technical services","County, NAICS 6-digit -- by ownership sector","All establishment sizes",1,0,0,0,0,0,0,"N",0.40,0,0,0,0,0,0,"N",0,0.0,0,0,0,0,0,0,0,0,0,0,0,0
"54055","5","55","74","0","2008","A","","Mercer County, West Virginia","Private","Management of companies and enterprises","County, NAICS Sector -- by ownership sector","All establishment sizes",10,157,7593298,2040182,37512,932,48468,"",1.18,0.52,0.40,0.57,0.46,0.77,0.77,"",1,11.1,10,6.8,-325808,-4.1,184845,10.0,2304,6.5,-104,-10.0,-5403,-10.0
"54055","5","551","75","0","2008","A","","Mercer County, West Virginia","Private","Management of companies and enterprises","County, NAICS 3-digit -- by ownership sector","All establishment sizes",10,157,7593298,2040182,37512,932,48468,"",1.18,0.52,0.40,0.57,0.46,0.77,0.77,"",1,11.1,10,6.8,-325808,-4.1,184845,10.0,2304,6.5,-104,-10.0,-5403,-10.0
"54055","5","5511","76","0","2008","A","","Mercer County, West Virginia","Private","Management of companies and enterprises","County, NAICS 4-digit -- by ownership sector","All establishment sizes",10,157,7593298,2040182,37512,932,48468,"",1.18,0.52,0.40,0.57,0.46,0.77,0.77,"",1,11.1,10,6.8,-325808,-4.1,184845,10.0,2304,6.5,-104,-10.0,-5403,-10.0
"54055","5","55111","77","0","2008","A","","Mercer County, West Virginia","Private","Management of companies and enterprises","County, NAICS 5-digit -- by ownership sector","All establishment sizes",10,157,7593298,2040182,37512,932,48468,"",1.18,0.52,0.40,0.57,0.46,0.77,0.77,"",1,11.1,10,6.8,-325808,-4.1,184845,10.0,2304,6.5,-104,-10.0,-5403,-10.0
"54055","5","551112","78","0","2008","A","N","Mercer County, West Virginia","Private","Offices of other holding companies","County, NAICS 6-digit -- by ownership sector","All establishment sizes",1,0,0,0,0,0,0,"N",0.63,0,0,0,0,0,0,"N",0,0.0,0,0,0,0,0,0,0,0,0,0,0,0
"54055","5","551114","78","0","2008","A","N","Mercer County, West Virginia","Private","Managing offices","County, NAICS 6-digit -- by ownership sector","All establishment sizes",9,0,0,0,0,0,0,"N",1.35,0,0,0,0,0,0,"N",1,12.5,0,0,0,0,0,0,0,0,0,0,0,0
"54055","5","56","74","0","2008","A","","Mercer County, West Virginia","Private","Administrative and waste services","County, NAICS Sector -- by ownership sector","All establishment sizes",64,1320,28717022,12953245,328406,418,21758,"",0.83,1.03,1.05,1.17,1.03,1.02,1.02,"",-4,-5.9,50,3.9,3631638,14.5,1231431,10.5,14331,4.6,38,10.0,1999,10.1
"54055","5","561","75","0","2008","A","","Mercer County, West Virginia","Private","Administrative and support services","County, NAICS 3-digit -- by ownership sector","All establishment sizes",55,1260,26709690,12413535,304955,408,21205,"",0.75,1.03,1.05,1.18,1.01,1.03,1.03,"",-5,-8.3,41,3.4,3241271,13.8,1131382,10.0,15087,5.2,38,10.3,1958,10.2
"54055","5","5611","76","0","2008","A","N","Mercer County, West Virginia","Private","Office administrative services","County, NAICS 4-digit -- by ownership sector","All establishment sizes",2,0,0,0,0,0,0,"N",0.29,0,0,0,0,0,0,"N",0,0.0,0,0,0,0,0,0,0,0,0,0,0,0
"54055","5","56111","77","0","2008","A","N","Mercer County, West Virginia","Private","Office administrative services","County, NAICS 5-digit -- by ownership sector","All establishment sizes",2,0,0,0,0,0,0,"N",0.29,0,0,0,0,0,0,"N",0,0.0,0,0,0,0,0,0,0,0,0,0,0,0
"54055","5","561110","78","0","2008","A","N","Mercer County, West Virginia","Private","Office administrative services","County, NAICS 6-digit -- by ownership sector","All establishment sizes",2,0,0,0,0,0,0,"N",0.29,0,0,0,0,0,0,"N",0,0.0,0,0,0,0,0,0,0,0,0,0,0,0
"54055","5","5613","76","0","2008","A","","Mercer County, West Virginia","Private","Employment services","County, NAICS 4-digit -- by ownership sector","All establishment sizes",5,169,2714507,1875064,43077,309,16094,"",0.39,0.34,0.29,0.40,0.29,0.86,0.86,"",1,25.0,-9,-5.1,384172,16.5,138845,8.0,-3943,-8.4,58,23.1,3021,23.1
"54055","5","56132","77","0","2008","A","N","Mercer County, West Virginia","Private","Temporary help services","County, NAICS 5-digit -- by ownership sector","All establishment sizes",2,0,0,0,0,0,0,"N",0.27,0,0,0,0,0,0,"N",0,0.0,0,0,0,0,0,0,0,0,0,0,0,0
"54055","5","561320","78","0","2008","A","N","Mercer County, West Virginia","Private","Temporary help services","County, NAICS 6-digit -- by ownership sector","All establishment sizes",2,0,0,0,0,0,0,"N",0.27,0,0,0,0,0,0,"N",0,0.0,0,0,0,0,0,0,0,0,0,0,0,0
"54055","5","56133","77","0","2008","A","N","Mercer County, West Virginia","Private","Professional employer organizations","County, NAICS 5-digit -- by ownership sector","All establishment sizes",3,0,0,0,0,0,0,"N",1.35,0,0,0,0,0,0,"N",1,50.0,0,0,0,0,0,0,0,0,0,0,0,0
"54055","5","561330","78","0","2008","A","N","Mercer County, West Virginia","Private","Professional employer organizations","County, NAICS 6-digit -- by ownership sector","All establishment sizes",3,0,0,0,0,0,0,"N",1.35,0,0,0,0,0,0,"N",1,50.0,0,0,0,0,0,0,0,0,0,0,0,0
"54055","5","5614","76","0","2008","A","N","Mercer County, West Virginia","Private","Business support services","County, NAICS 4-digit -- by ownership sector","All establishment sizes",5,0,0,0,0,0,0,"N",0.63,0,0,0,0,0,0,"N",-1,-16.7,0,0,0,0,0,0,0,0,0,0,0,0
"54055","5","56142","77","0","2008","A","N","Mercer County, West Virginia","Private","Telephone call centers","County, NAICS 5-digit -- by ownership sector","All establishment sizes",3,0,0,0,0,0,0,"N",2.35,0,0,0,0,0,0,"N",0,0.0,0,0,0,0,0,0,0,0,0,0,0,0
"54055","5","561421","78","0","2008","A","N","Mercer County, West Virginia","Private","Telephone answering services","County, NAICS 6-digit -- by ownership sector","All establishment sizes",1,0,0,0,0,0,0,"N",2.85,0,0,0,0,0,0,"N",0,0.0,0,0,0,0,0,0,0,0,0,0,0,0
"54055","5","561422","78","0","2008","A","N","Mercer County, West Virginia","Private","Telemarketing and other contact centers","County, NAICS 6-digit -- by ownership sector","All establishment sizes",2,0,0,0,0,0,0,"N",2.17,0,0,0,0,0,0,"N",0,0.0,0,0,0,0,0,0,0,0,0,0,0,0
"54055","5","56143","77","0","2008","A","N","Mercer County, West Virginia","Private","Business service centers","County, NAICS 5-digit -- by ownership sector","All establishment sizes",1,0,0,0,0,0,0,"N",0.53,0,0,0,0,0,0,"N",0,0.0,0,0,0,0,0,0,0,0,0,0,0,0
"54055","5","561431","78","0","2008","A","N","Mercer County, West Virginia","Private","Private mail centers","County, NAICS 6-digit -- by ownership sector","All establishment sizes",1,0,0,0,0,0,0,"N",1.07,0,0,0,0,0,0,"N",0,0.0,0,0,0,0,0,0,0,0,0,0,0,0
"54055","5","56149","77","0","2008","A","N","Mercer County, West Virginia","Private","Other business support services","County, NAICS 5-digit -- by ownership sector","All establishment sizes",1,0,0,0,0,0,0,"N",0.48,0,0,0,0,0,0,"N",-1,-50.0,0,0,0,0,0,0,0,0,0,0,0,0
"54055","5","561491","78","0","2008","A","N","Mercer County, West Virginia","Private","Repossession services","County, NAICS 6-digit -- by ownership sector","All establishment sizes",1,0,0,0,0,0,0,"N",5.70,0,0,0,0,0,0,"N",0,0.0,0,0,0,0,0,0,0,0,0,0,0,0
"54055","5","5615","76","0","2008","A","N","Mercer County, West Virginia","Private","Travel arrangement and reservation services","County, NAICS 4-digit -- by ownership sector","All establishment sizes",4,0,0,0,0,0,0,"N",0.97,0,0,0,0,0,0,"N",0,0.0,0,0,0,0,0,0,0,0,0,0,0,0
"54055","5","56151","77","0","2008","A","N","Mercer County, West Virginia","Private","Travel agencies","County, NAICS 5-digit -- by ownership sector","All establishment sizes",2,0,0,0,0,0,0,"N",0.71,0,0,0,0,0,0,"N",0,0.0,0,0,0,0,0,0,0,0,0,0,0,0
"54055","5","561510","78","0","2008","A","N","Mercer County, West Virginia","Private","Travel agencies","County, NAICS 6-digit -- by ownership sector","All establishment sizes",2,0,0,0,0,0,0,"N",0.71,0,0,0,0,0,0,"N",0,0.0,0,0,0,0,0,0,0,0,0,0,0,0
"54055","5","56159","77","0","2008","A","N","Mercer County, West Virginia","Private","Other travel arrangement services","County, NAICS 5-digit -- by ownership sector","All establishment sizes",2,0,0,0,0,0,0,"N",2.48,0,0,0,0,0,0,"N",0,0.0,0,0,0,0,0,0,0,0,0,0,0,0
"54055","5","561591","78","0","2008","A","N","Mercer County, West Virginia","Private","Convention and visitors bureaus","County, NAICS 6-digit -- by ownership sector","All establishment sizes",1,0,0,0,0,0,0,"N",5.96,0,0,0,0,0,0,"N",0,0.0,0,0,0,0,0,0,0,0,0,0,0,0
"54055","5","561599","78","0","2008","A","N","Mercer County, West Virginia","Private","All other travel arrangement services","County, NAICS 6-digit -- by ownership sector","All establishment sizes",1,0,0,0,0,0,0,"N",1.57,0,0,0,0,0,0,"N",0,0.0,0,0,0,0,0,0,0,0,0,0,0,0
"54055","5","5616","76","0","2008","A","","Mercer County, West Virginia","Private","Investigation and security services","County, NAICS 4-digit -- by ownership sector","All establishment sizes",10,235,4160584,2263830,57573,341,17711,"",2.13,1.81,1.74,2.18,2.30,0.96,0.96,"",-1,-9.1,27,13.0,615974,17.4,292428,14.8,6879,13.6,14,4.3,683,4.0
"54055","5","56161","77","0","2008","A","N","Mercer County, West Virginia","Private","Security and armored car services","County, NAICS 5-digit -- by ownership sector","All establishment sizes",8,0,0,0,0,0,0,"N",2.79,0,0,0,0,0,0,"N",-1,-11.1,0,0,0,0,0,0,0,0,0,0,0,0
"54055","5","561612","78","0","2008","A","N","Mercer County, West Virginia","Private","Security guards and patrol services","County, NAICS 6-digit -- by ownership sector","All establishment sizes",8,0,0,0,0,0,0,"N",4.32,0,0,0,0,0,0,"N",0,0.0,0,0,0,0,0,0,0,0,0,0,0,0
"54055","5","56162","77","0","2008","A","N","Mercer County, West Virginia","Private","Security systems services","County, NAICS 5-digit -- by ownership sector","All establishment sizes",2,0,0,0,0,0,0,"N",1.09,0,0,0,0,0,0,"N",0,0.0,0,0,0,0,0,0,0,0,0,0,0,0
"54055","5","561621","78","0","2008","A","N","Mercer County, West Virginia","Private","Security systems services, except locksmiths","County, NAICS 6-digit -- by ownership sector","All establishment sizes",2,0,0,0,0,0,0,"N",1.67,0,0,0,0,0,0,"N",0,0.0,0,0,0,0,0,0,0,0,0,0,0,0
"54055","5","5617","76","0","2008","A","","Mercer County, West Virginia","Private","Services to buildings and dwellings","County, NAICS 4-digit -- by ownership sector","All establishment sizes",26,99,1304175,756593,23544,252,13129,"",0.81,0.34,0.28,0.33,0.38,0.83,0.83,"",-3,-10.3,-4,-3.9,-290663,-18.2,-18438,-2.4,1487,6.7,-45,-15.2,-2317,-15.0
"54055","5","56171","77","0","2008","A","N","Mercer County, West Virginia","Private","Exterminating and pest control services","County, NAICS 5-digit -- by ownership sector","All establishment sizes",2,0,0,0,0,0,0,"N",0.96,0,0,0,0,0,0,"N",-1,-33.3,0,0,0,0,0,0,0,0,0,0,0,0
"54055","5","561710","78","0","2008","A","N","Mercer County, West Virginia","Private","Exterminating and pest control services","County, NAICS 6-digit -- by ownership sector","All establishment sizes",2,0,0,0,0,0,0,"N",0.96,0,0,0,0,0,0,"N",-1,-33.3,0,0,0,0,0,0,0,0,0,0,0,0
"54055","5","56172","77","0","2008","A","","Mercer County, West Virginia","Private","Janitorial services","County, NAICS 5-digit -- by ownership sector","All establishment sizes",13,47,472626,330558,7026,193,10038,"",1.31,0.31,0.25,0.31,0.31,0.82,0.82,"",-1,-7.1,-9,-16.1,-335364,-41.5,-59801,-15.3,-1021,-12.7,-86,-30.8,-4455,-30.7
"54055","5","561720","78","0","2008","A","","Mercer County, West Virginia","Private","Janitorial services","County, NAICS 6-digit -- by ownership sector","All establishment sizes",13,47,472626,330558,7026,193,10038,"",1.31,0.31,0.25,0.31,0.31,0.82,0.82,"",-1,-7.1,-9,-16.1,-335364,-41.5,-59801,-15.3,-1021,-12.7,-86,-30.8,-4455,-30.7
"54055","5","56173","77","0","2008","A","","Mercer County, West Virginia","Private","Landscaping services","County, NAICS 5-digit -- by ownership sector","All establishment sizes",9,29,380062,262892,11715,248,12920,"",0.56,0.27,0.19,0.28,0.37,0.68,0.68,"",-1,-10.0,5,20.8,73290,23.9,73347,38.7,3597,44.3,6,2.5,356,2.8
"54055","5","561730","78","0","2008","A","","Mercer County, West Virginia","Private","Landscaping services","County, NAICS 6-digit -- by ownership sector","All establishment sizes",9,29,380062,262892,11715,248,12920,"",0.56,0.27,0.19,0.28,0.37,0.68,0.68,"",-1,-10.0,5,20.8,73290,23.9,73347,38.7,3597,44.3,6,2.5,356,2.8
"54055","5","56179","77","0","2008","A","N","Mercer County, West Virginia","Private","Other services to buildings and dwellings","County, NAICS 5-digit -- by ownership sector","All establishment sizes",2,0,0,0,0,0,0,"N",0.90,0,0,0,0,0,0,"N",0,0.0,0,0,0,0,0,0,0,0,0,0,0,0
"54055","5","561790","78","0","2008","A","N","Mercer County, West Virginia","Private","Other services to buildings and dwellings","County, NAICS 6-digit -- by ownership sector","All establishment sizes",2,0,0,0,0,0,0,"N",0.90,0,0,0,0,0,0,"N",0,0.0,0,0,0,0,0,0,0,0,0,0,0,0
"54055","5","5619","76","0","2008","A","","Mercer County, West Virginia","Private","Other support services","County, NAICS 4-digit -- by ownership sector","All establishment sizes",5,26,378846,131827,3390,286,14857,"",1.14,0.52,0.30,0.31,0.26,0.59,0.59,"",0,0.0,3,13.0,62112,19.6,2588,2.0,567,20.1,17,6.3,883,6.3
"54055","5","56199","77","0","2008","A","","Mercer County, West Virginia","Private","All other support services","County, NAICS 5-digit -- by ownership sector","All establishment sizes",5,26,378846,131827,3390,286,14857,"",1.56,0.81,0.48,0.51,0.48,0.60,0.60,"",0,0.0,3,13.0,62112,19.6,2588,2.0,567,20.1,17,6.3,883,6.3
"54055","5","561990","78","0","2008","A","","Mercer County, West Virginia","Private","All other support services","County, NAICS 6-digit -- by ownership sector","All establishment sizes",5,26,378846,131827,3390,286,14857,"",1.56,0.81,0.48,0.51,0.48,0.60,0.60,"",0,0.0,3,13.0,62112,19.6,2588,2.0,567,20.1,17,6.3,883,6.3
"54055","5","562","75","0","2008","A","","Mercer County, West Virginia","Private","Waste management and remediation services","County, NAICS 3-digit -- by ownership sector","All establishment sizes",9,60,2007332,539710,23451,641,33317,"",2.28,1.05,1.06,0.96,1.45,1.01,1.01,"",1,12.5,10,20.0,390367,24.1,100049,22.8,-756,-3.1,22,3.6,1139,3.5
"54055","5","5621","76","0","2008","A","","Mercer County, West Virginia","Private","Waste collection","County, NAICS 4-digit -- by ownership sector","All establishment sizes",5,20,499030,203959,6437,474,24643,"",3.10,0.90,0.77,0.98,1.24,0.84,0.84,"",1,25.0,4,25.0,170170,51.7,100532,97.2,2810,77.5,66,16.2,3426,16.1
"54055","5","56211","77","0","2008","A","","Mercer County, West Virginia","Private","Waste collection","County, NAICS 5-digit -- by ownership sector","All establishment sizes",5,20,499030,203959,6437,474,24643,"",3.10,0.90,0.77,0.98,1.24,0.84,0.84,"",1,25.0,4,25.0,170170,51.7,100532,97.2,2810,77.5,66,16.2,3426,16.1
"54055","5","562111","78","0","2008","A","","Mercer County, West Virginia","Private","Solid waste collection","County, NAICS 6-digit -- by ownership sector","All establishment sizes",5,20,499030,203959,6437,474,24643,"",3.91,1.05,0.90,1.16,1.50,0.84,0.84,"",1,25.0,4,25.0,170170,51.7,100532,97.2,2810,77.5,66,16.2,3426,16.1
"54055","5","5629","76","0","2008","A","","Mercer County, West Virginia","Private","Remediation and other waste services","County, NAICS 4-digit -- by ownership sector","All establishment sizes",4,40,1508302,335751,17014,725,37708,"",2.31,2.09,2.46,1.60,2.31,1.17,1.18,"",0,0.0,5,14.3,220197,17.1,-483,-0.1,-3566,-17.3,12,1.7,640,1.7
"54055","5","56291","77","0","2008","A","N","Mercer County, West Virginia","Private","Remediation services","County, NAICS 5-digit -- by ownership sector","All establishment sizes",2,0,0,0,0,0,0,"N",2.51,0,0,0,0,0,0,"N",0,0.0,0,0,0,0,0,0,0,0,0,0,0,0
"54055","5","562910","78","0","2008","A","N","Mercer County, West Virginia","Private","Remediation services","County, NAICS 6-digit -- by ownership sector","All establishment sizes",2,0,0,0,0,0,0,"N",2.51,0,0,0,0,0,0,"N",0,0.0,0,0,0,0,0,0,0,0,0,0,0,0
"54055","5","56292","77","0","2008","A","N","Mercer County, West Virginia","Private","Materials recovery facilities","County, NAICS 5-digit -- by ownership sector","All establishment sizes",1,0,0,0,0,0,0,"N",8.19,0,0,0,0,0,0,"N",0,0.0,0,0,0,0,0,0,0,0,0,0,0,0
"54055","5","562920","78","0","2008","A","N","Mercer County, West Virginia","Private","Materials recovery facilities","County, NAICS 6-digit -- by ownership sector","All establishment sizes",1,0,0,0,0,0,0,"N",8.19,0,0,0,0,0,0,"N",0,0.0,0,0,0,0,0,0,0,0,0,0,0,0
"54055","5","56299","77","0","2008","A","N","Mercer County, West Virginia","Private","All other waste management services","County, NAICS 5-digit -- by ownership sector","All establishment sizes",1,0,0,0,0,0,0,"N",1.24,0,0,0,0,0,0,"N",0,0.0,0,0,0,0,0,0,0,0,0,0,0,0
"54055","5","562991","78","0","2008","A","N","Mercer County, West Virginia","Private","Septic tank and related services","County, NAICS 6-digit -- by ownership sector","All establishment sizes",1,0,0,0,0,0,0,"N",1.73,0,0,0,0,0,0,"N",0,0.0,0,0,0,0,0,0,0,0,0,0,0,0
"54055","5","61","74","0","2008","A","","Mercer County, West Virginia","Private","Educational services","County, NAICS Sector -- by ownership sector","All establishment sizes",4,53,786965,441429,10264,284,14756,"",0.27,0.14,0.08,0.36,0.35,0.55,0.55,"",0,0.0,-26,-32.9,-381345,-32.6,-154624,-25.9,-5314,-34.1,0,0.0,14,0.1
"54055","5","611","75","0","2008","A","","Mercer County, West Virginia","Private","Educational services","County, NAICS 3-digit -- by ownership sector","All establishment sizes",4,53,786965,441429,10264,284,14756,"",0.27,0.14,0.08,0.36,0.35,0.55,0.55,"",0,0.0,-26,-32.9,-381345,-32.6,-154624,-25.9,-5314,-34.1,0,0.0,14,0.1
"54055","5","6112","76","0","2008","A","N","Mercer County, West Virginia","Private","Junior colleges","County, NAICS 4-digit -- by ownership sector","All establishment sizes",1,0,0,0,0,0,0,"N",7.76,0,0,0,0,0,0,"N",0,0.0,0,0,0,0,0,0,0,0,0,0,0,0
"54055","5","61121","77","0","2008","A","N","Mercer County, West Virginia","Private","Junior colleges","County, NAICS 5-digit -- by ownership sector","All establishment sizes",1,0,0,0,0,0,0,"N",7.76,0,0,0,0,0,0,"N",0,0.0,0,0,0,0,0,0,0,0,0,0,0,0
"54055","5","611210","78","0","2008","A","N","Mercer County, West Virginia","Private","Junior colleges","County, NAICS 6-digit -- by ownership sector","All establishment sizes",1,0,0,0,0,0,0,"N",7.76,0,0,0,0,0,0,"N",0,0.0,0,0,0,0,0,0,0,0,0,0,0,0
"54055","5","6116","76","0","2008","A","N","Mercer County, West Virginia","Private","Other schools and instruction","County, NAICS 4-digit -- by ownership sector","All establishment sizes",1,0,0,0,0,0,0,"N",0.16,0,0,0,0,0,0,"N",0,0.0,0,0,0,0,0,0,0,0,0,0,0,0
"54055","5","61161","77","0","2008","A","N","Mercer County, West Virginia","Private","Fine arts schools","County, NAICS 5-digit -- by ownership sector","All establishment sizes",1,0,0,0,0,0,0,"N",0.58,0,0,0,0,0,0,"N",0,0.0,0,0,0,0,0,0,0,0,0,0,0,0
"54055","5","611610","78","0","2008","A","N","Mercer County, West Virginia","Private","Fine arts schools","County, NAICS 6-digit -- by ownership sector","All establishment sizes",1,0,0,0,0,0,0,"N",0.58,0,0,0,0,0,0,"N",0,0.0,0,0,0,0,0,0,0,0,0,0,0,0
"54055","5","6117","76","0","2008","A","N","Mercer County, West Virginia","Private","Educational support services","County, NAICS 4-digit -- by ownership sector","All establishment sizes",2,0,0,0,0,0,0,"N",1.14,0,0,0,0,0,0,"N",0,0.0,0,0,0,0,0,0,0,0,0,0,0,0
"54055","5","61171","77","0","2008","A","N","Mercer County, West Virginia","Private","Educational support services","County, NAICS 5-digit -- by ownership sector","All establishment sizes",2,0,0,0,0,0,0,"N",1.14,0,0,0,0,0,0,"N",0,0.0,0,0,0,0,0,0,0,0,0,0,0,0
"54055","5","611710","78","0","2008","A","N","Mercer County, West Virginia","Private","Educational support services","County, NAICS 6-digit -- by ownership sector","All establishment sizes",2,0,0,0,0,0,0,"N",1.14,0,0,0,0,0,0,"N",0,0.0,0,0,0,0,0,0,0,0,0,0,0,0
"54055","5","62","74","0","2008","A","","Mercer County, West Virginia","Private","Health care and social assistance","County, NAICS Sector -- by ownership sector","All establishment sizes",241,3452,115916431,20468595,464955,646,33578,"",1.92,1.38,1.66,1.65,1.99,1.20,1.20,"",-1,-0.4,1,0.0,4374661,3.9,-1814085,-8.1,-25128,-5.1,24,3.9,1256,3.9
"54055","5","621","75","0","2008","A","","Mercer County, West Virginia","Private","Ambulatory health care services","County, NAICS 3-digit -- by ownership sector","All establishment sizes",150,1349,53988742,11128621,230412,770,40029,"",1.74,1.49,1.72,1.69,1.93,1.16,1.16,"",-4,-2.6,-38,-2.7,571787,1.1,-627778,-5.3,-13280,-5.4,29,3.9,1509,3.9
"54055","5","6211","76","0","2008","A","","Mercer County, West Virginia","Private","Offices of physicians","County, NAICS 4-digit -- by ownership sector","All establishment sizes",85,606,32621112,4971479,109258,1035,53830,"",2.39,1.67,1.86,1.84,2.32,1.11,1.11,"",-4,-4.5,-18,-2.9,-42829,-0.1,-348236,-6.5,-8764,-7.4,29,2.9,1498,2.9
"54055","5","62111","77","0","2008","A","","Mercer County, West Virginia","Private","Offices of physicians","County, NAICS 5-digit -- by ownership sector","All establishment sizes",85,606,32621112,4971479,109258,1035,53830,"",2.39,1.67,1.86,1.84,2.32,1.11,1.11,"",-4,-4.5,-18,-2.9,-42829,-0.1,-348236,-6.5,-8764,-7.4,29,2.9,1498,2.9
"54055","5","621111","78","0","2008","A","","Mercer County, West Virginia","Private","Offices of physicians, except mental health","County, NAICS 6-digit -- by ownership sector","All establishment sizes",82,597,32378825,4899932,107853,1043,54259,"",2.42,1.68,1.88,1.85,2.34,1.11,1.12,"",-3,-3.5,-17,-2.8,-18006,-0.1,-325673,-6.2,-7994,-6.9,28,2.8,1467,2.8
"54055","5","621112","78","0","2008","A","","Mercer County, West Virginia","Private","Offices of mental health physicians","County, NAICS 6-digit -- by ownership sector","All establishment sizes",3,9,242287,71547,1405,504,26193,"",1.86,1.24,0.95,1.36,1.39,0.75,0.75,"",-1,-25.0,-2,-18.2,-24823,-9.3,-22563,-24.0,-770,-35.4,15,3.1,754,3.0
"54055","5","6212","76","0","2008","A","","Mercer County, West Virginia","Private","Offices of dentists","County, NAICS 4-digit -- by ownership sector","All establishment sizes",23,143,4120891,1208539,25210,555,28868,"",1.14,1.09,1.06,1.11,1.35,0.97,0.97,"",0,0.0,4,2.9,450485,12.3,63718,5.6,3375,15.5,48,9.5,2478,9.4
"54055","5","62121","77","0","2008","A","","Mercer County, West Virginia","Private","Offices of dentists","County, NAICS 5-digit -- by ownership sector","All establishment sizes",23,143,4120891,1208539,25210,555,28868,"",1.14,1.09,1.06,1.11,1.35,0.97,0.97,"",0,0.0,4,2.9,450485,12.3,63718,5.6,3375,15.5,48,9.5,2478,9.4
"54055","5","621210","78","0","2008","A","","Mercer County, West Virginia","Private","Offices of dentists","County, NAICS 6-digit -- by ownership sector","All establishment sizes",23,143,4120891,1208539,25210,555,28868,"",1.14,1.09,1.06,1.11,1.35,0.97,0.97,"",0,0.0,4,2.9,450485,12.3,63718,5.6,3375,15.5,48,9.5,2478,9.4
"54055","5","6213","76","0","2008","A","","Mercer County, West Virginia","Private","Offices of other health practitioners","County, NAICS 4-digit -- by ownership sector","All establishment sizes",23,111,2738751,992951,25031,474,24636,"",1.19,1.10,1.15,1.25,1.73,1.04,1.04,"",-2,-8.0,-34,-23.4,-466194,-14.5,-313645,-24.0,-9821,-28.2,48,11.3,2507,11.3
"54055","5","62131","77","0","2008","A","N","Mercer County, West Virginia","Private","Offices of chiropractors","County, NAICS 5-digit -- by ownership sector","All establishment sizes",3,0,0,0,0,0,0,"N",0.49,0,0,0,0,0,0,"N",0,0.0,0,0,0,0,0,0,0,0,0,0,0,0
"54055","5","621310","78","0","2008","A","N","Mercer County, West Virginia","Private","Offices of chiropractors","County, NAICS 6-digit -- by ownership sector","All establishment sizes",3,0,0,0,0,0,0,"N",0.49,0,0,0,0,0,0,"N",0,0.0,0,0,0,0,0,0,0,0,0,0,0,0
"54055","5","62132","77","0","2008","A","","Mercer County, West Virginia","Private","Offices of optometrists","County, NAICS 5-digit -- by ownership sector","All establishment sizes",4,30,578783,267556,5378,367,19081,"",1.27,1.77,1.52,1.99,2.52,0.85,0.85,"",0,0.0,3,11.1,30059,5.5,53125,24.8,1711,46.7,-30,-7.6,-1561,-7.6
"54055","5","621320","78","0","2008","A","","Mercer County, West Virginia","Private","Offices of optometrists","County, NAICS 6-digit -- by ownership sector","All establishment sizes",4,30,578783,267556,5378,367,19081,"",1.27,1.77,1.52,1.99,2.52,0.85,0.85,"",0,0.0,3,11.1,30059,5.5,53125,24.8,1711,46.7,-30,-7.6,-1561,-7.6
"54055","5","62133","77","0","2008","A","","Mercer County, West Virginia","Private","Offices of mental health practitioners","County, NAICS 5-digit -- by ownership sector","All establishment sizes",7,44,772955,395451,13141,342,17769,"",3.07,4.69,3.46,5.73,9.62,0.75,0.75,"",1,16.7,-16,-26.7,-75902,-8.9,-158605,-28.6,-6371,-32.7,68,24.8,3502,24.5
"54055","5","621330","78","0","2008","A","","Mercer County, West Virginia","Private","Offices of mental health practitioners","County, NAICS 6-digit -- by ownership sector","All establishment sizes",7,44,772955,395451,13141,342,17769,"",3.07,4.69,3.46,5.73,9.62,0.75,0.75,"",1,16.7,-16,-26.7,-75902,-8.9,-158605,-28.6,-6371,-32.7,68,24.8,3502,24.5
"54055","5","62134","77","0","2008","A","","Mercer County, West Virginia","Private","Offices of specialty therapists","County, NAICS 5-digit -- by ownership sector","All establishment sizes",8,29,1076242,255508,4989,714,37112,"",1.81,0.72,1.04,0.79,0.85,1.43,1.43,"",-2,-20.0,-21,-42.0,-422241,-28.2,-210709,-45.2,-5481,-52.3,132,22.7,6840,22.6
"54055","5","621340","78","0","2008","A","","Mercer County, West Virginia","Private","Offices of specialty therapists","County, NAICS 6-digit -- by ownership sector","All establishment sizes",8,29,1076242,255508,4989,714,37112,"",1.81,0.72,1.04,0.79,0.85,1.43,1.43,"",-2,-20.0,-21,-42.0,-422241,-28.2,-210709,-45.2,-5481,-52.3,132,22.7,6840,22.6
"54055","5","62139","77","0","2008","A","N","Mercer County, West Virginia","Private","Offices of all other health practitioners","County, NAICS 5-digit -- by ownership sector","All establishment sizes",2,0,0,0,0,0,0,"N",0.59,0,0,0,0,0,0,"N",0,0.0,0,0,0,0,0,0,0,0,0,0,0,0
"54055","5","621391","78","0","2008","A","N","Mercer County, West Virginia","Private","Offices of podiatrists","County, NAICS 6-digit -- by ownership sector","All establishment sizes",1,0,0,0,0,0,0,"N",0.75,0,0,0,0,0,0,"N",0,0.0,0,0,0,0,0,0,0,0,0,0,0,0
"54055","5","621399","78","0","2008","A","N","Mercer County, West Virginia","Private","Offices of miscellaneous health practitioners","County, NAICS 6-digit -- by ownership sector","All establishment sizes",1,0,0,0,0,0,0,"N",0.49,0,0,0,0,0,0,"N",0,0.0,0,0,0,0,0,0,0,0,0,0,0,0
"54055","5","6214","76","0","2008","A","","Mercer County, West Virginia","Private","Outpatient care centers","County, NAICS 4-digit -- by ownership sector","All establishment sizes",4,245,7247230,2345871,40612,570,29641,"",1.11,2.87,2.71,4.88,4.19,0.95,0.95,"",0,0.0,8,3.4,170426,2.4,16855,0.7,318,0.8,-4,-0.7,-229,-0.8
"54055","5","62142","77","0","2008","A","N","Mercer County, West Virginia","Private","Outpatient mental health centers","County, NAICS 5-digit -- by ownership sector","All establishment sizes",1,0,0,0,0,0,0,"N",0.91,0,0,0,0,0,0,"N",0,0.0,0,0,0,0,0,0,0,0,0,0,0,0
"54055","5","621420","78","0","2008","A","N","Mercer County, West Virginia","Private","Outpatient mental health centers","County, NAICS 6-digit -- by ownership sector","All establishment sizes",1,0,0,0,0,0,0,"N",0.91,0,0,0,0,0,0,"N",0,0.0,0,0,0,0,0,0,0,0,0,0,0,0
"54055","5","62149","77","0","2008","A","N","Mercer County, West Virginia","Private","Other outpatient care centers","County, NAICS 5-digit -- by ownership sector","All establishment sizes",3,0,0,0,0,0,0,"N",1.35,0,0,0,0,0,0,"N",0,0.0,0,0,0,0,0,0,0,0,0,0,0,0
"54055","5","621492","78","0","2008","A","N","Mercer County, West Virginia","Private","Kidney dialysis centers","County, NAICS 6-digit -- by ownership sector","All establishment sizes",2,0,0,0,0,0,0,"N",3.09,0,0,0,0,0,0,"N",0,0.0,0,0,0,0,0,0,0,0,0,0,0,0
"54055","5","621498","78","0","2008","A","N","Mercer County, West Virginia","Private","All other outpatient care centers","County, NAICS 6-digit -- by ownership sector","All establishment sizes",1,0,0,0,0,0,0,"N",1.43,0,0,0,0,0,0,"N",0,0.0,0,0,0,0,0,0,0,0,0,0,0,0
"54055","5","6215","76","0","2008","A","N","Mercer County, West Virginia","Private","Medical and diagnostic laboratories","County, NAICS 4-digit -- by ownership sector","All establishment sizes",3,0,0,0,0,0,0,"N",1.25,0,0,0,0,0,0,"N",1,50.0,0,0,0,0,0,0,0,0,0,0,0,0
"54055","5","62151","77","0","2008","A","N","Mercer County, West Virginia","Private","Medical and diagnostic laboratories","County, NAICS 5-digit -- by ownership sector","All establishment sizes",3,0,0,0,0,0,0,"N",1.25,0,0,0,0,0,0,"N",1,50.0,0,0,0,0,0,0,0,0,0,0,0,0
"54055","5","621511","78","0","2008","A","N","Mercer County, West Virginia","Private","Medical laboratories","County, NAICS 6-digit -- by ownership sector","All establishment sizes",2,0,0,0,0,0,0,"N",1.45,0,0,0,0,0,0,"N",1,100.0,0,0,0,0,0,0,0,0,0,0,0,0
"54055","5","621512","78","0","2008","A","N","Mercer County, West Virginia","Private","Diagnostic imaging centers","County, NAICS 6-digit -- by ownership sector","All establishment sizes",1,0,0,0,0,0,0,"N",0.99,0,0,0,0,0,0,"N",0,0.0,0,0,0,0,0,0,0,0,0,0,0,0
"54055","5","6216","76","0","2008","A","N","Mercer County, West Virginia","Private","Home health care services","County, NAICS 4-digit -- by ownership sector","All establishment sizes",7,0,0,0,0,0,0,"N",1.89,0,0,0,0,0,0,"N",0,0.0,0,0,0,0,0,0,0,0,0,0,0,0
"54055","5","62161","77","0","2008","A","N","Mercer County, West Virginia","Private","Home health care services","County, NAICS 5-digit -- by ownership sector","All establishment sizes",7,0,0,0,0,0,0,"N",1.89,0,0,0,0,0,0,"N",0,0.0,0,0,0,0,0,0,0,0,0,0,0,0
"54055","5","621610","78","0","2008","A","N","Mercer County, West Virginia","Private","Home health care services","County, NAICS 6-digit -- by ownership sector","All establishment sizes",7,0,0,0,0,0,0,"N",1.89,0,0,0,0,0,0,"N",0,0.0,0,0,0,0,0,0,0,0,0,0,0,0
"54055","5","6219","76","0","2008","A","","Mercer County, West Virginia","Private","Other ambulatory health care services","County, NAICS 4-digit -- by ownership sector","All establishment sizes",5,123,3100495,479237,9285,485,25207,"",3.50,3.20,3.28,1.90,1.80,1.03,1.03,"",0,0.0,7,6.0,195152,6.7,43762,10.0,1178,14.5,5,1.0,251,1.0
"54055","5","62191","77","0","2008","A","N","Mercer County, West Virginia","Private","Ambulance services","County, NAICS 5-digit -- by ownership sector","All establishment sizes",4,0,0,0,0,0,0,"N",5.75,0,0,0,0,0,0,"N",0,0.0,0,0,0,0,0,0,0,0,0,0,0,0
"54055","5","621910","78","0","2008","A","N","Mercer County, West Virginia","Private","Ambulance services","County, NAICS 6-digit -- by ownership sector","All establishment sizes",4,0,0,0,0,0,0,"N",5.75,0,0,0,0,0,0,"N",0,0.0,0,0,0,0,0,0,0,0,0,0,0,0
"54055","5","62199","77","0","2008","A","N","Mercer County, West Virginia","Private","All other ambulatory health care services","County, NAICS 5-digit -- by ownership sector","All establishment sizes",1,0,0,0,0,0,0,"N",1.37,0,0,0,0,0,0,"N",0,0.0,0,0,0,0,0,0,0,0,0,0,0,0
"54055","5","621999","78","0","2008","A","N","Mercer County, West Virginia","Private","Miscellaneous ambulatory health care services","County, NAICS 6-digit -- by ownership sector","All establishment sizes",1,0,0,0,0,0,0,"N",2.02,0,0,0,0,0,0,"N",0,0.0,0,0,0,0,0,0,0,0,0,0,0,0
"54055","5","622","75","0","2008","A","N","Mercer County, West Virginia","Private","Hospitals","County, NAICS 3-digit -- by ownership sector","All establishment sizes",4,0,0,0,0,0,0,"N",3.04,0,0,0,0,0,0,"N",-1,-20.0,0,0,0,0,0,0,0,0,0,0,0,0
"54055","5","6221","76","0","2008","A","N","Mercer County, West Virginia","Private","General medical and surgical hospitals","County, NAICS 4-digit -- by ownership sector","All establishment sizes",2,0,0,0,0,0,0,"N",2.10,0,0,0,0,0,0,"N",-1,-33.3,0,0,0,0,0,0,0,0,0,0,0,0
"54055","5","62211","77","0","2008","A","N","Mercer County, West Virginia","Private","General medical and surgical hospitals","County, NAICS 5-digit -- by ownership sector","All establishment sizes",2,0,0,0,0,0,0,"N",2.10,0,0,0,0,0,0,"N",-1,-33.3,0,0,0,0,0,0,0,0,0,0,0,0
"54055","5","622110","78","0","2008","A","N","Mercer County, West Virginia","Private","General medical and surgical hospitals","County, NAICS 6-digit -- by ownership sector","All establishment sizes",2,0,0,0,0,0,0,"N",2.10,0,0,0,0,0,0,"N",-1,-33.3,0,0,0,0,0,0,0,0,0,0,0,0
"54055","5","6223","76","0","2008","A","N","Mercer County, West Virginia","Private","Other hospitals","County, NAICS 4-digit -- by ownership sector","All establishment sizes",2,0,0,0,0,0,0,"N",9.07,0,0,0,0,0,0,"N",0,0.0,0,0,0,0,0,0,0,0,0,0,0,0
"54055","5","62231","77","0","2008","A","N","Mercer County, West Virginia","Private","Other hospitals","County, NAICS 5-digit -- by ownership sector","All establishment sizes",2,0,0,0,0,0,0,"N",9.07,0,0,0,0,0,0,"N",0,0.0,0,0,0,0,0,0,0,0,0,0,0,0
"54055","5","622310","78","0","2008","A","N","Mercer County, West Virginia","Private","Other hospitals","County, NAICS 6-digit -- by ownership sector","All establishment sizes",2,0,0,0,0,0,0,"N",9.07,0,0,0,0,0,0,"N",0,0.0,0,0,0,0,0,0,0,0,0,0,0,0
"54055","5","623","75","0","2008","A","","Mercer County, West Virginia","Private","Nursing and residential care facilities","County, NAICS 3-digit -- by ownership sector","All establishment sizes",48,647,13209109,4377096,97565,393,20419,"",4.26,1.34,1.56,1.55,1.83,1.17,1.17,"",5,11.6,0,0.0,581247,4.6,176345,4.2,-3018,-3.0,18,4.8,899,4.6
"54055","5","6231","76","0","2008","A","N","Mercer County, West Virginia","Private","Nursing care facilities","County, NAICS 4-digit -- by ownership sector","All establishment sizes",3,0,0,0,0,0,0,"N",1.09,0,0,0,0,0,0,"N",0,0.0,0,0,0,0,0,0,0,0,0,0,0,0
"54055","5","62311","77","0","2008","A","N","Mercer County, West Virginia","Private","Nursing care facilities","County, NAICS 5-digit -- by ownership sector","All establishment sizes",3,0,0,0,0,0,0,"N",1.09,0,0,0,0,0,0,"N",0,0.0,0,0,0,0,0,0,0,0,0,0,0,0
"54055","5","623110","78","0","2008","A","N","Mercer County, West Virginia","Private","Nursing care facilities","County, NAICS 6-digit -- by ownership sector","All establishment sizes",3,0,0,0,0,0,0,"N",1.09,0,0,0,0,0,0,"N",0,0.0,0,0,0,0,0,0,0,0,0,0,0,0
"54055","5","6232","76","0","2008","A","N","Mercer County, West Virginia","Private","Residential mental health facilities","County, NAICS 4-digit -- by ownership sector","All establishment sizes",34,0,0,0,0,0,0,"N",8.51,0,0,0,0,0,0,"N",4,13.3,0,0,0,0,0,0,0,0,0,0,0,0
"54055","5","62321","77","0","2008","A","N","Mercer County, West Virginia","Private","Residential disability facilities","County, NAICS 5-digit -- by ownership sector","All establishment sizes",34,0,0,0,0,0,0,"N",11.69,0,0,0,0,0,0,"N",4,13.3,0,0,0,0,0,0,0,0,0,0,0,0
"54055","5","623210","78","0","2008","A","N","Mercer County, West Virginia","Private","Residential disability facilities","County, NAICS 6-digit -- by ownership sector","All establishment sizes",34,0,0,0,0,0,0,"N",11.69,0,0,0,0,0,0,"N",4,13.3,0,0,0,0,0,0,0,0,0,0,0,0
"54055","5","6233","76","0","2008","A","","Mercer County, West Virginia","Private","Community care facilities for the elderly","County, NAICS 4-digit -- by ownership sector","All establishment sizes",8,280,6106993,1347034,28276,420,21824,"",2.34,2.55,3.64,2.12,2.26,1.43,1.43,"",1,14.3,4,1.4,325474,5.6,36315,2.8,4194,17.4,17,4.2,845,4.0
"54055","5","62331","77","0","2008","A","","Mercer County, West Virginia","Private","Community care facilities for the elderly","County, NAICS 5-digit -- by ownership sector","All establishment sizes",8,280,6106993,1347034,28276,420,21824,"",2.34,2.55,3.64,2.12,2.26,1.43,1.43,"",1,14.3,4,1.4,325474,5.6,36315,2.8,4194,17.4,17,4.2,845,4.0
"54055","5","623311","78","0","2008","A","","Mercer County, West Virginia","Private","Continuing care retirement communities","County, NAICS 6-digit -- by ownership sector","All establishment sizes",4,233,5423791,972899,15809,447,23270,"",4.85,4.12,5.84,3.43,3.08,1.42,1.42,"",0,0.0,-1,-0.4,245495,4.7,-10809,-1.1,366,2.4,22,5.2,1156,5.2
"54055","5","623312","78","0","2008","A","","Mercer County, West Virginia","Private","Assisted living facilities for the elderly","County, NAICS 6-digit -- by ownership sector","All establishment sizes",4,47,683202,374135,12467,281,14614,"",1.54,0.88,0.91,1.07,1.69,1.04,1.04,"",1,33.3,6,14.6,79979,13.3,47124,14.4,3828,44.3,1,0.4,49,0.3
"54055","5","6239","76","0","2008","A","N","Mercer County, West Virginia","Private","Other residential care facilities","County, NAICS 4-digit -- by ownership sector","All establishment sizes",3,0,0,0,0,0,0,"N",2.74,0,0,0,0,0,0,"N",0,0.0,0,0,0,0,0,0,0,0,0,0,0,0
"54055","5","62399","77","0","2008","A","N","Mercer County, West Virginia","Private","Other residential care facilities","County, NAICS 5-digit -- by ownership sector","All establishment sizes",3,0,0,0,0,0,0,"N",2.74,0,0,0,0,0,0,"N",0,0.0,0,0,0,0,0,0,0,0,0,0,0,0
"54055","5","623990","78","0","2008","A","N","Mercer County, West Virginia","Private","Other residential care facilities","County, NAICS 6-digit -- by ownership sector","All establishment sizes",3,0,0,0,0,0,0,"N",2.74,0,0,0,0,0,0,"N",0,0.0,0,0,0,0,0,0,0,0,0,0,0,0
"54055","5","624","75","0","2008","A","N","Mercer County, West Virginia","Private","Social assistance","County, NAICS 3-digit -- by ownership sector","All establishment sizes",39,0,0,0,0,0,0,"N",1.45,0,0,0,0,0,0,"N",0,0.0,0,0,0,0,0,0,0,0,0,0,0,0
"54055","5","6241","76","0","2008","A","","Mercer County, West Virginia","Private","Individual and family services","County, NAICS 4-digit -- by ownership sector","All establishment sizes",17,224,3633033,1884547,42097,313,16255,"",1.36,1.26,1.31,2.16,1.98,1.04,1.04,"",-1,-5.6,20,9.8,462708,14.6,276031,17.2,4142,10.9,15,5.0,740,4.8
"54055","5","62411","77","0","2008","A","","Mercer County, West Virginia","Private","Child and youth services","County, NAICS 5-digit -- by ownership sector","All establishment sizes",5,30,703585,209611,4670,456,23716,"",3.12,1.10,1.38,1.76,1.51,1.26,1.27,"",-1,-16.7,-5,-14.3,-89346,-11.3,2866,1.4,-754,-13.9,17,3.9,898,3.9
"54055","5","624110","78","0","2008","A","","Mercer County, West Virginia","Private","Child and youth services","County, NAICS 6-digit -- by ownership sector","All establishment sizes",5,30,703585,209611,4670,456,23716,"",3.12,1.10,1.38,1.76,1.51,1.26,1.27,"",-1,-16.7,-5,-14.3,-89346,-11.3,2866,1.4,-754,-13.9,17,3.9,898,3.9
"54055","5","62412","77","0","2008","A","","Mercer County, West Virginia","Private","Services for the elderly and disabled","County, NAICS 5-digit -- by ownership sector","All establishment sizes",4,104,1249000,918182,19099,230,11971,"",0.58,1.11,1.07,1.97,1.97,0.96,0.96,"",0,0.0,11,11.8,134063,12.0,189682,26.0,4199,28.2,0,0.0,4,0.0
"54055","5","624120","78","0","2008","A","","Mercer County, West Virginia","Private","Services for the elderly and disabled","County, NAICS 6-digit -- by ownership sector","All establishment sizes",4,104,1249000,918182,19099,230,11971,"",0.58,1.11,1.07,1.97,1.97,0.96,0.96,"",0,0.0,11,11.8,134063,12.0,189682,26.0,4199,28.2,0,0.0,4,0.0
"54055","5","62419","77","0","2008","A","","Mercer County, West Virginia","Private","Other individual and family services","County, NAICS 5-digit -- by ownership sector","All establishment sizes",8,90,1680448,756754,18328,361,18776,"",2.01,1.58,1.53,2.62,2.17,0.98,0.98,"",0,0.0,14,18.4,417991,33.1,83483,12.4,697,4.0,43,13.5,2255,13.6
"54055","5","624190","78","0","2008","A","","Mercer County, West Virginia","Private","Other individual and family services","County, NAICS 6-digit -- by ownership sector","All establishment sizes",8,90,1680448,756754,18328,361,18776,"",2.01,1.58,1.53,2.62,2.17,0.98,0.98,"",0,0.0,14,18.4,417991,33.1,83483,12.4,697,4.0,43,13.5,2255,13.6
"54055","5","6242","76","0","2008","A","N","Mercer County, West Virginia","Private","Emergency and other relief services","County, NAICS 4-digit -- by ownership sector","All establishment sizes",1,0,0,0,0,0,0,"N",0.63,0,0,0,0,0,0,"N",0,0.0,0,0,0,0,0,0,0,0,0,0,0,0
"54055","5","62421","77","0","2008","A","N","Mercer County, West Virginia","Private","Community food services","County, NAICS 5-digit -- by ownership sector","All establishment sizes",1,0,0,0,0,0,0,"N",2.23,0,0,0,0,0,0,"N",0,0.0,0,0,0,0,0,0,0,0,0,0,0,0
"54055","5","624210","78","0","2008","A","N","Mercer County, West Virginia","Private","Community food services","County, NAICS 6-digit -- by ownership sector","All establishment sizes",1,0,0,0,0,0,0,"N",2.23,0,0,0,0,0,0,"N",0,0.0,0,0,0,0,0,0,0,0,0,0,0,0
"54055","5","6243","76","0","2008","A","N","Mercer County, West Virginia","Private","Vocational rehabilitation services","County, NAICS 4-digit -- by ownership sector","All establishment sizes",3,0,0,0,0,0,0,"N",1.91,0,0,0,0,0,0,"N",-1,-25.0,0,0,0,0,0,0,0,0,0,0,0,0
"54055","5","62431","77","0","2008","A","N","Mercer County, West Virginia","Private","Vocational rehabilitation services","County, NAICS 5-digit -- by ownership sector","All establishment sizes",3,0,0,0,0,0,0,"N",1.91,0,0,0,0,0,0,"N",-1,-25.0,0,0,0,0,0,0,0,0,0,0,0,0
"54055","5","624310","78","0","2008","A","N","Mercer County, West Virginia","Private","Vocational rehabilitation services","County, NAICS 6-digit -- by ownership sector","All establishment sizes",3,0,0,0,0,0,0,"N",1.91,0,0,0,0,0,0,"N",-1,-25.0,0,0,0,0,0,0,0,0,0,0,0,0
"54055","5","6244","76","0","2008","A","","Mercer County, West Virginia","Private","Child day care services","County, NAICS 4-digit -- by ownership sector","All establishment sizes",18,174,2261958,1348505,66030,250,13006,"",1.59,1.36,1.47,1.61,3.64,1.08,1.08,"",1,5.9,14,8.8,290558,14.7,184053,15.8,14834,29.0,12,5.0,653,5.3
"54055","5","62441","77","0","2008","A","","Mercer County, West Virginia","Private","Child day care services","County, NAICS 5-digit -- by ownership sector","All establishment sizes",18,174,2261958,1348505,66030,250,13006,"",1.59,1.36,1.47,1.61,3.64,1.08,1.08,"",1,5.9,14,8.8,290558,14.7,184053,15.8,14834,29.0,12,5.0,653,5.3
"54055","5","624410","78","0","2008","A","","Mercer County, West Virginia","Private","Child day care services","County, NAICS 6-digit -- by ownership sector","All establishment sizes",18,174,2261958,1348505,66030,250,13006,"",1.59,1.36,1.47,1.61,3.64,1.08,1.08,"",1,5.9,14,8.8,290558,14.7,184053,15.8,14834,29.0,12,5.0,653,5.3
"54055","5","71","74","0","2008","A","","Mercer County, West Virginia","Private","Arts, entertainment, and recreation","County, NAICS Sector -- by ownership sector","All establishment sizes",28,450,5967188,2920987,76273,255,13270,"",1.35,1.41,0.89,1.46,1.34,0.63,0.63,"",0,0.0,-34,-7.0,228338,4.0,203568,7.5,-3707,-4.6,27,11.8,1403,11.8
"54055","5","711","75","0","2008","A","N","Mercer County, West Virginia","Private","Performing arts and spectator sports","County, NAICS 3-digit -- by ownership sector","All establishment sizes",4,0,0,0,0,0,0,"N",0.51,0,0,0,0,0,0,"N",0,0.0,0,0,0,0,0,0,0,0,0,0,0,0
"54055","5","7112","76","0","2008","A","N","Mercer County, West Virginia","Private","Spectator sports","County, NAICS 4-digit -- by ownership sector","All establishment sizes",2,0,0,0,0,0,0,"N",1.95,0,0,0,0,0,0,"N",0,0.0,0,0,0,0,0,0,0,0,0,0,0,0
"54055","5","71121","77","0","2008","A","N","Mercer County, West Virginia","Private","Spectator sports","County, NAICS 5-digit -- by ownership sector","All establishment sizes",2,0,0,0,0,0,0,"N",1.95,0,0,0,0,0,0,"N",0,0.0,0,0,0,0,0,0,0,0,0,0,0,0
"54055","5","711211","78","0","2008","A","N","Mercer County, West Virginia","Private","Sports teams and clubs","County, NAICS 6-digit -- by ownership sector","All establishment sizes",2,0,0,0,0,0,0,"N",7.31,0,0,0,0,0,0,"N",0,0.0,0,0,0,0,0,0,0,0,0,0,0,0
"54055","5","7115","76","0","2008","A","N","Mercer County, West Virginia","Private","Independent artists, writers, and performers","County, NAICS 4-digit -- by ownership sector","All establishment sizes",2,0,0,0,0,0,0,"N",0.56,0,0,0,0,0,0,"N",0,0.0,0,0,0,0,0,0,0,0,0,0,0,0
"54055","5","71151","77","0","2008","A","N","Mercer County, West Virginia","Private","Independent artists, writers, and performers","County, NAICS 5-digit -- by ownership sector","All establishment sizes",2,0,0,0,0,0,0,"N",0.56,0,0,0,0,0,0,"N",0,0.0,0,0,0,0,0,0,0,0,0,0,0,0
"54055","5","711510","78","0","2008","A","N","Mercer County, West Virginia","Private","Independent artists, writers, and performers","County, NAICS 6-digit -- by ownership sector","All establishment sizes",2,0,0,0,0,0,0,"N",0.56,0,0,0,0,0,0,"N",0,0.0,0,0,0,0,0,0,0,0,0,0,0,0
"54055","5","713","75","0","2008","A","N","Mercer County, West Virginia","Private","Amusements, gambling, and recreation","County, NAICS 3-digit -- by ownership sector","All establishment sizes",24,0,0,0,0,0,0,"N",2.01,0,0,0,0,0,0,"N",0,0.0,0,0,0,0,0,0,0,0,0,0,0,0
"54055","5","7131","76","0","2008","A","N","Mercer County, West Virginia","Private","Amusement parks and arcades","County, NAICS 4-digit -- by ownership sector","All establishment sizes",1,0,0,0,0,0,0,"N",2.12,0,0,0,0,0,0,"N",0,0.0,0,0,0,0,0,0,0,0,0,0,0,0
"54055","5","71312","77","0","2008","A","N","Mercer County, West Virginia","Private","Amusement arcades","County, NAICS 5-digit -- by ownership sector","All establishment sizes",1,0,0,0,0,0,0,"N",3.05,0,0,0,0,0,0,"N",0,0.0,0,0,0,0,0,0,0,0,0,0,0,0
"54055","5","713120","78","0","2008","A","N","Mercer County, West Virginia","Private","Amusement arcades","County, NAICS 6-digit -- by ownership sector","All establishment sizes",1,0,0,0,0,0,0,"N",3.05,0,0,0,0,0,0,"N",0,0.0,0,0,0,0,0,0,0,0,0,0,0,0
"54055","5","7132","76","0","2008","A","N","Mercer County, West Virginia","Private","Gambling industries","County, NAICS 4-digit -- by ownership sector","All establishment sizes",14,0,0,0,0,0,0,"N",28.63,0,0,0,0,0,0,"N",1,7.7,0,0,0,0,0,0,0,0,0,0,0,0
"54055","5","71329","77","0","2008","A","N","Mercer County, West Virginia","Private","Other gambling industries","County, NAICS 5-digit -- by ownership sector","All establishment sizes",14,0,0,0,0,0,0,"N",33.38,0,0,0,0,0,0,"N",1,7.7,0,0,0,0,0,0,0,0,0,0,0,0
"54055","5","713290","78","0","2008","A","N","Mercer County, West Virginia","Private","Other gambling industries","County, NAICS 6-digit -- by ownership sector","All establishment sizes",14,0,0,0,0,0,0,"N",33.38,0,0,0,0,0,0,"N",1,7.7,0,0,0,0,0,0,0,0,0,0,0,0
"54055","5","7139","76","0","2008","A","","Mercer County, West Virginia","Private","Other amusement and recreation industries","County, NAICS 4-digit -- by ownership sector","All establishment sizes",9,328,3475932,2060559,42929,204,10584,"",0.82,1.81,1.59,1.88,1.39,0.88,0.88,"",-1,-10.0,-25,-7.1,166826,5.0,143993,7.5,204,0.5,24,13.3,1203,12.8
"54055","5","71392","77","0","2008","A","N","Mercer County, West Virginia","Private","Skiing facilities","County, NAICS 5-digit -- by ownership sector","All establishment sizes",1,0,0,0,0,0,0,"N",17.24,0,0,0,0,0,0,"N",0,0.0,0,0,0,0,0,0,0,0,0,0,0,0
"54055","5","713920","78","0","2008","A","N","Mercer County, West Virginia","Private","Skiing facilities","County, NAICS 6-digit -- by ownership sector","All establishment sizes",1,0,0,0,0,0,0,"N",17.24,0,0,0,0,0,0,"N",0,0.0,0,0,0,0,0,0,0,0,0,0,0,0
"54055","5","71394","77","0","2008","A","","Mercer County, West Virginia","Private","Fitness and recreational sports centers","County, NAICS 5-digit -- by ownership sector","All establishment sizes",4,131,897026,535231,12497,132,6861,"",0.80,1.62,1.08,1.27,1.29,0.67,0.67,"",0,0.0,4,3.1,62705,7.5,39929,8.1,-2003,-13.8,5,3.9,279,4.2
"54055","5","713940","78","0","2008","A","","Mercer County, West Virginia","Private","Fitness and recreational sports centers","County, NAICS 6-digit -- by ownership sector","All establishment sizes",4,131,897026,535231,12497,132,6861,"",0.80,1.62,1.08,1.27,1.29,0.67,0.67,"",0,0.0,4,3.1,62705,7.5,39929,8.1,-2003,-13.8,5,3.9,279,4.2
"54055","5","71395","77","0","2008","A","N","Mercer County, West Virginia","Private","Bowling centers","County, NAICS 5-digit -- by ownership sector","All establishment sizes",2,0,0,0,0,0,0,"N",2.74,0,0,0,0,0,0,"N",0,0.0,0,0,0,0,0,0,0,0,0,0,0,0
"54055","5","713950","78","0","2008","A","N","Mercer County, West Virginia","Private","Bowling centers","County, NAICS 6-digit -- by ownership sector","All establishment sizes",2,0,0,0,0,0,0,"N",2.74,0,0,0,0,0,0,"N",0,0.0,0,0,0,0,0,0,0,0,0,0,0,0
"54055","5","71399","77","0","2008","A","N","Mercer County, West Virginia","Private","All other amusement and recreation industries","County, NAICS 5-digit -- by ownership sector","All establishment sizes",2,0,0,0,0,0,0,"N",0.75,0,0,0,0,0,0,"N",-1,-33.3,0,0,0,0,0,0,0,0,0,0,0,0
"54055","5","713990","78","0","2008","A","N","Mercer County, West Virginia","Private","All other amusement and recreation industries","County, NAICS 6-digit -- by ownership sector","All establishment sizes",2,0,0,0,0,0,0,"N",0.75,0,0,0,0,0,0,"N",-1,-33.3,0,0,0,0,0,0,0,0,0,0,0,0
"54055","5","72","74","0","2008","A","","Mercer County, West Virginia","Private","Accommodation and food services","County, NAICS Sector -- by ownership sector","All establishment sizes",104,2160,26449984,17341972,361064,235,12244,"",1.03,1.18,1.30,1.43,1.58,1.11,1.11,"",4,4.0,68,3.3,1397149,5.6,895833,5.4,16966,4.9,5,2.2,267,2.2
"54055","5","721","75","0","2008","A","","Mercer County, West Virginia","Private","Accommodation","County, NAICS 3-digit -- by ownership sector","All establishment sizes",13,237,3434195,2067306,42779,279,14485,"",1.22,0.79,0.67,0.81,0.83,0.85,0.85,"",0,0.0,3,1.3,57053,1.7,232927,12.7,7168,20.1,2,0.7,63,0.4
"54055","5","7211","76","0","2008","A","N","Mercer County, West Virginia","Private","Traveler accommodation","County, NAICS 4-digit -- by ownership sector","All establishment sizes",12,0,0,0,0,0,0,"N",1.30,0,0,0,0,0,0,"N",0,0.0,0,0,0,0,0,0,0,0,0,0,0,0
"54055","5","72111","77","0","2008","A","N","Mercer County, West Virginia","Private","Hotels and motels, except casino hotels","County, NAICS 5-digit -- by ownership sector","All establishment sizes",12,0,0,0,0,0,0,"N",1.44,0,0,0,0,0,0,"N",0,0.0,0,0,0,0,0,0,0,0,0,0,0,0
"54055","5","721110","78","0","2008","A","N","Mercer County, West Virginia","Private","Hotels and motels, except casino hotels","County, NAICS 6-digit -- by ownership sector","All establishment sizes",12,0,0,0,0,0,0,"N",1.44,0,0,0,0,0,0,"N",0,0.0,0,0,0,0,0,0,0,0,0,0,0,0
"54055","5","7213","76","0","2008","A","N","Mercer County, West Virginia","Private","Rooming and boarding houses","County, NAICS 4-digit -- by ownership sector","All establishment sizes",1,0,0,0,0,0,0,"N",3.02,0,0,0,0,0,0,"N",0,0.0,0,0,0,0,0,0,0,0,0,0,0,0
"54055","5","72131","77","0","2008","A","N","Mercer County, West Virginia","Private","Rooming and boarding houses","County, NAICS 5-digit -- by ownership sector","All establishment sizes",1,0,0,0,0,0,0,"N",3.02,0,0,0,0,0,0,"N",0,0.0,0,0,0,0,0,0,0,0,0,0,0,0
"54055","5","721310","78","0","2008","A","N","Mercer County, West Virginia","Private","Rooming and boarding houses","County, NAICS 6-digit -- by ownership sector","All establishment sizes",1,0,0,0,0,0,0,"N",3.02,0,0,0,0,0,0,"N",0,0.0,0,0,0,0,0,0,0,0,0,0,0,0
"54055","5","722","75","0","2008","A","","Mercer County, West Virginia","Private","Food services and drinking places","County, NAICS 3-digit -- by ownership sector","All establishment sizes",90,1923,23015789,15274666,318285,230,11968,"",1.00,1.25,1.52,1.59,1.80,1.21,1.21,"",4,4.7,65,3.5,1340096,6.2,662906,4.5,9798,3.2,6,2.7,299,2.6
"54055","5","7221","76","0","2008","A","","Mercer County, West Virginia","Private","Full-service restaurants","County, NAICS 4-digit -- by ownership sector","All establishment sizes",26,723,9191298,5844845,118262,245,12714,"",0.73,0.99,1.18,1.21,1.39,1.19,1.19,"",1,4.0,-13,-1.8,242438,2.7,81007,1.4,-1689,-1.4,11,4.7,548,4.5
"54055","5","72211","77","0","2008","A","","Mercer County, West Virginia","Private","Full-service restaurants","County, NAICS 5-digit -- by ownership sector","All establishment sizes",26,723,9191298,5844845,118262,245,12714,"",0.73,0.99,1.18,1.21,1.39,1.19,1.19,"",1,4.0,-13,-1.8,242438,2.7,81007,1.4,-1689,-1.4,11,4.7,548,4.5
"54055","5","722110","78","0","2008","A","","Mercer County, West Virginia","Private","Full-service restaurants","County, NAICS 6-digit -- by ownership sector","All establishment sizes",26,723,9191298,5844845,118262,245,12714,"",0.73,0.99,1.18,1.21,1.39,1.19,1.19,"",1,4.0,-13,-1.8,242438,2.7,81007,1.4,-1689,-1.4,11,4.7,548,4.5
"54055","5","7222","76","0","2008","A","","Mercer County, West Virginia","Private","Limited-service eating places","County, NAICS 4-digit -- by ownership sector","All establishment sizes",53,1076,11907717,8322197,143055,213,11066,"",1.25,1.63,2.11,2.19,2.38,1.30,1.30,"",-1,-1.9,21,2.0,332797,2.9,125110,1.5,-18184,-11.3,2,0.9,98,0.9
"54055","5","72221","77","0","2008","A","","Mercer County, West Virginia","Private","Limited-service eating places","County, NAICS 5-digit -- by ownership sector","All establishment sizes",53,1076,11907717,8322197,143055,213,11066,"",1.25,1.63,2.11,2.19,2.38,1.30,1.30,"",-1,-1.9,21,2.0,332797,2.9,125110,1.5,-18184,-11.3,2,0.9,98,0.9
"54055","5","722211","78","0","2008","A","","Mercer County, West Virginia","Private","Limited-service restaurants","County, NAICS 6-digit -- by ownership sector","All establishment sizes",47,969,10745338,7524508,128857,213,11091,"",1.40,1.73,2.27,2.36,2.69,1.31,1.31,"",0,0.0,68,7.5,914959,9.3,531532,7.6,12729,11.0,3,1.4,186,1.7
"54055","5","722212","78","0","2008","A","N","Mercer County, West Virginia","Private","Cafeterias, grill buffets, and buffets","County, NAICS 6-digit -- by ownership sector","All establishment sizes",2,0,0,0,0,0,0,"N",1.64,0,0,0,0,0,0,"N",-1,-33.3,0,0,0,0,0,0,0,0,0,0,0,0
"54055","5","722213","78","0","2008","A","N","Mercer County, West Virginia","Private","Snack and nonalcoholic beverage bars","County, NAICS 6-digit -- by ownership sector","All establishment sizes",4,0,0,0,0,0,0,"N",0.53,0,0,0,0,0,0,"N",0,0.0,0,0,0,0,0,0,0,0,0,0,0,0
"54055","5","7223","76","0","2008","A","N","Mercer County, West Virginia","Private","Special food services","County, NAICS 4-digit -- by ownership sector","All establishment sizes",2,0,0,0,0,0,0,"N",0.42,0,0,0,0,0,0,"N",1,100.0,0,0,0,0,0,0,0,0,0,0,0,0
"54055","5","72231","77","0","2008","A","N","Mercer County, West Virginia","Private","Food service contractors","County, NAICS 5-digit -- by ownership sector","All establishment sizes",2,0,0,0,0,0,0,"N",0.76,0,0,0,0,0,0,"N",1,100.0,0,0,0,0,0,0,0,0,0,0,0,0
"54055","5","722310","78","0","2008","A","N","Mercer County, West Virginia","Private","Food service contractors","County, NAICS 6-digit -- by ownership sector","All establishment sizes",2,0,0,0,0,0,0,"N",0.76,0,0,0,0,0,0,"N",1,100.0,0,0,0,0,0,0,0,0,0,0,0,0
"54055","5","7224","76","0","2008","A","N","Mercer County, West Virginia","Private","Drinking places, alcoholic beverages","County, NAICS 4-digit -- by ownership sector","All establishment sizes",9,0,0,0,0,0,0,"N",1.16,0,0,0,0,0,0,"N",2,28.6,0,0,0,0,0,0,0,0,0,0,0,0
"54055","5","72241","77","0","2008","A","N","Mercer County, West Virginia","Private","Drinking places, alcoholic beverages","County, NAICS 5-digit -- by ownership sector","All establishment sizes",9,0,0,0,0,0,0,"N",1.16,0,0,0,0,0,0,"N",2,28.6,0,0,0,0,0,0,0,0,0,0,0,0
"54055","5","722410","78","0","2008","A","N","Mercer County, West Virginia","Private","Drinking places, alcoholic beverages","County, NAICS 6-digit -- by ownership sector","All establishment sizes",9,0,0,0,0,0,0,"N",1.16,0,0,0,0,0,0,"N",2,28.6,0,0,0,0,0,0,0,0,0,0,0,0
"54055","5","81","74","0","2008","A","","Mercer County, West Virginia","Private","Other services, except public administration","County, NAICS Sector -- by ownership sector","All establishment sizes",131,861,27001636,7404867,216308,603,31364,"",0.66,1.19,1.97,1.50,1.96,1.65,1.65,"",5,4.0,-13,-1.5,1033134,4.0,-16047,-0.2,4988,2.4,31,5.4,1640,5.5
"54055","5","811","75","0","2008","A","","Mercer County, West Virginia","Private","Repair and maintenance","County, NAICS 3-digit -- by ownership sector","All establishment sizes",49,462,18830838,4274298,118057,784,40789,"",1.31,2.36,4.06,2.54,3.17,1.72,1.72,"",-2,-3.9,-12,-2.5,498734,2.7,-62342,-1.4,-2264,-1.9,40,5.4,2100,5.4
"54055","5","8111","76","0","2008","A","","Mercer County, West Virginia","Private","Automotive repair and maintenance","County, NAICS 4-digit -- by ownership sector","All establishment sizes",29,116,2728445,1031525,24475,451,23437,"",1.08,0.85,0.96,0.90,1.03,1.13,1.13,"",-3,-9.4,-20,-14.7,-387256,-12.4,-202490,-16.4,-8707,-26.2,9,2.0,443,1.9
"54055","5","81111","77","0","2008","A","","Mercer County, West Virginia","Private","Automotive mechanical and electrical repair","County, NAICS 5-digit -- by ownership sector","All establishment sizes",15,65,1284678,586826,14359,380,19764,"",0.97,1.05,0.94,1.10,1.34,0.89,0.89,"",-2,-11.8,-10,-13.3,-227776,-15.1,-110701,-15.9,-4544,-24.0,-9,-2.3,-447,-2.2
"54055","5","811111","78","0","2008","A","","Mercer County, West Virginia","Private","General automotive repair","County, NAICS 6-digit -- by ownership sector","All establishment sizes",12,42,760171,368166,10126,347,18063,"",0.95,0.84,0.68,0.85,1.17,0.81,0.81,"",-2,-14.3,-6,-12.5,-61610,-7.5,-72235,-16.4,-2520,-19.9,21,6.4,1090,6.4
"54055","5","811112","78","0","2008","A","N","Mercer County, West Virginia","Private","Automotive exhaust system repair","County, NAICS 6-digit -- by ownership sector","All establishment sizes",2,0,0,0,0,0,0,"N",3.19,0,0,0,0,0,0,"N",0,0.0,0,0,0,0,0,0,0,0,0,0,0,0
"54055","5","811113","78","0","2008","A","N","Mercer County, West Virginia","Private","Automotive transmission repair","County, NAICS 6-digit -- by ownership sector","All establishment sizes",1,0,0,0,0,0,0,"N",1.02,0,0,0,0,0,0,"N",0,0.0,0,0,0,0,0,0,0,0,0,0,0,0
"54055","5","81112","77","0","2008","A","","Mercer County, West Virginia","Private","Automotive body, interior, and glass repair","County, NAICS 5-digit -- by ownership sector","All establishment sizes",7,28,880557,237974,6029,596,30987,"",1.00,0.70,0.86,0.66,0.71,1.21,1.21,"",0,0.0,-2,-6.7,-54213,-5.8,-42088,-15.0,-3872,-39.1,-8,-1.3,-434,-1.4
"54055","5","811121","78","0","2008","A","N","Mercer County, West Virginia","Private","Automotive body and interior repair","County, NAICS 6-digit -- by ownership sector","All establishment sizes",5,0,0,0,0,0,0,"N",0.84,0,0,0,0,0,0,"N",0,0.0,0,0,0,0,0,0,0,0,0,0,0,0
"54055","5","811122","78","0","2008","A","N","Mercer County, West Virginia","Private","Automotive glass replacement shops","County, NAICS 6-digit -- by ownership sector","All establishment sizes",2,0,0,0,0,0,0,"N",1.97,0,0,0,0,0,0,"N",0,0.0,0,0,0,0,0,0,0,0,0,0,0,0
"54055","5","81119","77","0","2008","A","","Mercer County, West Virginia","Private","Other automotive repair and maintenance","County, NAICS 5-digit -- by ownership sector","All establishment sizes",7,23,563210,206725,4087,471,24487,"",1.62,0.65,1.24,0.84,0.89,1.91,1.91,"",-1,-12.5,-8,-25.8,-105267,-15.7,-49701,-19.4,-291,-6.6,55,13.2,2865,13.3
"54055","5","811191","78","0","2008","A","","Mercer County, West Virginia","Private","Automotive oil change and lubrication shops","County, NAICS 6-digit -- by ownership sector","All establishment sizes",4,10,199009,93932,2297,373,19416,"",3.16,1.04,1.43,1.22,1.71,1.34,1.34,"",0,0.0,-4,-28.6,-51866,-20.7,-23748,-20.2,0,0.0,22,6.3,1171,6.4
"54055","5","811192","78","0","2008","A","N","Mercer County, West Virginia","Private","Car washes","County, NAICS 6-digit -- by ownership sector","All establishment sizes",2,0,0,0,0,0,0,"N",0.83,0,0,0,0,0,0,"N",-1,-33.3,0,0,0,0,0,0,0,0,0,0,0,0
"54055","5","811198","78","0","2008","A","N","Mercer County, West Virginia","Private","All other automotive repair and maintenance","County, NAICS 6-digit -- by ownership sector","All establishment sizes",1,0,0,0,0,0,0,"N",1.59,0,0,0,0,0,0,"N",0,0.0,0,0,0,0,0,0,0,0,0,0,0,0
"54055","5","8112","76","0","2008","A","N","Mercer County, West Virginia","Private","Electronic equipment repair and maintenance","County, NAICS 4-digit -- by ownership sector","All establishment sizes",2,0,0,0,0,0,0,"N",0.74,0,0,0,0,0,0,"N",0,0.0,0,0,0,0,0,0,0,0,0,0,0,0
"54055","5","81121","77","0","2008","A","N","Mercer County, West Virginia","Private","Electronic equipment repair and maintenance","County, NAICS 5-digit -- by ownership sector","All establishment sizes",2,0,0,0,0,0,0,"N",0.74,0,0,0,0,0,0,"N",0,0.0,0,0,0,0,0,0,0,0,0,0,0,0
"54055","5","811211","78","0","2008","A","N","Mercer County, West Virginia","Private","Consumer electronics repair and maintenance","County, NAICS 6-digit -- by ownership sector","All establishment sizes",1,0,0,0,0,0,0,"N",2.63,0,0,0,0,0,0,"N",0,0.0,0,0,0,0,0,0,0,0,0,0,0,0
"54055","5","811212","78","0","2008","A","N","Mercer County, West Virginia","Private","Computer and office machine repair","County, NAICS 6-digit -- by ownership sector","All establishment sizes",1,0,0,0,0,0,0,"N",0.83,0,0,0,0,0,0,"N",0,0.0,0,0,0,0,0,0,0,0,0,0,0,0
"54055","5","811219","78","0","2008","A","N","Mercer County, West Virginia","Private","Other electronic equipment repair","County, NAICS 6-digit -- by ownership sector","All establishment sizes",0,0,0,0,0,0,0,"N",0.00,0,0,0,0,0,0,"N",0,0,0,0,0,0,0,0,0,0,0,0,0,0
"54055","5","8113","76","0","2008","A","","Mercer County, West Virginia","Private","Commercial machinery repair and maintenance","County, NAICS 4-digit -- by ownership sector","All establishment sizes",14,312,13849001,2819283,81903,854,44412,"",3.11,10.30,14.17,9.80,11.12,1.38,1.38,"",1,7.7,3,1.0,552327,4.2,-28914,-1.0,2819,3.6,27,3.3,1404,3.3
"54055","5","81131","77","0","2008","A","","Mercer County, West Virginia","Private","Commercial machinery repair and maintenance","County, NAICS 5-digit -- by ownership sector","All establishment sizes",14,312,13849001,2819283,81903,854,44412,"",3.11,10.30,14.17,9.80,11.12,1.38,1.38,"",1,7.7,3,1.0,552327,4.2,-28914,-1.0,2819,3.6,27,3.3,1404,3.3
"54055","5","811310","78","0","2008","A","","Mercer County, West Virginia","Private","Commercial machinery repair and maintenance","County, NAICS 6-digit -- by ownership sector","All establishment sizes",14,312,13849001,2819283,81903,854,44412,"",3.11,10.30,14.17,9.80,11.12,1.38,1.38,"",1,7.7,3,1.0,552327,4.2,-28914,-1.0,2819,3.6,27,3.3,1404,3.3
"54055","5","8114","76","0","2008","A","N","Mercer County, West Virginia","Private","Household goods repair and maintenance","County, NAICS 4-digit -- by ownership sector","All establishment sizes",4,0,0,0,0,0,0,"N",1.16,0,0,0,0,0,0,"N",0,0.0,0,0,0,0,0,0,0,0,0,0,0,0
"54055","5","81141","77","0","2008","A","","Mercer County, West Virginia","Private","Home and garden equip. and appliance repair","County, NAICS 5-digit -- by ownership sector","All establishment sizes",3,4,65945,37600,837,338,17585,"",3.20,0.99,0.66,0.94,1.02,0.71,0.71,"",0,0.0,1,33.3,25827,64.4,8800,30.6,207,32.9,39,13.0,2055,13.2
"54055","5","811411","78","0","2008","A","N","Mercer County, West Virginia","Private","Home and garden equipment repair","County, NAICS 6-digit -- by ownership sector","All establishment sizes",1,0,0,0,0,0,0,"N",4.43,0,0,0,0,0,0,"N",0,0.0,0,0,0,0,0,0,0,0,0,0,0,0
"54055","5","811412","78","0","2008","A","N","Mercer County, West Virginia","Private","Appliance repair and maintenance","County, NAICS 6-digit -- by ownership sector","All establishment sizes",2,0,0,0,0,0,0,"N",2.81,0,0,0,0,0,0,"N",0,0.0,0,0,0,0,0,0,0,0,0,0,0,0
"54055","5","81142","77","0","2008","A","N","Mercer County, West Virginia","Private","Reupholstery and furniture repair","County, NAICS 5-digit -- by ownership sector","All establishment sizes",1,0,0,0,0,0,0,"N",1.24,0,0,0,0,0,0,"N",0,0.0,0,0,0,0,0,0,0,0,0,0,0,0
"54055","5","811420","78","0","2008","A","N","Mercer County, West Virginia","Private","Reupholstery and furniture repair","County, NAICS 6-digit -- by ownership sector","All establishment sizes",1,0,0,0,0,0,0,"N",1.24,0,0,0,0,0,0,"N",0,0.0,0,0,0,0,0,0,0,0,0,0,0,0
"54055","5","812","75","0","2008","A","","Mercer County, West Virginia","Private","Personal and laundry services","County, NAICS 3-digit -- by ownership sector","All establishment sizes",34,172,4439093,1410732,22155,496,25809,"",1.07,0.81,1.41,0.94,0.77,1.74,1.74,"",0,0.0,-3,-1.7,150487,3.5,-35754,-2.5,-1865,-7.8,25,5.3,1338,5.5
"54055","5","8121","76","0","2008","A","","Mercer County, West Virginia","Private","Personal care services","County, NAICS 4-digit -- by ownership sector","All establishment sizes",18,84,1543851,671034,10529,355,18452,"",1.02,0.85,1.23,0.98,0.90,1.45,1.45,"",0,0.0,0,0.0,100814,7.0,-38981,-5.5,-978,-8.5,25,7.6,1290,7.5
"54055","5","81211","77","0","2008","A","","Mercer County, West Virginia","Private","Hair, nail, and skin care services","County, NAICS 5-digit -- by ownership sector","All establishment sizes",18,84,1543851,671034,10529,355,18452,"",1.22,1.05,1.47,1.17,1.13,1.40,1.40,"",0,0.0,0,0.0,100814,7.0,-38981,-5.5,-978,-8.5,25,7.6,1290,7.5
"54055","5","812112","78","0","2008","A","N","Mercer County, West Virginia","Private","Beauty salons","County, NAICS 6-digit -- by ownership sector","All establishment sizes",16,0,0,0,0,0,0,"N",1.32,0,0,0,0,0,0,"N",0,0.0,0,0,0,0,0,0,0,0,0,0,0,0
"54055","5","812113","78","0","2008","A","N","Mercer County, West Virginia","Private","Nail salons","County, NAICS 6-digit -- by ownership sector","All establishment sizes",2,0,0,0,0,0,0,"N",1.00,0,0,0,0,0,0,"N",0,0.0,0,0,0,0,0,0,0,0,0,0,0,0
"54055","5","8122","76","0","2008","A","","Mercer County, West Virginia","Private","Death care services","County, NAICS 4-digit -- by ownership sector","All establishment sizes",10,73,2712080,621728,9328,715,37194,"",3.22,3.42,5.88,4.24,3.16,1.72,1.72,"",0,0.0,-3,-3.9,76521,2.9,7322,1.2,-924,-9.0,44,6.6,2324,6.7
"54055","5","81221","77","0","2008","A","N","Mercer County, West Virginia","Private","Funeral homes and funeral services","County, NAICS 5-digit -- by ownership sector","All establishment sizes",7,0,0,0,0,0,0,"N",2.99,0,0,0,0,0,0,"N",0,0.0,0,0,0,0,0,0,0,0,0,0,0,0
"54055","5","812210","78","0","2008","A","N","Mercer County, West Virginia","Private","Funeral homes and funeral services","County, NAICS 6-digit -- by ownership sector","All establishment sizes",7,0,0,0,0,0,0,"N",2.99,0,0,0,0,0,0,"N",0,0.0,0,0,0,0,0,0,0,0,0,0,0,0
"54055","5","81222","77","0","2008","A","N","Mercer County, West Virginia","Private","Cemeteries and crematories","County, NAICS 5-digit -- by ownership sector","All establishment sizes",3,0,0,0,0,0,0,"N",3.95,0,0,0,0,0,0,"N",0,0.0,0,0,0,0,0,0,0,0,0,0,0,0
"54055","5","812220","78","0","2008","A","N","Mercer County, West Virginia","Private","Cemeteries and crematories","County, NAICS 6-digit -- by ownership sector","All establishment sizes",3,0,0,0,0,0,0,"N",3.95,0,0,0,0,0,0,"N",0,0.0,0,0,0,0,0,0,0,0,0,0,0,0
"54055","5","8123","76","0","2008","A","","Mercer County, West Virginia","Private","Drycleaning and laundry services","County, NAICS 4-digit -- by ownership sector","All establishment sizes",3,11,131085,80427,1207,233,12100,"",0.48,0.21,0.16,0.20,0.16,0.77,0.77,"",0,0.0,0,0.0,-12456,-8.7,-1638,-2.0,-23,-1.9,-30,-11.4,-1571,-11.5
"54055","5","81232","77","0","2008","A","","Mercer County, West Virginia","Private","Drycleaning and laundry services","County, NAICS 5-digit -- by ownership sector","All establishment sizes",3,11,131085,80427,1207,233,12100,"",0.72,0.42,0.42,0.44,0.41,1.01,1.01,"",0,0.0,0,0.0,-12456,-8.7,-1638,-2.0,-23,-1.9,-30,-11.4,-1571,-11.5
"54055","5","812320","78","0","2008","A","","Mercer County, West Virginia","Private","Drycleaning and laundry services","County, NAICS 6-digit -- by ownership sector","All establishment sizes",3,11,131085,80427,1207,233,12100,"",0.72,0.42,0.42,0.44,0.41,1.01,1.01,"",0,0.0,0,0.0,-12456,-8.7,-1638,-2.0,-23,-1.9,-30,-11.4,-1571,-11.5
"54055","5","8129","76","0","2008","A","","Mercer County, West Virginia","Private","Other personal services","County, NAICS 4-digit -- by ownership sector","All establishment sizes",3,5,52077,37543,1091,219,11362,"",0.61,0.13,0.09,0.14,0.17,0.74,0.74,"",0,0.0,0,0.0,-14392,-21.7,-2457,-6.1,60,5.8,-32,-12.7,-1714,-13.1
"54055","5","81291","77","0","2008","A","","Mercer County, West Virginia","Private","Pet care, except veterinary, services","County, NAICS 5-digit -- by ownership sector","All establishment sizes",3,5,52077,37543,1091,219,11362,"",1.58,0.54,0.48,0.61,0.94,0.98,0.98,"",0,0.0,0,0.0,-14392,-21.7,-2457,-6.1,60,5.8,-32,-12.7,-1714,-13.1
"54055","5","812910","78","0","2008","A","","Mercer County, West Virginia","Private","Pet care, except veterinary, services","County, NAICS 6-digit -- by ownership sector","All establishment sizes",3,5,52077,37543,1091,219,11362,"",1.58,0.54,0.48,0.61,0.94,0.98,0.98,"",0,0.0,0,0.0,-14392,-21.7,-2457,-6.1,60,5.8,-32,-12.7,-1714,-13.1
"54055","5","813","75","0","2008","A","","Mercer County, West Virginia","Private","Membership associations and organizations","County, NAICS 3-digit -- by ownership sector","All establishment sizes",21,172,2852974,1255241,64311,319,16611,"",0.92,0.78,0.59,1.16,2.54,0.75,0.75,"",1,5.0,6,3.6,346725,13.8,55493,4.6,8907,16.1,28,9.6,1490,9.9
"54055","5","8132","76","0","2008","A","N","Mercer County, West Virginia","Private","Grantmaking and giving services","County, NAICS 4-digit -- by ownership sector","All establishment sizes",1,0,0,0,0,0,0,"N",0.48,0,0,0,0,0,0,"N",1,100.0,0,0,0,0,0,0,0,0,0,0,0,0
"54055","5","81321","77","0","2008","A","N","Mercer County, West Virginia","Private","Grantmaking and giving services","County, NAICS 5-digit -- by ownership sector","All establishment sizes",1,0,0,0,0,0,0,"N",0.48,0,0,0,0,0,0,"N",1,100.0,0,0,0,0,0,0,0,0,0,0,0,0
"54055","5","813212","78","0","2008","A","N","Mercer County, West Virginia","Private","Voluntary health organizations","County, NAICS 6-digit -- by ownership sector","All establishment sizes",1,0,0,0,0,0,0,"N",1.89,0,0,0,0,0,0,"N",1,100.0,0,0,0,0,0,0,0,0,0,0,0,0
"54055","5","8133","76","0","2008","A","N","Mercer County, West Virginia","Private","Social advocacy organizations","County, NAICS 4-digit -- by ownership sector","All establishment sizes",6,0,0,0,0,0,0,"N",2.08,0,0,0,0,0,0,"N",1,20.0,0,0,0,0,0,0,0,0,0,0,0,0
"54055","5","81331","77","0","2008","A","N","Mercer County, West Virginia","Private","Social advocacy organizations","County, NAICS 5-digit -- by ownership sector","All establishment sizes",6,0,0,0,0,0,0,"N",2.08,0,0,0,0,0,0,"N",1,20.0,0,0,0,0,0,0,0,0,0,0,0,0
"54055","5","813311","78","0","2008","A","N","Mercer County, West Virginia","Private","Human rights organizations","County, NAICS 6-digit -- by ownership sector","All establishment sizes",1,0,0,0,0,0,0,"N",1.57,0,0,0,0,0,0,"N",1,100.0,0,0,0,0,0,0,0,0,0,0,0,0
"54055","5","813319","78","0","2008","A","N","Mercer County, West Virginia","Private","Other social advocacy organizations","County, NAICS 6-digit -- by ownership sector","All establishment sizes",5,0,0,0,0,0,0,"N",3.40,0,0,0,0,0,0,"N",0,0.0,0,0,0,0,0,0,0,0,0,0,0,0
"54055","5","8134","76","0","2008","A","","Mercer County, West Virginia","Private","Civic and social organizations","County, NAICS 4-digit -- by ownership sector","All establishment sizes",8,82,836192,457618,10593,196,10208,"",1.73,1.22,1.13,2.37,2.48,0.92,0.93,"",0,0.0,-3,-3.5,-40325,-4.6,-43828,-8.7,1900,21.9,-3,-1.5,-124,-1.2
"54055","5","81341","77","0","2008","A","","Mercer County, West Virginia","Private","Civic and social organizations","County, NAICS 5-digit -- by ownership sector","All establishment sizes",8,82,836192,457618,10593,196,10208,"",1.73,1.22,1.13,2.37,2.48,0.92,0.93,"",0,0.0,-3,-3.5,-40325,-4.6,-43828,-8.7,1900,21.9,-3,-1.5,-124,-1.2
"54055","5","813410","78","0","2008","A","","Mercer County, West Virginia","Private","Civic and social organizations","County, NAICS 6-digit -- by ownership sector","All establishment sizes",8,82,836192,457618,10593,196,10208,"",1.73,1.22,1.13,2.37,2.48,0.92,0.93,"",0,0.0,-3,-3.5,-40325,-4.6,-43828,-8.7,1900,21.9,-3,-1.5,-124,-1.2
"54055","5","8139","76","0","2008","A","","Mercer County, West Virginia","Private","Professional and similar organizations","County, NAICS 4-digit -- by ownership sector","All establishment sizes",7,16,350552,99910,1774,415,21572,"",0.72,0.22,0.16,0.19,0.16,0.70,0.70,"N",0,0.0,0,0,0,0,0,0,0,0,0,0,0,0
"54055","5","81391","77","0","2008","A","","Mercer County, West Virginia","Private","Business associations","County, NAICS 5-digit -- by ownership sector","All establishment sizes",3,7,248644,56000,936,683,35521,"",0.92,0.35,0.31,0.34,0.28,0.87,0.87,"",0,0.0,0,0.0,-349,-0.1,0,0.0,0,0.0,-1,-0.1,-49,-0.1
"54055","5","813910","78","0","2008","A","","Mercer County, West Virginia","Private","Business associations","County, NAICS 6-digit -- by ownership sector","All establishment sizes",3,7,248644,56000,936,683,35521,"",0.92,0.35,0.31,0.34,0.28,0.87,0.87,"",0,0.0,0,0.0,-349,-0.1,0,0.0,0,0.0,-1,-0.1,-49,-0.1
"54055","5","81392","77","0","2008","A","N","Mercer County, West Virginia","Private","Professional organizations","County, NAICS 5-digit -- by ownership sector","All establishment sizes",2,0,0,0,0,0,0,"N",1.76,0,0,0,0,0,0,"N",0,0.0,0,0,0,0,0,0,0,0,0,0,0,0
"54055","5","813920","78","0","2008","A","N","Mercer County, West Virginia","Private","Professional organizations","County, NAICS 6-digit -- by ownership sector","All establishment sizes",2,0,0,0,0,0,0,"N",1.76,0,0,0,0,0,0,"N",0,0.0,0,0,0,0,0,0,0,0,0,0,0,0
"54055","5","81393","77","0","2008","A","N","Mercer County, West Virginia","Private","Labor unions and similar labor organizations","County, NAICS 5-digit -- by ownership sector","All establishment sizes",2,0,0,0,0,0,0,"N",0.81,0,0,0,0,0,0,"N",0,0.0,0,0,0,0,0,0,0,0,0,0,0,0
"54055","5","813930","78","0","2008","A","N","Mercer County, West Virginia","Private","Labor unions and similar labor organizations","County, NAICS 6-digit -- by ownership sector","All establishment sizes",2,0,0,0,0,0,0,"N",0.81,0,0,0,0,0,0,"N",0,0.0,0,0,0,0,0,0,0,0,0,0,0,0
"54055","5","814","75","0","2008","A","","Mercer County, West Virginia","Private","Private households","County, NAICS 3-digit -- by ownership sector","All establishment sizes",27,56,878731,464596,11785,304,15833,"",0.26,0.60,0.81,0.70,0.62,1.36,1.37,"",6,28.6,-3,-5.1,37188,4.4,26556,6.1,210,1.8,29,10.5,1529,10.7
"54055","5","8141","76","0","2008","A","","Mercer County, West Virginia","Private","Private households","County, NAICS 4-digit -- by ownership sector","All establishment sizes",27,56,878731,464596,11785,304,15833,"",0.26,0.60,0.81,0.70,0.62,1.36,1.37,"",6,28.6,-3,-5.1,37188,4.4,26556,6.1,210,1.8,29,10.5,1529,10.7
"54055","5","81411","77","0","2008","A","","Mercer County, West Virginia","Private","Private households","County, NAICS 5-digit -- by ownership sector","All establishment sizes",27,56,878731,464596,11785,304,15833,"",0.26,0.60,0.81,0.70,0.62,1.36,1.37,"",6,28.6,-3,-5.1,37188,4.4,26556,6.1,210,1.8,29,10.5,1529,10.7
"54055","5","814110","78","0","2008","A","","Mercer County, West Virginia","Private","Private households","County, NAICS 6-digit -- by ownership sector","All establishment sizes",27,56,878731,464596,11785,304,15833,"",0.26,0.60,0.81,0.70,0.62,1.36,1.37,"",6,28.6,-3,-5.1,37188,4.4,26556,6.1,210,1.8,29,10.5,1529,10.7
"54055","5","99","74","0","2008","A","","Mercer County, West Virginia","Private","Unclassified","County, NAICS Sector -- by ownership sector","All establishment sizes",4,3,23488,23488,745,143,7417,"",0.12,0.09,0.02,0.06,0.07,0.24,0.24,"",-1,-20.0,-1,-25.0,-25488,-52.0,-24204,-50.8,-542,-42.1,-108,-43.0,-5643,-43.2
"54055","5","999","75","0","2008","A","","Mercer County, West Virginia","Private","Unclassified","County, NAICS 3-digit -- by ownership sector","All establishment sizes",4,3,23488,23488,745,143,7417,"",0.12,0.09,0.02,0.06,0.07,0.24,0.24,"",-1,-20.0,-1,-25.0,-25488,-52.0,-24204,-50.8,-542,-42.1,-108,-43.0,-5643,-43.2
"54055","5","9999","76","0","2008","A","","Mercer County, West Virginia","Private","Unclassified","County, NAICS 4-digit -- by ownership sector","All establishment sizes",4,3,23488,23488,745,143,7417,"",0.12,0.09,0.02,0.06,0.07,0.24,0.24,"",-1,-20.0,-1,-25.0,-25488,-52.0,-24204,-50.8,-542,-42.1,-108,-43.0,-5643,-43.2
"54055","5","99999","77","0","2008","A","","Mercer County, West Virginia","Private","Unclassified","County, NAICS 5-digit -- by ownership sector","All establishment sizes",4,3,23488,23488,745,143,7417,"",0.12,0.09,0.02,0.06,0.07,0.24,0.24,"",-1,-20.0,-1,-25.0,-25488,-52.0,-24204,-50.8,-542,-42.1,-108,-43.0,-5643,-43.2
"54055","5","999999","78","0","2008","A","","Mercer County, West Virginia","Private","Unclassified","County, NAICS 6-digit -- by ownership sector","All establishment sizes",4,3,23488,23488,745,143,7417,"",0.12,0.09,0.02,0.06,0.07,0.24,0.24,"",-1,-20.0,-1,-25.0,-25488,-52.0,-24204,-50.8,-542,-42.1,-108,-43.0,-5643,-43.2
