"area_fips","own_code","industry_code","agglvl_code","size_code","year","qtr","disclosure_code","area_title","own_title","industry_title","agglvl_title","size_title","annual_avg_estabs_count","annual_avg_emplvl","total_annual_wages","taxable_annual_wages","annual_contributions","annual_avg_wkly_wage","avg_annual_pay","lq_disclosure_code","lq_annual_avg_estabs_count","lq_annual_avg_emplvl","lq_total_annual_wages","lq_taxable_annual_wages","lq_annual_contributions","lq_annual_avg_wkly_wage","lq_avg_annual_pay","oty_disclosure_code","oty_annual_avg_estabs_count_chg","oty_annual_avg_estabs_count_pct_chg","oty_annual_avg_emplvl_chg","oty_annual_avg_emplvl_pct_chg","oty_total_annual_wages_chg","oty_total_annual_wages_pct_chg","oty_taxable_annual_wages_chg","oty_taxable_annual_wages_pct_chg","oty_annual_contributions_chg","oty_annual_contributions_pct_chg","oty_annual_avg_wkly_wage_chg","oty_annual_avg_wkly_wage_pct_chg","oty_avg_annual_pay_chg","oty_avg_annual_pay_pct_chg"
"C2254","0","10","40","0","2008","A","","Fond du Lac, WI MSA","Total Covered","Total, all industries","MSA, Total Covered","All establishment sizes",2422,45928,1661054049,377921739,11187726,696,36166,"",1.00,1.00,1.00,1.00,1.00,1.00,1.00,"",8,0.3,-64,-0.1,66795040,4.2,2480409,0.7,368283,3.4,29,4.3,1502,4.3
"C2254","1","10","41","0","2008","A","","Fond du Lac, WI MSA","Federal Government","Total, all industries","MSA, Total -- by ownership sector","All establishment sizes",21,245,11523194,0,0,904,47033,"",1.22,0.26,0.23,0.00,0.00,0.89,0.89,"",0,0.0,-1,-0.4,239594,2.1,0,0.0,0,0.0,22,2.5,1180,2.6
"C2254","2","10","41","0","2008","A","","Fond du Lac, WI MSA","State Government","Total, all industries","MSA, Total -- by ownership sector","All establishment sizes",13,743,36769898,0,0,952,49522,"",0.72,0.47,0.61,0.00,0.00,1.30,1.30,"",-1,-7.1,24,3.3,4219750,13.0,0,0.0,0,0.0,81,9.3,4224,9.3
"C2254","3","10","41","0","2008","A","","Fond du Lac, WI MSA","Local Government","Total, all industries","MSA, Total -- by ownership sector","All establishment sizes",75,4791,177327171,0,0,712,37016,"",1.75,0.99,1.09,0.00,0.00,1.10,1.10,"",-1,-1.3,95,2.0,11580070,7.0,0,0.0,0,0.0,33,4.9,1717,4.9
"C2254","5","10","41","0","2008","A","","Fond du Lac, WI MSA","Private","Total, all industries","MSA, Total -- by ownership sector","All establishment sizes",2313,40150,1435433786,377921739,11187726,688,35752,"",0.99,1.04,1.03,1.02,1.01,0.99,0.99,"",10,0.4,-181,-0.4,50755626,3.7,2480409,0.7,368283,3.4,28,4.2,1420,4.1
"C2254","5","101","42","0","2008","A","","Fond du Lac, WI MSA","Private","Goods-producing","MSA, by Domain -- by ownership sector","All establishment sizes",503,14303,673120737,170690295,6977579,905,47060,"",1.38,1.88,2.13,1.95,2.09,1.13,1.13,"",-4,-0.8,-2,0.0,28409953,4.4,2004117,1.2,423233,6.5,38,4.4,1990,4.4
"C2254","5","1011","43","0","2008","A","","Fond du Lac, WI MSA","Private","Natural resources and mining","MSA, by Supersector -- by ownership sector","All establishment sizes",60,945,27851035,10960718,238120,567,29469,"",1.78,1.47,1.11,1.48,1.01,0.75,0.76,"",7,13.2,153,19.3,6173251,28.5,2156629,24.5,-1890,-0.8,41,7.8,2107,7.7
"C2254","5","1012","43","0","2008","A","","Fond du Lac, WI MSA","Private","Construction","MSA, by Supersector -- by ownership sector","All establishment sizes",291,2885,161477130,38322350,2486652,1076,55968,"",1.24,1.19,1.71,1.25,1.74,1.44,1.44,"",-9,-3.0,196,7.3,29318437,22.2,3179540,9.0,10691,0.4,131,13.9,6812,13.9
"C2254","5","1013","43","0","2008","A","","Fond du Lac, WI MSA","Private","Manufacturing","MSA, by Supersector -- by ownership sector","All establishment sizes",152,10473,483792572,121407227,4252807,888,46194,"",1.58,2.30,2.46,2.45,2.54,1.07,1.07,"",-2,-1.3,-351,-3.2,-7081735,-1.4,-3332052,-2.7,414432,10.8,16,1.8,843,1.9
"C2254","5","102","42","0","2008","A","","Fond du Lac, WI MSA","Private","Service-providing","MSA, by Domain -- by ownership sector","All establishment sizes",1810,25847,762313049,207231444,4210147,567,29494,"",0.91,0.84,0.71,0.73,0.54,0.85,0.85,"",14,0.8,-180,-0.7,22345673,3.0,476292,0.2,-54950,-1.3,20,3.7,1063,3.7
"C2254","5","1021","43","0","2008","A","","Fond du Lac, WI MSA","Private","Trade, transportation, and utilities","MSA, by Supersector -- by ownership sector","All establishment sizes",601,8810,250169495,83821076,1649530,546,28396,"",1.17,0.99,0.93,0.96,0.74,0.93,0.93,"",-11,-1.8,-44,-0.5,5767029,2.4,23344,0.0,-62254,-3.6,15,2.8,792,2.9
"C2254","5","1022","43","0","2008","A","","Fond du Lac, WI MSA","Private","Information","MSA, by Supersector -- by ownership sector","All establishment sizes",25,931,32046373,8729305,183336,662,34415,"",0.64,0.91,0.56,0.77,0.49,0.61,0.61,"",-2,-7.4,-12,-1.3,1251774,4.1,-186288,-2.1,-5321,-2.8,34,5.4,1771,5.4
"C2254","5","1023","43","0","2008","A","","Fond du Lac, WI MSA","Private","Financial activities","MSA, by Supersector -- by ownership sector","All establishment sizes",202,1801,72415392,19022674,290778,773,40208,"",0.88,0.66,0.45,0.64,0.35,0.68,0.68,"",-1,-0.5,21,1.2,585946,0.8,139593,0.7,82714,39.8,-3,-0.4,-138,-0.3
"C2254","5","1024","43","0","2008","A","","Fond du Lac, WI MSA","Private","Professional and business services","MSA, by Supersector -- by ownership sector","All establishment sizes",253,2558,84381387,29250033,841495,634,32983,"",0.62,0.42,0.31,0.43,0.38,0.72,0.72,"",-3,-1.2,-234,-8.4,1231526,1.5,-1466881,-4.8,-138538,-14.1,61,10.6,3205,10.8
"C2254","5","1025","43","0","2008","A","","Fond du Lac, WI MSA","Private","Education and health services","MSA, by Supersector -- by ownership sector","All establishment sizes",229,6183,252867279,26920057,530560,787,40900,"",1.01,1.01,1.24,0.75,0.62,1.23,1.23,"",18,8.5,302,5.1,14599768,6.1,3266478,13.8,132800,33.4,8,1.0,384,0.9
"C2254","5","1026","43","0","2008","A","","Fond du Lac, WI MSA","Private","Leisure and hospitality","MSA, by Supersector -- by ownership sector","All establishment sizes",250,4158,43661813,27886537,459769,202,10500,"",1.27,0.91,0.64,0.75,0.50,0.70,0.70,"",-1,-0.4,-107,-2.5,138128,0.3,-421212,-1.5,-66838,-12.7,6,3.1,294,2.9
"C2254","5","1027","43","0","2008","A","","Fond du Lac, WI MSA","Private","Other services","MSA, by Supersector -- by ownership sector","All establishment sizes",251,1405,26517753,11584923,254410,363,18876,"",0.79,0.92,0.76,0.90,0.71,0.83,0.83,"",14,5.9,-106,-7.0,-1482055,-5.3,-895581,-7.2,2218,0.9,7,2.0,348,1.9
"C2254","5","1029","43","0","2008","A","","Fond du Lac, WI MSA","Private","Unclassified","MSA, by Supersector -- by ownership sector","All establishment sizes",1,0,253557,16839,269,19504,1014228,"",0.02,0.00,0.10,0.02,0.01,27.61,27.65,"N",1,100.0,0,0,0,0,0,0,0,0,0,0,0,0
"C2254","5","11","44","0","2008","A","","Fond du Lac, WI MSA","Private","Agriculture, forestry, fishing and hunting","MSA, NAICS Sector -- by ownership sector","All establishment sizes",51,601,14835812,6751509,84160,474,24672,"",2.01,1.51,1.81,1.57,0.51,1.19,1.20,"",6,13.3,60,11.1,2325685,18.6,931560,16.0,-4102,-4.6,29,6.5,1541,6.7
"C2254","5","111","45","0","2008","A","","Fond du Lac, WI MSA","Private","Crop production","MSA, NAICS 3-digit -- by ownership sector","All establishment sizes",5,79,1220363,676120,15344,297,15448,"",0.44,0.43,0.34,0.35,0.20,0.79,0.79,"",0,0.0,-4,-4.8,-121799,-9.1,8351,1.3,-2140,-12.2,-12,-3.9,-642,-4.0
"C2254","5","1111","46","0","2008","A","N","Fond du Lac, WI MSA","Private","Oilseed and grain farming","MSA, NAICS 4-digit -- by ownership sector","All establishment sizes",1,0,0,0,0,0,0,"N",0.50,0,0,0,0,0,0,"N",0,0.0,0,0,0,0,0,0,0,0,0,0,0,0
"C2254","5","11115","47","0","2008","A","N","Fond du Lac, WI MSA","Private","Corn farming","MSA, NAICS 5-digit -- by ownership sector","All establishment sizes",1,0,0,0,0,0,0,"N",1.92,0,0,0,0,0,0,"N",0,0.0,0,0,0,0,0,0,0,0,0,0,0,0
"C2254","5","111150","48","0","2008","A","N","Fond du Lac, WI MSA","Private","Corn farming","MSA, NAICS 6-digit -- by ownership sector","All establishment sizes",1,0,0,0,0,0,0,"N",1.92,0,0,0,0,0,0,"N",0,0.0,0,0,0,0,0,0,0,0,0,0,0,0
"C2254","5","1113","46","0","2008","A","N","Fond du Lac, WI MSA","Private","Fruit and tree nut farming","MSA, NAICS 4-digit -- by ownership sector","All establishment sizes",1,0,0,0,0,0,0,"N",0.32,0,0,0,0,0,0,"N",0,0.0,0,0,0,0,0,0,0,0,0,0,0,0
"C2254","5","11133","47","0","2008","A","N","Fond du Lac, WI MSA","Private","Noncitrus fruit and tree nut farming","MSA, NAICS 5-digit -- by ownership sector","All establishment sizes",1,0,0,0,0,0,0,"N",0.34,0,0,0,0,0,0,"N",0,0.0,0,0,0,0,0,0,0,0,0,0,0,0
"C2254","5","111331","48","0","2008","A","N","Fond du Lac, WI MSA","Private","Apple orchards","MSA, NAICS 6-digit -- by ownership sector","All establishment sizes",1,0,0,0,0,0,0,"N",1.97,0,0,0,0,0,0,"N",0,0.0,0,0,0,0,0,0,0,0,0,0,0,0
"C2254","5","1114","46","0","2008","A","","Fond du Lac, WI MSA","Private","Greenhouse and nursery production","MSA, NAICS 4-digit -- by ownership sector","All establishment sizes",3,42,886876,461393,13519,403,20950,"",1.23,0.74,0.76,0.80,0.73,1.01,1.01,"",0,0.0,-5,-10.6,-156404,-15.0,-7972,-1.7,-3109,-18.7,-26,-6.1,-1366,-6.1
"C2254","5","11141","47","0","2008","A","N","Fond du Lac, WI MSA","Private","Food crops grown under cover","MSA, NAICS 5-digit -- by ownership sector","All establishment sizes",1,0,0,0,0,0,0,"N",5.97,0,0,0,0,0,0,"N",0,0.0,0,0,0,0,0,0,0,0,0,0,0,0
"C2254","5","111411","48","0","2008","A","N","Fond du Lac, WI MSA","Private","Mushroom production","MSA, NAICS 6-digit -- by ownership sector","All establishment sizes",1,0,0,0,0,0,0,"N",17.20,0,0,0,0,0,0,"N",0,0.0,0,0,0,0,0,0,0,0,0,0,0,0
"C2254","5","11142","47","0","2008","A","N","Fond du Lac, WI MSA","Private","Nursery and floriculture production","MSA, NAICS 5-digit -- by ownership sector","All establishment sizes",2,0,0,0,0,0,0,"N",0.88,0,0,0,0,0,0,"N",0,0.0,0,0,0,0,0,0,0,0,0,0,0,0
"C2254","5","111421","48","0","2008","A","N","Fond du Lac, WI MSA","Private","Nursery and tree production","MSA, NAICS 6-digit -- by ownership sector","All establishment sizes",1,0,0,0,0,0,0,"N",0.64,0,0,0,0,0,0,"N",0,0.0,0,0,0,0,0,0,0,0,0,0,0,0
"C2254","5","111422","48","0","2008","A","N","Fond du Lac, WI MSA","Private","Floriculture production","MSA, NAICS 6-digit -- by ownership sector","All establishment sizes",1,0,0,0,0,0,0,"N",1.39,0,0,0,0,0,0,"N",0,0.0,0,0,0,0,0,0,0,0,0,0,0,0
"C2254","5","112","45","0","2008","A","","Fond du Lac, WI MSA","Private","Animal production and aquaculture","MSA, NAICS 3-digit -- by ownership sector","All establishment sizes",38,487,12595968,5659189,60189,498,25882,"",6.37,6.30,7.03,6.43,4.04,1.12,1.12,"",5,15.2,58,13.5,2258498,21.8,850027,17.7,-5772,-8.8,35,7.6,1804,7.5
"C2254","5","1121","46","0","2008","A","N","Fond du Lac, WI MSA","Private","Cattle ranching and farming","MSA, NAICS 4-digit -- by ownership sector","All establishment sizes",37,0,0,0,0,0,0,"N",9.66,0,0,0,0,0,0,"N",5,15.6,0,0,0,0,0,0,0,0,0,0,0,0
"C2254","5","11211","47","0","2008","A","N","Fond du Lac, WI MSA","Private","Beef cattle ranching, farming, and feedlots","MSA, NAICS 5-digit -- by ownership sector","All establishment sizes",1,0,0,0,0,0,0,"N",0.49,0,0,0,0,0,0,"N",0,0.0,0,0,0,0,0,0,0,0,0,0,0,0
"C2254","5","112111","48","0","2008","A","N","Fond du Lac, WI MSA","Private","Beef cattle ranching and farming","MSA, NAICS 6-digit -- by ownership sector","All establishment sizes",1,0,0,0,0,0,0,"N",0.57,0,0,0,0,0,0,"N",0,0.0,0,0,0,0,0,0,0,0,0,0,0,0
"C2254","5","11212","47","0","2008","A","","Fond du Lac, WI MSA","Private","Dairy cattle and milk production","MSA, NAICS 5-digit -- by ownership sector","All establishment sizes",36,481,12555406,5634827,59881,502,26103,"",20.12,16.13,19.71,16.53,10.04,1.22,1.22,"",5,16.1,58,13.7,2250821,21.8,841050,17.5,-5632,-8.6,34,7.3,1747,7.2
"C2254","5","112120","48","0","2008","A","","Fond du Lac, WI MSA","Private","Dairy cattle and milk production","MSA, NAICS 6-digit -- by ownership sector","All establishment sizes",36,481,12555406,5634827,59881,502,26103,"",20.12,16.13,19.71,16.53,10.04,1.22,1.22,"",5,16.1,58,13.7,2250821,21.8,841050,17.5,-5632,-8.6,34,7.3,1747,7.2
"C2254","5","1123","46","0","2008","A","N","Fond du Lac, WI MSA","Private","Poultry and egg production","MSA, NAICS 4-digit -- by ownership sector","All establishment sizes",1,0,0,0,0,0,0,"N",2.28,0,0,0,0,0,0,"N",0,0.0,0,0,0,0,0,0,0,0,0,0,0,0
"C2254","5","11239","47","0","2008","A","N","Fond du Lac, WI MSA","Private","Other poultry production","MSA, NAICS 5-digit -- by ownership sector","All establishment sizes",1,0,0,0,0,0,0,"N",31.25,0,0,0,0,0,0,"N",0,0.0,0,0,0,0,0,0,0,0,0,0,0,0
"C2254","5","112390","48","0","2008","A","N","Fond du Lac, WI MSA","Private","Other poultry production","MSA, NAICS 6-digit -- by ownership sector","All establishment sizes",1,0,0,0,0,0,0,"N",31.25,0,0,0,0,0,0,"N",0,0.0,0,0,0,0,0,0,0,0,0,0,0,0
"C2254","5","115","45","0","2008","A","","Fond du Lac, WI MSA","Private","Agriculture and forestry support activities","MSA, NAICS 3-digit -- by ownership sector","All establishment sizes",8,36,1019481,416200,8627,550,28584,"",1.70,0.32,0.48,0.36,0.14,1.53,1.54,"",0,0.0,8,28.6,188986,22.8,73182,21.3,3810,79.1,-19,-3.3,-989,-3.3
"C2254","5","1151","46","0","2008","A","","Fond du Lac, WI MSA","Private","Support activities for crop production","MSA, NAICS 4-digit -- by ownership sector","All establishment sizes",3,13,555697,196706,3614,827,43022,"",1.10,0.13,0.32,0.20,0.07,2.47,2.47,"",0,0.0,6,85.7,164814,42.2,89727,83.9,2359,188.0,-301,-26.7,-15610,-26.6
"C2254","5","11511","47","0","2008","A","","Fond du Lac, WI MSA","Private","Support activities for crop production","MSA, NAICS 5-digit -- by ownership sector","All establishment sizes",3,13,555697,196706,3614,827,43022,"",1.10,0.13,0.32,0.20,0.07,2.47,2.47,"",0,0.0,6,85.7,164814,42.2,89727,83.9,2359,188.0,-301,-26.7,-15610,-26.6
"C2254","5","115112","48","0","2008","A","N","Fond du Lac, WI MSA","Private","Soil preparation, planting, and cultivating","MSA, NAICS 6-digit -- by ownership sector","All establishment sizes",1,0,0,0,0,0,0,"N",1.14,0,0,0,0,0,0,"N",-1,-50.0,0,0,0,0,0,0,0,0,0,0,0,0
"C2254","5","115113","48","0","2008","A","N","Fond du Lac, WI MSA","Private","Crop harvesting, primarily by machine","MSA, NAICS 6-digit -- by ownership sector","All establishment sizes",2,0,0,0,0,0,0,"N",8.83,0,0,0,0,0,0,"N",1,100.0,0,0,0,0,0,0,0,0,0,0,0,0
"C2254","5","1152","46","0","2008","A","","Fond du Lac, WI MSA","Private","Support activities for animal production","MSA, NAICS 4-digit -- by ownership sector","All establishment sizes",5,23,463784,219494,5013,392,20386,"",3.65,2.35,1.89,2.24,2.38,0.81,0.81,"",1,25.0,2,9.5,24172,5.5,-16545,-7.0,1451,40.7,-3,-0.8,-141,-0.7
"C2254","5","11521","47","0","2008","A","","Fond du Lac, WI MSA","Private","Support activities for animal production","MSA, NAICS 5-digit -- by ownership sector","All establishment sizes",5,23,463784,219494,5013,392,20386,"",3.65,2.35,1.89,2.24,2.38,0.81,0.81,"",1,25.0,2,9.5,24172,5.5,-16545,-7.0,1451,40.7,-3,-0.8,-141,-0.7
"C2254","5","115210","48","0","2008","A","","Fond du Lac, WI MSA","Private","Support activities for animal production","MSA, NAICS 6-digit -- by ownership sector","All establishment sizes",5,23,463784,219494,5013,392,20386,"",3.65,2.35,1.89,2.24,2.38,0.81,0.81,"",1,25.0,2,9.5,24172,5.5,-16545,-7.0,1451,40.7,-3,-0.8,-141,-0.7
"C2254","5","21","44","0","2008","A","","Fond du Lac, WI MSA","Private","Mining, quarrying, and oil and gas extraction","MSA, NAICS Sector -- by ownership sector","All establishment sizes",9,344,13015223,4209209,153960,728,37862,"",1.10,1.42,0.77,1.35,2.24,0.55,0.55,"",1,12.5,93,37.1,3847566,42.0,1225069,41.1,2212,1.5,27,3.9,1398,3.8
"C2254","5","212","45","0","2008","A","","Fond du Lac, WI MSA","Private","Mining, except oil and gas","MSA, NAICS 3-digit -- by ownership sector","All establishment sizes",9,344,13015223,4209209,153960,728,37862,"",4.34,4.52,3.41,4.34,4.78,0.75,0.75,"",1,12.5,93,37.1,3847566,42.0,1225069,41.1,2212,1.5,27,3.9,1398,3.8
"C2254","5","2123","46","0","2008","A","","Fond du Lac, WI MSA","Private","Nonmetallic mineral mining and quarrying","MSA, NAICS 4-digit -- by ownership sector","All establishment sizes",9,344,13015223,4209209,153960,728,37862,"",5.55,9.91,9.24,10.22,8.41,0.93,0.93,"",1,12.5,93,37.1,3847566,42.0,1225069,41.1,2212,1.5,27,3.9,1398,3.8
"C2254","5","21231","47","0","2008","A","","Fond du Lac, WI MSA","Private","Stone mining and quarrying","MSA, NAICS 5-digit -- by ownership sector","All establishment sizes",5,273,8526718,3426030,100010,600,31195,"",7.00,17.05,13.94,19.69,11.58,0.82,0.82,"N",1,25.0,0,0,0,0,0,0,0,0,0,0,0,0
"C2254","5","212311","48","0","2008","A","","Fond du Lac, WI MSA","Private","Dimension stone mining and quarrying","MSA, NAICS 6-digit -- by ownership sector","All establishment sizes",5,273,8526718,3426030,100010,600,31195,"",28.32,100.06,104.24,107.13,84.08,1.04,1.04,"N",1,25.0,0,0,0,0,0,0,0,0,0,0,0,0
"C2254","5","21232","47","0","2008","A","","Fond du Lac, WI MSA","Private","Sand, gravel, clay, and refractory mining","MSA, NAICS 5-digit -- by ownership sector","All establishment sizes",4,70,4488505,783179,53950,1226,63742,"",5.03,4.96,7.98,4.44,6.43,1.60,1.60,"N",0,0.0,0,0,0,0,0,0,0,0,0,0,0,0
"C2254","5","212321","48","0","2008","A","N","Fond du Lac, WI MSA","Private","Construction sand and gravel mining","MSA, NAICS 6-digit -- by ownership sector","All establishment sizes",2,0,0,0,0,0,0,"N",2.91,0,0,0,0,0,0,"N",0,0.0,0,0,0,0,0,0,0,0,0,0,0,0
"C2254","5","212322","48","0","2008","A","N","Fond du Lac, WI MSA","Private","Industrial sand mining","MSA, NAICS 6-digit -- by ownership sector","All establishment sizes",2,0,0,0,0,0,0,"N",44.38,0,0,0,0,0,0,"N",0,0.0,0,0,0,0,0,0,0,0,0,0,0,0
"C2254","5","22","44","0","2008","A","N","Fond du Lac, WI MSA","Private","Utilities","MSA, NAICS Sector -- by ownership sector","All establishment sizes",4,0,0,0,0,0,0,"N",0.92,0,0,0,0,0,0,"N",1,33.3,0,0,0,0,0,0,0,0,0,0,0,0
"C2254","5","221","45","0","2008","A","N","Fond du Lac, WI MSA","Private","Utilities","MSA, NAICS 3-digit -- by ownership sector","All establishment sizes",4,0,0,0,0,0,0,"N",0.92,0,0,0,0,0,0,"N",1,33.3,0,0,0,0,0,0,0,0,0,0,0,0
"C2254","5","2211","46","0","2008","A","N","Fond du Lac, WI MSA","Private","Power generation and supply","MSA, NAICS 4-digit -- by ownership sector","All establishment sizes",4,0,0,0,0,0,0,"N",1.86,0,0,0,0,0,0,"N",1,33.3,0,0,0,0,0,0,0,0,0,0,0,0
"C2254","5","22111","47","0","2008","A","N","Fond du Lac, WI MSA","Private","Electric power generation","MSA, NAICS 5-digit -- by ownership sector","All establishment sizes",3,0,0,0,0,0,0,"N",3.15,0,0,0,0,0,0,"N",1,50.0,0,0,0,0,0,0,0,0,0,0,0,0
"C2254","5","221112","48","0","2008","A","N","Fond du Lac, WI MSA","Private","Fossil fuel electric power generation","MSA, NAICS 6-digit -- by ownership sector","All establishment sizes",2,0,0,0,0,0,0,"N",3.95,0,0,0,0,0,0,"N",1,100.0,0,0,0,0,0,0,0,0,0,0,0,0
"C2254","5","221119","48","0","2008","A","N","Fond du Lac, WI MSA","Private","Other electric power generation","MSA, NAICS 6-digit -- by ownership sector","All establishment sizes",1,0,0,0,0,0,0,"N",7.94,0,0,0,0,0,0,"N",0,0.0,0,0,0,0,0,0,0,0,0,0,0,0
"C2254","5","22112","47","0","2008","A","N","Fond du Lac, WI MSA","Private","Electric power transmission and distribution","MSA, NAICS 5-digit -- by ownership sector","All establishment sizes",1,0,0,0,0,0,0,"N",0.84,0,0,0,0,0,0,"N",0,0.0,0,0,0,0,0,0,0,0,0,0,0,0
"C2254","5","221122","48","0","2008","A","N","Fond du Lac, WI MSA","Private","Electric power distribution","MSA, NAICS 6-digit -- by ownership sector","All establishment sizes",1,0,0,0,0,0,0,"N",0.96,0,0,0,0,0,0,"N",0,0.0,0,0,0,0,0,0,0,0,0,0,0,0
"C2254","5","23","44","0","2008","A","","Fond du Lac, WI MSA","Private","Construction","MSA, NAICS Sector -- by ownership sector","All establishment sizes",291,2885,161477130,38322350,2486652,1076,55968,"",1.24,1.19,1.71,1.25,1.74,1.44,1.44,"",-9,-3.0,196,7.3,29318437,22.2,3179540,9.0,10691,0.4,131,13.9,6812,13.9
"C2254","5","236","45","0","2008","A","","Fond du Lac, WI MSA","Private","Construction of buildings","MSA, NAICS 3-digit -- by ownership sector","All establishment sizes",68,651,38530076,8533012,645571,1137,59148,"",0.95,1.16,1.62,1.22,2.07,1.39,1.39,"",-6,-8.1,-43,-6.2,2560900,7.1,-637048,-6.9,-20226,-3.0,141,14.2,7350,14.2
"C2254","5","2361","46","0","2008","A","","Fond du Lac, WI MSA","Private","Residential building construction","MSA, NAICS 4-digit -- by ownership sector","All establishment sizes",53,202,7204903,2468772,118852,686,35683,"",0.92,0.73,0.74,0.75,1.00,1.01,1.02,"",-4,-7.0,-12,-5.6,-365591,-4.8,-40972,-1.6,10691,9.9,7,1.0,362,1.0
"C2254","5","23611","47","0","2008","A","","Fond du Lac, WI MSA","Private","Residential building construction","MSA, NAICS 5-digit -- by ownership sector","All establishment sizes",53,202,7204903,2468772,118852,686,35683,"",0.92,0.73,0.74,0.75,1.00,1.01,1.02,"",-4,-7.0,-12,-5.6,-365591,-4.8,-40972,-1.6,10691,9.9,7,1.0,362,1.0
"C2254","5","236115","48","0","2008","A","","Fond du Lac, WI MSA","Private","New single-family general contractors","MSA, NAICS 6-digit -- by ownership sector","All establishment sizes",38,161,5475997,1930966,96693,652,33925,"",1.19,1.02,0.97,1.02,1.47,0.94,0.94,"",-3,-7.3,-5,-3.0,-152922,-2.7,4588,0.2,9346,10.7,-1,-0.2,-35,-0.1
"C2254","5","236116","48","0","2008","A","N","Fond du Lac, WI MSA","Private","New multifamily general contractors","MSA, NAICS 6-digit -- by ownership sector","All establishment sizes",1,0,0,0,0,0,0,"N",0.95,0,0,0,0,0,0,"N",0,0.0,0,0,0,0,0,0,0,0,0,0,0,0
"C2254","5","236118","48","0","2008","A","N","Fond du Lac, WI MSA","Private","Residential remodelers","MSA, NAICS 6-digit -- by ownership sector","All establishment sizes",14,0,0,0,0,0,0,"N",0.61,0,0,0,0,0,0,"N",-1,-6.7,0,0,0,0,0,0,0,0,0,0,0,0
"C2254","5","2362","46","0","2008","A","","Fond du Lac, WI MSA","Private","Nonresidential building construction","MSA, NAICS 4-digit -- by ownership sector","All establishment sizes",16,450,31325173,6064240,526719,1340,69689,"",1.13,1.60,2.23,1.63,2.73,1.39,1.40,"",-1,-5.9,-30,-6.2,2926491,10.3,-596076,-8.9,-30917,-5.5,202,17.8,10535,17.8
"C2254","5","23621","47","0","2008","A","","Fond du Lac, WI MSA","Private","Industrial building construction","MSA, NAICS 5-digit -- by ownership sector","All establishment sizes",4,53,3032461,673463,56543,1107,57578,"",2.32,0.83,0.90,0.78,1.12,1.10,1.10,"",0,0.0,8,17.8,493791,19.5,54253,8.8,17319,44.2,24,2.2,1267,2.3
"C2254","5","236210","48","0","2008","A","","Fond du Lac, WI MSA","Private","Industrial building construction","MSA, NAICS 6-digit -- by ownership sector","All establishment sizes",4,53,3032461,673463,56543,1107,57578,"",2.32,0.83,0.90,0.78,1.12,1.10,1.10,"",0,0.0,8,17.8,493791,19.5,54253,8.8,17319,44.2,24,2.2,1267,2.3
"C2254","5","23622","47","0","2008","A","","Fond du Lac, WI MSA","Private","Commercial building construction","MSA, NAICS 5-digit -- by ownership sector","All establishment sizes",12,397,28292712,5390777,470176,1371,71296,"",0.96,1.82,2.64,1.89,3.30,1.45,1.45,"",-1,-7.7,-38,-8.7,2432700,9.4,-650329,-10.8,-48236,-9.3,228,19.9,11848,19.9
"C2254","5","236220","48","0","2008","A","","Fond du Lac, WI MSA","Private","Commercial building construction","MSA, NAICS 6-digit -- by ownership sector","All establishment sizes",12,397,28292712,5390777,470176,1371,71296,"",0.96,1.82,2.64,1.89,3.30,1.45,1.45,"",-1,-7.7,-38,-8.7,2432700,9.4,-650329,-10.8,-48236,-9.3,228,19.9,11848,19.9
"C2254","5","237","45","0","2008","A","","Fond du Lac, WI MSA","Private","Heavy and civil engineering construction","MSA, NAICS 3-digit -- by ownership sector","All establishment sizes",15,346,32952201,6231807,430838,1831,95192,"",0.98,1.06,2.18,1.42,1.83,2.06,2.06,"",-1,-6.2,226,188.3,23395064,244.8,4755711,322.2,310661,258.5,298,19.4,15494,19.4
"C2254","5","2371","46","0","2008","A","","Fond du Lac, WI MSA","Private","Utility system construction","MSA, NAICS 4-digit -- by ownership sector","All establishment sizes",11,329,32014243,5982417,412349,1869,97209,"",1.69,2.16,4.58,2.87,4.03,2.12,2.12,"",0,0.0,227,222.5,23289107,266.9,4743060,382.7,312660,313.6,225,13.7,11738,13.7
"C2254","5","23711","47","0","2008","A","","Fond du Lac, WI MSA","Private","Water and sewer system construction","MSA, NAICS 5-digit -- by ownership sector","All establishment sizes",7,42,1597689,502482,32366,739,38421,"",1.90,0.64,0.60,0.62,0.84,0.94,0.94,"",-1,-12.5,-5,-10.6,-206266,-11.4,-9621,-1.9,-845,-2.5,-7,-0.9,-374,-1.0
"C2254","5","237110","48","0","2008","A","","Fond du Lac, WI MSA","Private","Water and sewer system construction","MSA, NAICS 6-digit -- by ownership sector","All establishment sizes",7,42,1597689,502482,32366,739,38421,"",1.90,0.64,0.60,0.62,0.84,0.94,0.94,"",-1,-12.5,-5,-10.6,-206266,-11.4,-9621,-1.9,-845,-2.5,-7,-0.9,-374,-1.0
"C2254","5","23712","47","0","2008","A","N","Fond du Lac, WI MSA","Private","Oil and gas pipeline construction","MSA, NAICS 5-digit -- by ownership sector","All establishment sizes",2,0,0,0,0,0,0,"N",2.69,0,0,0,0,0,0,"N",1,100.0,0,0,0,0,0,0,0,0,0,0,0,0
"C2254","5","237120","48","0","2008","A","N","Fond du Lac, WI MSA","Private","Oil and gas pipeline construction","MSA, NAICS 6-digit -- by ownership sector","All establishment sizes",2,0,0,0,0,0,0,"N",2.69,0,0,0,0,0,0,"N",1,100.0,0,0,0,0,0,0,0,0,0,0,0,0
"C2254","5","23713","47","0","2008","A","N","Fond du Lac, WI MSA","Private","Power and communication system construction","MSA, NAICS 5-digit -- by ownership sector","All establishment sizes",3,0,0,0,0,0,0,"N",1.44,0,0,0,0,0,0,"N",0,0.0,0,0,0,0,0,0,0,0,0,0,0,0
"C2254","5","237130","48","0","2008","A","N","Fond du Lac, WI MSA","Private","Power and communication system construction","MSA, NAICS 6-digit -- by ownership sector","All establishment sizes",3,0,0,0,0,0,0,"N",1.44,0,0,0,0,0,0,"N",0,0.0,0,0,0,0,0,0,0,0,0,0,0,0
"C2254","5","2372","46","0","2008","A","N","Fond du Lac, WI MSA","Private","Land subdivision","MSA, NAICS 4-digit -- by ownership sector","All establishment sizes",3,0,0,0,0,0,0,"N",0.85,0,0,0,0,0,0,"N",0,0.0,0,0,0,0,0,0,0,0,0,0,0,0
"C2254","5","23721","47","0","2008","A","N","Fond du Lac, WI MSA","Private","Land subdivision","MSA, NAICS 5-digit -- by ownership sector","All establishment sizes",3,0,0,0,0,0,0,"N",0.85,0,0,0,0,0,0,"N",0,0.0,0,0,0,0,0,0,0,0,0,0,0,0
"C2254","5","237210","48","0","2008","A","N","Fond du Lac, WI MSA","Private","Land subdivision","MSA, NAICS 6-digit -- by ownership sector","All establishment sizes",3,0,0,0,0,0,0,"N",0.85,0,0,0,0,0,0,"N",0,0.0,0,0,0,0,0,0,0,0,0,0,0,0
"C2254","5","2373","46","0","2008","A","N","Fond du Lac, WI MSA","Private","Highway, street, and bridge construction","MSA, NAICS 4-digit -- by ownership sector","All establishment sizes",1,0,0,0,0,0,0,"N",0.32,0,0,0,0,0,0,"N",-1,-50.0,0,0,0,0,0,0,0,0,0,0,0,0
"C2254","5","23731","47","0","2008","A","N","Fond du Lac, WI MSA","Private","Highway, street, and bridge construction","MSA, NAICS 5-digit -- by ownership sector","All establishment sizes",1,0,0,0,0,0,0,"N",0.32,0,0,0,0,0,0,"N",-1,-50.0,0,0,0,0,0,0,0,0,0,0,0,0
"C2254","5","237310","48","0","2008","A","N","Fond du Lac, WI MSA","Private","Highway, street, and bridge construction","MSA, NAICS 6-digit -- by ownership sector","All establishment sizes",1,0,0,0,0,0,0,"N",0.32,0,0,0,0,0,0,"N",-1,-50.0,0,0,0,0,0,0,0,0,0,0,0,0
"C2254","5","238","45","0","2008","A","","Fond du Lac, WI MSA","Private","Specialty trade contractors","MSA, NAICS 3-digit -- by ownership sector","All establishment sizes",208,1888,89994853,23557531,1410243,917,47677,"",1.40,1.23,1.62,1.23,1.60,1.32,1.32,"",-2,-1.0,14,0.7,3362473,3.9,-939123,-3.8,-279744,-16.6,28,3.1,1455,3.1
"C2254","5","2381","46","0","2008","A","","Fond du Lac, WI MSA","Private","Building foundation and exterior contractors","MSA, NAICS 4-digit -- by ownership sector","All establishment sizes",54,321,11390337,4196265,311511,683,35530,"",1.71,0.97,1.08,1.02,1.67,1.10,1.11,"",-5,-8.5,-2,-0.6,-801710,-6.6,-6221,-0.1,8131,2.7,-43,-5.9,-2197,-5.8
"C2254","5","23811","47","0","2008","A","","Fond du Lac, WI MSA","Private","Poured concrete structure contractors","MSA, NAICS 5-digit -- by ownership sector","All establishment sizes",13,81,2922331,1145017,90963,693,36041,"",2.19,1.11,1.25,1.29,2.28,1.13,1.13,"",0,0.0,-10,-11.0,-468120,-13.8,-145346,-11.3,-9233,-9.2,-25,-3.5,-1285,-3.4
"C2254","5","238111","48","0","2008","A","","Fond du Lac, WI MSA","Private","Residential poured foundation contractors","MSA, NAICS 6-digit -- by ownership sector","All establishment sizes",8,35,1098294,497005,47698,603,31380,"",1.83,0.95,1.07,1.15,2.52,1.12,1.12,"",0,0.0,-9,-20.5,-426291,-28.0,-73679,-12.9,2773,6.2,-68,-10.1,-3534,-10.1
"C2254","5","238112","48","0","2008","A","","Fond du Lac, WI MSA","Private","Nonresidential poured foundation contractors","MSA, NAICS 6-digit -- by ownership sector","All establishment sizes",5,46,1824037,648012,43265,761,39581,"",3.22,1.26,1.40,1.43,2.06,1.10,1.10,"",0,0.0,-1,-2.1,-41829,-2.2,-71667,-10.0,-12006,-21.7,0,0.0,22,0.1
"C2254","5","23813","47","0","2008","A","","Fond du Lac, WI MSA","Private","Framing contractors","MSA, NAICS 5-digit -- by ownership sector","All establishment sizes",12,71,2916975,852351,55316,787,40940,"",2.66,2.19,3.24,2.07,3.59,1.47,1.47,"",-3,-20.0,-2,-2.7,-168073,-5.4,5630,0.7,5217,10.4,-22,-2.7,-1129,-2.7
"C2254","5","238131","48","0","2008","A","","Fond du Lac, WI MSA","Private","Residential framing contractors","MSA, NAICS 6-digit -- by ownership sector","All establishment sizes",12,71,2916975,852351,55316,787,40940,"",3.02,2.81,4.45,2.70,4.92,1.57,1.58,"",-3,-20.0,-2,-2.7,-168073,-5.4,5630,0.7,5217,10.4,-22,-2.7,-1129,-2.7
"C2254","5","23814","47","0","2008","A","","Fond du Lac, WI MSA","Private","Masonry contractors","MSA, NAICS 5-digit -- by ownership sector","All establishment sizes",9,29,740300,360123,28724,494,25675,"",1.14,0.40,0.35,0.40,0.60,0.87,0.87,"N",-1,-10.0,0,0,0,0,0,0,0,0,0,0,0,0
"C2254","5","238141","48","0","2008","A","","Fond du Lac, WI MSA","Private","Residential masonry contractors","MSA, NAICS 6-digit -- by ownership sector","All establishment sizes",9,29,740300,360123,28724,494,25675,"",1.49,0.81,0.82,0.85,1.57,1.02,1.02,"N",-1,-10.0,0,0,0,0,0,0,0,0,0,0,0,0
"C2254","5","23815","47","0","2008","A","N","Fond du Lac, WI MSA","Private","Glass and glazing contractors","MSA, NAICS 5-digit -- by ownership sector","All establishment sizes",2,0,0,0,0,0,0,"N",1.21,0,0,0,0,0,0,"N",0,0.0,0,0,0,0,0,0,0,0,0,0,0,0
"C2254","5","238151","48","0","2008","A","N","Fond du Lac, WI MSA","Private","Residential glass and glazing contractors","MSA, NAICS 6-digit -- by ownership sector","All establishment sizes",1,0,0,0,0,0,0,"N",1.09,0,0,0,0,0,0,"N",0,0.0,0,0,0,0,0,0,0,0,0,0,0,0
"C2254","5","238152","48","0","2008","A","N","Fond du Lac, WI MSA","Private","Nonresidential glass and glazing contractors","MSA, NAICS 6-digit -- by ownership sector","All establishment sizes",1,0,0,0,0,0,0,"N",1.35,0,0,0,0,0,0,"N",0,0.0,0,0,0,0,0,0,0,0,0,0,0,0
"C2254","5","23816","47","0","2008","A","","Fond du Lac, WI MSA","Private","Roofing contractors","MSA, NAICS 5-digit -- by ownership sector","All establishment sizes",10,87,2937082,1042873,92044,651,33857,"",1.79,1.36,1.50,1.41,2.73,1.11,1.11,"",0,0.0,5,6.1,71602,2.5,28690,2.8,3812,4.3,-24,-3.6,-1266,-3.6
"C2254","5","238161","48","0","2008","A","","Fond du Lac, WI MSA","Private","Residential roofing contractors","MSA, NAICS 6-digit -- by ownership sector","All establishment sizes",6,35,1021343,449440,34229,568,29533,"",1.45,1.20,1.36,1.39,2.98,1.15,1.15,"",-1,-14.3,7,25.0,134652,15.2,108687,31.9,11993,53.9,-48,-7.8,-2516,-7.9
"C2254","5","238162","48","0","2008","A","","Fond du Lac, WI MSA","Private","Nonresidential roofing contractors","MSA, NAICS 6-digit -- by ownership sector","All establishment sizes",4,52,1915739,593433,57815,706,36723,"",2.72,1.50,1.59,1.42,2.61,1.06,1.06,"",1,33.3,-2,-3.7,-63050,-3.2,-79997,-11.9,-8181,-12.4,0,0.0,22,0.1
"C2254","5","23817","47","0","2008","A","","Fond du Lac, WI MSA","Private","Siding contractors","MSA, NAICS 5-digit -- by ownership sector","All establishment sizes",8,38,1238296,612930,37659,631,32803,"",3.11,2.70,3.26,3.48,5.59,1.22,1.22,"",-1,-11.1,2,5.6,-294817,-19.2,68425,12.6,3182,9.2,-190,-23.1,-9882,-23.2
"C2254","5","238171","48","0","2008","A","","Fond du Lac, WI MSA","Private","Residential siding contractors","MSA, NAICS 6-digit -- by ownership sector","All establishment sizes",8,38,1238296,612930,37659,631,32803,"",3.36,3.21,4.09,4.17,6.83,1.29,1.29,"N",0,0.0,0,0,0,0,0,0,0,0,0,0,0,0
"C2254","5","23819","47","0","2008","A","N","Fond du Lac, WI MSA","Private","Other building exterior contractors","MSA, NAICS 5-digit -- by ownership sector","All establishment sizes",1,0,0,0,0,0,0,"N",0.56,0,0,0,0,0,0,"N",1,100.0,0,0,0,0,0,0,0,0,0,0,0,0
"C2254","5","238191","48","0","2008","A","N","Fond du Lac, WI MSA","Private","Other residential exterior contractors","MSA, NAICS 6-digit -- by ownership sector","All establishment sizes",1,0,0,0,0,0,0,"N",1.03,0,0,0,0,0,0,"N",1,100.0,0,0,0,0,0,0,0,0,0,0,0,0
"C2254","5","2382","46","0","2008","A","","Fond du Lac, WI MSA","Private","Building equipment contractors","MSA, NAICS 4-digit -- by ownership sector","All establishment sizes",76,1258,66737972,15457399,852670,1020,53058,"",1.40,1.84,2.43,1.81,2.22,1.31,1.32,"",3,4.1,31,2.5,4114489,6.6,-750268,-4.6,-282241,-24.9,39,4.0,2020,4.0
"C2254","5","23821","47","0","2008","A","","Fond du Lac, WI MSA","Private","Electrical and wiring contractors","MSA, NAICS 5-digit -- by ownership sector","All establishment sizes",29,284,11259696,3523238,169663,762,39635,"",1.20,0.93,0.90,0.91,0.95,0.97,0.97,"",1,3.6,1,0.4,581277,5.4,-152020,-4.1,-6554,-3.7,36,5.0,1869,4.9
"C2254","5","238211","48","0","2008","A","","Fond du Lac, WI MSA","Private","Residential electrical contractors","MSA, NAICS 6-digit -- by ownership sector","All establishment sizes",16,166,5369312,2255055,107314,621,32313,"",1.13,1.64,1.64,1.86,2.59,1.00,1.00,"",-1,-5.9,-4,-2.4,198749,3.8,-61486,-2.7,1605,1.5,36,6.2,1868,6.1
"C2254","5","238212","48","0","2008","A","","Fond du Lac, WI MSA","Private","Nonresidential electrical contractors","MSA, NAICS 6-digit -- by ownership sector","All establishment sizes",13,118,5890384,1268183,62349,961,49954,"",1.30,0.58,0.64,0.48,0.45,1.11,1.11,"",2,18.2,5,4.4,382528,6.9,-90534,-6.7,-8159,-11.6,23,2.5,1176,2.4
"C2254","5","23822","47","0","2008","A","","Fond du Lac, WI MSA","Private","Plumbing and hvac contractors","MSA, NAICS 5-digit -- by ownership sector","All establishment sizes",42,937,54068247,11492266,667526,1110,57724,"",1.52,2.83,4.20,2.82,3.81,1.48,1.48,"",-1,-2.3,4,0.4,2498828,4.8,-920037,-7.4,-289761,-30.3,47,4.4,2456,4.4
"C2254","5","238221","48","0","2008","A","","Fond du Lac, WI MSA","Private","Residential plumbing and hvac contractors","MSA, NAICS 6-digit -- by ownership sector","All establishment sizes",33,173,7590869,1994089,58029,842,43772,"",1.64,1.11,1.53,1.11,1.00,1.37,1.38,"",-1,-2.9,1,0.6,798305,11.8,26377,1.3,-4265,-6.8,83,10.9,4299,10.9
"C2254","5","238222","48","0","2008","A","","Fond du Lac, WI MSA","Private","Nonresidential plumbing and hvac contractors","MSA, NAICS 6-digit -- by ownership sector","All establishment sizes",9,763,46477378,9498177,609497,1171,60894,"",1.19,4.35,5.87,4.17,5.21,1.35,1.35,"",0,0.0,2,0.3,1700523,3.8,-946414,-9.1,-285496,-31.9,39,3.4,2055,3.5
"C2254","5","23829","47","0","2008","A","","Fond du Lac, WI MSA","Private","Other building equipment contractors","MSA, NAICS 5-digit -- by ownership sector","All establishment sizes",5,37,1410029,441895,15481,731,38023,"",1.88,0.82,0.67,0.74,0.52,0.81,0.81,"",2,66.7,26,236.4,1034384,275.4,321789,267.9,14074,1000.3,84,13.0,4383,13.0
"C2254","5","238291","48","0","2008","A","N","Fond du Lac, WI MSA","Private","Other residential equipment contractors","MSA, NAICS 6-digit -- by ownership sector","All establishment sizes",1,0,0,0,0,0,0,"N",2.17,0,0,0,0,0,0,"N",1,100.0,0,0,0,0,0,0,0,0,0,0,0,0
"C2254","5","238292","48","0","2008","A","N","Fond du Lac, WI MSA","Private","Other nonresidential equipment contractors","MSA, NAICS 6-digit -- by ownership sector","All establishment sizes",4,0,0,0,0,0,0,"N",1.82,0,0,0,0,0,0,"N",1,33.3,0,0,0,0,0,0,0,0,0,0,0,0
"C2254","5","2383","46","0","2008","A","","Fond du Lac, WI MSA","Private","Building finishing contractors","MSA, NAICS 4-digit -- by ownership sector","All establishment sizes",41,128,4392401,1557675,65248,660,34316,"",1.06,0.42,0.45,0.41,0.38,1.08,1.08,"",0,0.0,-13,-9.2,-248822,-5.4,-140575,-8.3,-2678,-3.9,28,4.4,1458,4.4
"C2254","5","23831","47","0","2008","A","","Fond du Lac, WI MSA","Private","Drywall and insulation contractors","MSA, NAICS 5-digit -- by ownership sector","All establishment sizes",10,30,874452,377449,22811,553,28749,"",1.46,0.28,0.24,0.27,0.34,0.84,0.84,"",0,0.0,-5,-14.3,-130954,-13.0,-37022,-8.9,136,0.6,3,0.5,159,0.6
"C2254","5","238311","48","0","2008","A","N","Fond du Lac, WI MSA","Private","Residential drywall contractors","MSA, NAICS 6-digit -- by ownership sector","All establishment sizes",9,0,0,0,0,0,0,"N",1.89,0,0,0,0,0,0,"N",0,0.0,0,0,0,0,0,0,0,0,0,0,0,0
"C2254","5","238312","48","0","2008","A","N","Fond du Lac, WI MSA","Private","Nonresidential drywall contractors","MSA, NAICS 6-digit -- by ownership sector","All establishment sizes",1,0,0,0,0,0,0,"N",0.48,0,0,0,0,0,0,"N",0,0.0,0,0,0,0,0,0,0,0,0,0,0,0
"C2254","5","23832","47","0","2008","A","","Fond du Lac, WI MSA","Private","Painting and wall covering contractors","MSA, NAICS 5-digit -- by ownership sector","All establishment sizes",12,61,2516105,764172,25627,792,41191,"",1.04,0.81,1.19,0.84,0.64,1.46,1.46,"",-1,-7.7,-3,-4.7,-68186,-2.6,-43610,-5.4,-2890,-10.1,15,1.9,811,2.0
"C2254","5","238321","48","0","2008","A","","Fond du Lac, WI MSA","Private","Residential painting contractors","MSA, NAICS 6-digit -- by ownership sector","All establishment sizes",8,20,543608,238646,7696,523,27180,"",0.85,0.47,0.54,0.49,0.42,1.17,1.17,"",-1,-11.1,-3,-13.0,5340,1.0,-57186,-19.3,-2325,-23.2,66,14.4,3433,14.5
"C2254","5","238322","48","0","2008","A","","Fond du Lac, WI MSA","Private","Nonresidential painting contractors","MSA, NAICS 6-digit -- by ownership sector","All establishment sizes",4,41,1972497,525526,17931,923,48012,"",1.83,1.28,1.76,1.25,0.82,1.37,1.38,"",0,0.0,0,0.0,-73526,-3.6,13576,2.7,-565,-3.1,-29,-3.0,-1489,-3.0
"C2254","5","23833","47","0","2008","A","N","Fond du Lac, WI MSA","Private","Flooring contractors","MSA, NAICS 5-digit -- by ownership sector","All establishment sizes",5,0,0,0,0,0,0,"N",1.07,0,0,0,0,0,0,"N",0,0.0,0,0,0,0,0,0,0,0,0,0,0,0
"C2254","5","238331","48","0","2008","A","N","Fond du Lac, WI MSA","Private","Residential flooring contractors","MSA, NAICS 6-digit -- by ownership sector","All establishment sizes",5,0,0,0,0,0,0,"N",1.31,0,0,0,0,0,0,"N",0,0.0,0,0,0,0,0,0,0,0,0,0,0,0
"C2254","5","23834","47","0","2008","A","","Fond du Lac, WI MSA","Private","Tile and terrazzo contractors","MSA, NAICS 5-digit -- by ownership sector","All establishment sizes",4,10,287883,121809,5854,563,29276,"",1.22,0.46,0.43,0.46,0.58,0.96,0.96,"",1,33.3,4,66.7,100527,53.7,37816,45.0,2495,74.3,-6,-1.1,-307,-1.0
"C2254","5","238341","48","0","2008","A","N","Fond du Lac, WI MSA","Private","Residential tile and terrazzo contractors","MSA, NAICS 6-digit -- by ownership sector","All establishment sizes",3,0,0,0,0,0,0,"N",1.06,0,0,0,0,0,0,"N",1,50.0,0,0,0,0,0,0,0,0,0,0,0,0
"C2254","5","238342","48","0","2008","A","N","Fond du Lac, WI MSA","Private","Nonresidential tile and terrazzo contractors","MSA, NAICS 6-digit -- by ownership sector","All establishment sizes",1,0,0,0,0,0,0,"N",2.19,0,0,0,0,0,0,"N",0,0.0,0,0,0,0,0,0,0,0,0,0,0,0
"C2254","5","23835","47","0","2008","A","","Fond du Lac, WI MSA","Private","Finish carpentry contractors","MSA, NAICS 5-digit -- by ownership sector","All establishment sizes",9,20,560556,217027,7620,535,27796,"",0.90,0.37,0.34,0.33,0.29,0.89,0.89,"",-1,-10.0,-8,-28.6,-133520,-19.2,-79093,-26.7,-3501,-31.5,51,10.5,2633,10.5
"C2254","5","238351","48","0","2008","A","","Fond du Lac, WI MSA","Private","Residential finish carpentry contractors","MSA, NAICS 6-digit -- by ownership sector","All establishment sizes",9,20,560556,217027,7620,535,27796,"",1.04,0.51,0.51,0.48,0.48,0.99,0.99,"N",0,0.0,0,0,0,0,0,0,0,0,0,0,0,0
"C2254","5","23839","47","0","2008","A","N","Fond du Lac, WI MSA","Private","Other building finishing contractors","MSA, NAICS 5-digit -- by ownership sector","All establishment sizes",1,0,0,0,0,0,0,"N",0.41,0,0,0,0,0,0,"N",1,100.0,0,0,0,0,0,0,0,0,0,0,0,0
"C2254","5","238392","48","0","2008","A","N","Fond du Lac, WI MSA","Private","Other nonresidential finishing contractors","MSA, NAICS 6-digit -- by ownership sector","All establishment sizes",1,0,0,0,0,0,0,"N",0.86,0,0,0,0,0,0,"N",1,100.0,0,0,0,0,0,0,0,0,0,0,0,0
"C2254","5","2389","46","0","2008","A","","Fond du Lac, WI MSA","Private","Other specialty trade contractors","MSA, NAICS 4-digit -- by ownership sector","All establishment sizes",37,181,7474143,2346192,180814,793,41256,"",1.58,0.81,0.98,0.85,1.30,1.20,1.20,"",0,0.0,-2,-1.1,298516,4.2,-42059,-1.8,-2956,-1.6,38,5.0,2009,5.1
"C2254","5","23891","47","0","2008","A","","Fond du Lac, WI MSA","Private","Site preparation contractors","MSA, NAICS 5-digit -- by ownership sector","All establishment sizes",24,150,6532132,1911691,146645,836,43451,"",2.02,1.28,1.58,1.29,2.00,1.23,1.23,"",0,0.0,2,1.4,446555,7.3,22519,1.2,6363,4.5,47,6.0,2448,6.0
"C2254","5","238911","48","0","2008","A","","Fond du Lac, WI MSA","Private","Residential site preparation contractors","MSA, NAICS 6-digit -- by ownership sector","All establishment sizes",17,75,2755935,873913,65859,703,36543,"",2.38,1.74,2.09,1.64,2.66,1.19,1.19,"",0,0.0,-2,-2.6,176180,6.8,-9744,-1.1,5786,9.6,59,9.2,3076,9.2
"C2254","5","238912","48","0","2008","A","","Fond du Lac, WI MSA","Private","Nonresidential site preparation contractors","MSA, NAICS 6-digit -- by ownership sector","All establishment sizes",7,75,3776197,1037778,80786,969,50405,"",1.47,1.01,1.34,1.09,1.66,1.32,1.33,"",0,0.0,4,5.6,270375,7.7,32263,3.2,577,0.7,24,2.5,1258,2.6
"C2254","5","23899","47","0","2008","A","","Fond du Lac, WI MSA","Private","All other specialty trade contractors","MSA, NAICS 5-digit -- by ownership sector","All establishment sizes",13,31,942011,434501,34169,588,30552,"",1.14,0.29,0.27,0.34,0.52,0.91,0.91,"",0,0.0,-3,-8.8,-148039,-13.6,-64578,-12.9,-9319,-21.4,-21,-3.4,-1120,-3.5
"C2254","5","238991","48","0","2008","A","","Fond du Lac, WI MSA","Private","All other residential trade contractors","MSA, NAICS 6-digit -- by ownership sector","All establishment sizes",9,16,363903,216636,17219,447,23228,"",1.17,0.32,0.26,0.36,0.59,0.82,0.82,"",0,0.0,-3,-15.8,-97231,-21.1,-45045,-17.2,-5076,-22.8,-22,-4.7,-1149,-4.7
"C2254","5","238992","48","0","2008","A","","Fond du Lac, WI MSA","Private","All other nonresidential trade contractors","MSA, NAICS 6-digit -- by ownership sector","All establishment sizes",4,15,578108,217865,16950,733,38117,"",1.07,0.27,0.27,0.32,0.46,0.99,0.99,"",0,0.0,-1,-6.2,-50808,-8.1,-19533,-8.2,-4243,-20.0,-47,-6.0,-2458,-6.1
"C2254","5","31-33","44","0","2008","A","","Fond du Lac, WI MSA","Private","Manufacturing","MSA, NAICS Sector -- by ownership sector","All establishment sizes",152,10473,483792572,121407227,4252807,888,46194,"",1.58,2.30,2.46,2.45,2.54,1.07,1.07,"",-2,-1.3,-351,-3.2,-7081735,-1.4,-3332052,-2.7,414432,10.8,16,1.8,843,1.9
"C2254","5","311","45","0","2008","A","","Fond du Lac, WI MSA","Private","Food manufacturing","MSA, NAICS 3-digit -- by ownership sector","All establishment sizes",23,1844,70540062,21850635,1158446,736,38252,"",3.04,3.67,4.58,3.91,7.22,1.25,1.25,"",-1,-4.2,-12,-0.6,4974711,7.6,48855,0.2,-2529,-0.2,57,8.4,2921,8.3
"C2254","5","3111","46","0","2008","A","N","Fond du Lac, WI MSA","Private","Animal food manufacturing","MSA, NAICS 4-digit -- by ownership sector","All establishment sizes",1,0,0,0,0,0,0,"N",1.88,0,0,0,0,0,0,"N",0,0.0,0,0,0,0,0,0,0,0,0,0,0,0
"C2254","5","31111","47","0","2008","A","N","Fond du Lac, WI MSA","Private","Animal food manufacturing","MSA, NAICS 5-digit -- by ownership sector","All establishment sizes",1,0,0,0,0,0,0,"N",1.88,0,0,0,0,0,0,"N",0,0.0,0,0,0,0,0,0,0,0,0,0,0,0
"C2254","5","311119","48","0","2008","A","N","Fond du Lac, WI MSA","Private","Other animal food manufacturing","MSA, NAICS 6-digit -- by ownership sector","All establishment sizes",1,0,0,0,0,0,0,"N",2.25,0,0,0,0,0,0,"N",0,0.0,0,0,0,0,0,0,0,0,0,0,0,0
"C2254","5","3113","46","0","2008","A","N","Fond du Lac, WI MSA","Private","Sugar and confectionery product manufacturing","MSA, NAICS 4-digit -- by ownership sector","All establishment sizes",2,0,0,0,0,0,0,"N",3.73,0,0,0,0,0,0,"N",1,100.0,0,0,0,0,0,0,0,0,0,0,0,0
"C2254","5","31133","47","0","2008","A","N","Fond du Lac, WI MSA","Private","Confectionery mfg. from purchased chocolate","MSA, NAICS 5-digit -- by ownership sector","All establishment sizes",1,0,0,0,0,0,0,"N",2.90,0,0,0,0,0,0,"N",0,0.0,0,0,0,0,0,0,0,0,0,0,0,0
"C2254","5","311330","48","0","2008","A","N","Fond du Lac, WI MSA","Private","Confectionery mfg. from purchased chocolate","MSA, NAICS 6-digit -- by ownership sector","All establishment sizes",1,0,0,0,0,0,0,"N",2.90,0,0,0,0,0,0,"N",0,0.0,0,0,0,0,0,0,0,0,0,0,0,0
"C2254","5","31134","47","0","2008","A","N","Fond du Lac, WI MSA","Private","Nonchocolate confectionery manufacturing","MSA, NAICS 5-digit -- by ownership sector","All establishment sizes",1,0,0,0,0,0,0,"N",7.76,0,0,0,0,0,0,"N",1,100.0,0,0,0,0,0,0,0,0,0,0,0,0
"C2254","5","311340","48","0","2008","A","N","Fond du Lac, WI MSA","Private","Nonchocolate confectionery manufacturing","MSA, NAICS 6-digit -- by ownership sector","All establishment sizes",1,0,0,0,0,0,0,"N",7.76,0,0,0,0,0,0,"N",1,100.0,0,0,0,0,0,0,0,0,0,0,0,0
"C2254","5","3114","46","0","2008","A","","Fond du Lac, WI MSA","Private","Fruit and vegetable preserving and specialty","MSA, NAICS 4-digit -- by ownership sector","All establishment sizes",9,597,21371119,7710601,499782,689,35823,"",17.97,9.96,11.19,10.56,14.78,1.12,1.12,"",-2,-18.2,-12,-2.0,1621912,8.2,270705,3.6,21330,4.5,65,10.4,3399,10.5
"C2254","5","31141","47","0","2008","A","N","Fond du Lac, WI MSA","Private","Frozen food manufacturing","MSA, NAICS 5-digit -- by ownership sector","All establishment sizes",2,0,0,0,0,0,0,"N",9.92,0,0,0,0,0,0,"N",-1,-33.3,0,0,0,0,0,0,0,0,0,0,0,0
"C2254","5","311411","48","0","2008","A","N","Fond du Lac, WI MSA","Private","Frozen fruit and vegetable manufacturing","MSA, NAICS 6-digit -- by ownership sector","All establishment sizes",1,0,0,0,0,0,0,"N",15.50,0,0,0,0,0,0,"N",-1,-50.0,0,0,0,0,0,0,0,0,0,0,0,0
"C2254","5","311412","48","0","2008","A","N","Fond du Lac, WI MSA","Private","Frozen specialty food manufacturing","MSA, NAICS 6-digit -- by ownership sector","All establishment sizes",1,0,0,0,0,0,0,"N",7.30,0,0,0,0,0,0,"N",0,0.0,0,0,0,0,0,0,0,0,0,0,0,0
"C2254","5","31142","47","0","2008","A","N","Fond du Lac, WI MSA","Private","Fruit and vegetable canning and drying","MSA, NAICS 5-digit -- by ownership sector","All establishment sizes",7,0,0,0,0,0,0,"N",23.39,0,0,0,0,0,0,"N",-1,-12.5,0,0,0,0,0,0,0,0,0,0,0,0
"C2254","5","311421","48","0","2008","A","N","Fond du Lac, WI MSA","Private","Fruit and vegetable canning","MSA, NAICS 6-digit -- by ownership sector","All establishment sizes",7,0,0,0,0,0,0,"N",29.59,0,0,0,0,0,0,"N",-1,-12.5,0,0,0,0,0,0,0,0,0,0,0,0
"C2254","5","3115","46","0","2008","A","","Fond du Lac, WI MSA","Private","Dairy product manufacturing","MSA, NAICS 4-digit -- by ownership sector","All establishment sizes",6,826,38124030,9729892,298937,888,46183,"",12.73,18.62,22.42,19.74,21.23,1.20,1.20,"",0,0.0,9,1.1,3995193,11.7,35349,0.4,2528,0.9,85,10.6,4410,10.6
"C2254","5","31151","47","0","2008","A","","Fond du Lac, WI MSA","Private","Dairy product, except frozen, manufacturing","MSA, NAICS 5-digit -- by ownership sector","All establishment sizes",6,826,38124030,9729892,298937,888,46183,"",17.12,21.96,25.97,23.59,25.90,1.18,1.18,"",0,0.0,9,1.1,3995193,11.7,35349,0.4,2528,0.9,85,10.6,4410,10.6
"C2254","5","311513","48","0","2008","A","N","Fond du Lac, WI MSA","Private","Cheese manufacturing","MSA, NAICS 6-digit -- by ownership sector","All establishment sizes",5,0,0,0,0,0,0,"N",35.85,0,0,0,0,0,0,"N",0,0.0,0,0,0,0,0,0,0,0,0,0,0,0
"C2254","5","311514","48","0","2008","A","N","Fond du Lac, WI MSA","Private","Dry, condensed, and evaporated dairy products","MSA, NAICS 6-digit -- by ownership sector","All establishment sizes",1,0,0,0,0,0,0,"N",17.52,0,0,0,0,0,0,"N",0,0.0,0,0,0,0,0,0,0,0,0,0,0,0
"C2254","5","3118","46","0","2008","A","","Fond du Lac, WI MSA","Private","Bakeries and tortilla manufacturing","MSA, NAICS 4-digit -- by ownership sector","All establishment sizes",4,381,9985422,4070329,347180,505,26243,"",1.32,4.05,3.98,4.39,12.84,0.98,0.98,"",0,0.0,-11,-2.8,-690568,-6.5,-252746,-5.8,-29054,-7.7,-18,-3.4,-969,-3.6
"C2254","5","31181","47","0","2008","A","N","Fond du Lac, WI MSA","Private","Bread and bakery product manufacturing","MSA, NAICS 5-digit -- by ownership sector","All establishment sizes",2,0,0,0,0,0,0,"N",0.75,0,0,0,0,0,0,"N",0,0.0,0,0,0,0,0,0,0,0,0,0,0,0
"C2254","5","311812","48","0","2008","A","N","Fond du Lac, WI MSA","Private","Commercial bakeries","MSA, NAICS 6-digit -- by ownership sector","All establishment sizes",2,0,0,0,0,0,0,"N",2.53,0,0,0,0,0,0,"N",0,0.0,0,0,0,0,0,0,0,0,0,0,0,0
"C2254","5","31182","47","0","2008","A","N","Fond du Lac, WI MSA","Private","Cookie, cracker, and pasta manufacturing","MSA, NAICS 5-digit -- by ownership sector","All establishment sizes",2,0,0,0,0,0,0,"N",8.15,0,0,0,0,0,0,"N",0,0.0,0,0,0,0,0,0,0,0,0,0,0,0
"C2254","5","311821","48","0","2008","A","N","Fond du Lac, WI MSA","Private","Cookie and cracker manufacturing","MSA, NAICS 6-digit -- by ownership sector","All establishment sizes",2,0,0,0,0,0,0,"N",16.78,0,0,0,0,0,0,"N",0,0.0,0,0,0,0,0,0,0,0,0,0,0,0
"C2254","5","3119","46","0","2008","A","N","Fond du Lac, WI MSA","Private","Other food manufacturing","MSA, NAICS 4-digit -- by ownership sector","All establishment sizes",1,0,0,0,0,0,0,"N",1.06,0,0,0,0,0,0,"N",0,0.0,0,0,0,0,0,0,0,0,0,0,0,0
"C2254","5","31191","47","0","2008","A","N","Fond du Lac, WI MSA","Private","Snack food manufacturing","MSA, NAICS 5-digit -- by ownership sector","All establishment sizes",1,0,0,0,0,0,0,"N",6.32,0,0,0,0,0,0,"N",0,0.0,0,0,0,0,0,0,0,0,0,0,0,0
"C2254","5","311919","48","0","2008","A","N","Fond du Lac, WI MSA","Private","Other snack food manufacturing","MSA, NAICS 6-digit -- by ownership sector","All establishment sizes",1,0,0,0,0,0,0,"N",9.64,0,0,0,0,0,0,"N",0,0.0,0,0,0,0,0,0,0,0,0,0,0,0
"C2254","5","314","45","0","2008","A","","Fond du Lac, WI MSA","Private","Textile product mills","MSA, NAICS 3-digit -- by ownership sector","All establishment sizes",6,104,3114823,1183425,7648,574,29855,"",2.80,2.07,2.39,2.41,0.45,1.15,1.15,"",1,20.0,2,2.0,30217,1.0,-6677,-0.6,-7119,-48.2,-5,-0.9,-263,-0.9
"C2254","5","3149","46","0","2008","A","","Fond du Lac, WI MSA","Private","Other textile product mills","MSA, NAICS 4-digit -- by ownership sector","All establishment sizes",6,104,3114823,1183425,7648,574,29855,"",4.20,4.21,5.00,4.66,0.93,1.18,1.19,"",1,20.0,2,2.0,30217,1.0,-6677,-0.6,-7119,-48.2,-5,-0.9,-263,-0.9
"C2254","5","31491","47","0","2008","A","N","Fond du Lac, WI MSA","Private","Textile bag and canvas mills","MSA, NAICS 5-digit -- by ownership sector","All establishment sizes",4,0,0,0,0,0,0,"N",7.50,0,0,0,0,0,0,"N",1,33.3,0,0,0,0,0,0,0,0,0,0,0,0
"C2254","5","314911","48","0","2008","A","N","Fond du Lac, WI MSA","Private","Textile bag mills","MSA, NAICS 6-digit -- by ownership sector","All establishment sizes",1,0,0,0,0,0,0,"N",11.87,0,0,0,0,0,0,"N",0,0.0,0,0,0,0,0,0,0,0,0,0,0,0
"C2254","5","314912","48","0","2008","A","N","Fond du Lac, WI MSA","Private","Canvas and related product mills","MSA, NAICS 6-digit -- by ownership sector","All establishment sizes",3,0,0,0,0,0,0,"N",6.68,0,0,0,0,0,0,"N",1,50.0,0,0,0,0,0,0,0,0,0,0,0,0
"C2254","5","31499","47","0","2008","A","N","Fond du Lac, WI MSA","Private","All other textile product mills","MSA, NAICS 5-digit -- by ownership sector","All establishment sizes",2,0,0,0,0,0,0,"N",2.23,0,0,0,0,0,0,"N",0,0.0,0,0,0,0,0,0,0,0,0,0,0,0
"C2254","5","314999","48","0","2008","A","N","Fond du Lac, WI MSA","Private","All other miscellaneous textile product mills","MSA, NAICS 6-digit -- by ownership sector","All establishment sizes",2,0,0,0,0,0,0,"N",2.38,0,0,0,0,0,0,"N",0,0.0,0,0,0,0,0,0,0,0,0,0,0,0
"C2254","5","315","45","0","2008","A","N","Fond du Lac, WI MSA","Private","Apparel manufacturing","MSA, NAICS 3-digit -- by ownership sector","All establishment sizes",1,0,0,0,0,0,0,"N",0.42,0,0,0,0,0,0,"N",-1,-50.0,0,0,0,0,0,0,0,0,0,0,0,0
"C2254","5","3152","46","0","2008","A","N","Fond du Lac, WI MSA","Private","Cut and sew apparel manufacturing","MSA, NAICS 4-digit -- by ownership sector","All establishment sizes",1,0,0,0,0,0,0,"N",0.48,0,0,0,0,0,0,"N",0,0.0,0,0,0,0,0,0,0,0,0,0,0,0
"C2254","5","31521","47","0","2008","A","N","Fond du Lac, WI MSA","Private","Cut and sew apparel contractors","MSA, NAICS 5-digit -- by ownership sector","All establishment sizes",1,0,0,0,0,0,0,"N",0.84,0,0,0,0,0,0,"N",0,0.0,0,0,0,0,0,0,0,0,0,0,0,0
"C2254","5","315211","48","0","2008","A","N","Fond du Lac, WI MSA","Private","Men's and boys' apparel contractors","MSA, NAICS 6-digit -- by ownership sector","All establishment sizes",1,0,0,0,0,0,0,"N",5.69,0,0,0,0,0,0,"N",0,0.0,0,0,0,0,0,0,0,0,0,0,0,0
"C2254","5","321","45","0","2008","A","","Fond du Lac, WI MSA","Private","Wood product manufacturing","MSA, NAICS 3-digit -- by ownership sector","All establishment sizes",6,227,6841408,2611936,61502,580,30183,"",1.31,1.47,1.57,1.43,1.10,1.07,1.07,"",1,20.0,-2,-0.9,-645589,-8.6,-117,0.0,-1579,-2.5,-48,-7.6,-2488,-7.6
"C2254","5","3219","46","0","2008","A","","Fond du Lac, WI MSA","Private","Other wood product manufacturing","MSA, NAICS 4-digit -- by ownership sector","All establishment sizes",6,227,6841408,2611936,61502,580,30183,"",2.10,2.53,2.83,2.56,1.86,1.12,1.12,"",1,20.0,-2,-0.9,-645589,-8.6,-117,0.0,-1579,-2.5,-48,-7.6,-2488,-7.6
"C2254","5","32191","47","0","2008","A","N","Fond du Lac, WI MSA","Private","Millwork","MSA, NAICS 5-digit -- by ownership sector","All establishment sizes",3,0,0,0,0,0,0,"N",2.52,0,0,0,0,0,0,"N",1,50.0,0,0,0,0,0,0,0,0,0,0,0,0
"C2254","5","321911","48","0","2008","A","N","Fond du Lac, WI MSA","Private","Wood window and door manufacturing","MSA, NAICS 6-digit -- by ownership sector","All establishment sizes",2,0,0,0,0,0,0,"N",5.18,0,0,0,0,0,0,"N",1,100.0,0,0,0,0,0,0,0,0,0,0,0,0
"C2254","5","321918","48","0","2008","A","N","Fond du Lac, WI MSA","Private","Other millwork, including flooring","MSA, NAICS 6-digit -- by ownership sector","All establishment sizes",1,0,0,0,0,0,0,"N",1.59,0,0,0,0,0,0,"N",0,0.0,0,0,0,0,0,0,0,0,0,0,0,0
"C2254","5","32192","47","0","2008","A","N","Fond du Lac, WI MSA","Private","Wood container and pallet manufacturing","MSA, NAICS 5-digit -- by ownership sector","All establishment sizes",1,0,0,0,0,0,0,"N",1.19,0,0,0,0,0,0,"N",0,0.0,0,0,0,0,0,0,0,0,0,0,0,0
"C2254","5","321920","48","0","2008","A","N","Fond du Lac, WI MSA","Private","Wood container and pallet manufacturing","MSA, NAICS 6-digit -- by ownership sector","All establishment sizes",1,0,0,0,0,0,0,"N",1.19,0,0,0,0,0,0,"N",0,0.0,0,0,0,0,0,0,0,0,0,0,0,0
"C2254","5","32199","47","0","2008","A","N","Fond du Lac, WI MSA","Private","All other wood product manufacturing","MSA, NAICS 5-digit -- by ownership sector","All establishment sizes",2,0,0,0,0,0,0,"N",2.43,0,0,0,0,0,0,"N",0,0.0,0,0,0,0,0,0,0,0,0,0,0,0
"C2254","5","321992","48","0","2008","A","N","Fond du Lac, WI MSA","Private","Prefabricated wood building manufacturing","MSA, NAICS 6-digit -- by ownership sector","All establishment sizes",1,0,0,0,0,0,0,"N",4.27,0,0,0,0,0,0,"N",0,0.0,0,0,0,0,0,0,0,0,0,0,0,0
"C2254","5","321999","48","0","2008","A","N","Fond du Lac, WI MSA","Private","All other miscellaneous wood product mfg.","MSA, NAICS 6-digit -- by ownership sector","All establishment sizes",1,0,0,0,0,0,0,"N",2.11,0,0,0,0,0,0,"N",0,0.0,0,0,0,0,0,0,0,0,0,0,0,0
"C2254","5","322","45","0","2008","A","","Fond du Lac, WI MSA","Private","Paper manufacturing","MSA, NAICS 3-digit -- by ownership sector","All establishment sizes",4,241,10614023,3275972,30696,848,44118,"",2.38,1.60,1.60,1.97,0.62,1.00,1.00,"",0,0.0,17,7.6,1463053,16.0,798838,32.2,4357,16.5,61,7.8,3205,7.8
"C2254","5","3222","46","0","2008","A","","Fond du Lac, WI MSA","Private","Converted paper product manufacturing","MSA, NAICS 4-digit -- by ownership sector","All establishment sizes",4,241,10614023,3275972,30696,848,44118,"",2.77,2.24,2.50,2.82,0.83,1.12,1.12,"",0,0.0,17,7.6,1463053,16.0,798838,32.2,4357,16.5,61,7.8,3205,7.8
"C2254","5","32221","47","0","2008","A","N","Fond du Lac, WI MSA","Private","Paperboard container manufacturing","MSA, NAICS 5-digit -- by ownership sector","All establishment sizes",2,0,0,0,0,0,0,"N",2.75,0,0,0,0,0,0,"N",0,0.0,0,0,0,0,0,0,0,0,0,0,0,0
"C2254","5","322211","48","0","2008","A","N","Fond du Lac, WI MSA","Private","Corrugated and solid fiber box manufacturing","MSA, NAICS 6-digit -- by ownership sector","All establishment sizes",1,0,0,0,0,0,0,"N",2.02,0,0,0,0,0,0,"N",0,0.0,0,0,0,0,0,0,0,0,0,0,0,0
"C2254","5","322213","48","0","2008","A","N","Fond du Lac, WI MSA","Private","Setup paperboard box manufacturing","MSA, NAICS 6-digit -- by ownership sector","All establishment sizes",1,0,0,0,0,0,0,"N",36.76,0,0,0,0,0,0,"N",0,0.0,0,0,0,0,0,0,0,0,0,0,0,0
"C2254","5","32229","47","0","2008","A","N","Fond du Lac, WI MSA","Private","Other converted paper product manufacturing","MSA, NAICS 5-digit -- by ownership sector","All establishment sizes",2,0,0,0,0,0,0,"N",10.05,0,0,0,0,0,0,"N",0,0.0,0,0,0,0,0,0,0,0,0,0,0,0
"C2254","5","322299","48","0","2008","A","N","Fond du Lac, WI MSA","Private","All other converted paper product mfg.","MSA, NAICS 6-digit -- by ownership sector","All establishment sizes",2,0,0,0,0,0,0,"N",13.56,0,0,0,0,0,0,"N",0,0.0,0,0,0,0,0,0,0,0,0,0,0,0
"C2254","5","323","45","0","2008","A","","Fond du Lac, WI MSA","Private","Printing and related support activities","MSA, NAICS 3-digit -- by ownership sector","All establishment sizes",18,669,22247875,6585687,85437,640,33255,"",1.93,3.32,3.20,3.01,1.22,0.96,0.96,"",0,0.0,-90,-11.9,-927601,-4.0,-627940,-8.7,-14054,-14.1,53,9.0,2731,8.9
"C2254","5","3231","46","0","2008","A","","Fond du Lac, WI MSA","Private","Printing and related support activities","MSA, NAICS 4-digit -- by ownership sector","All establishment sizes",18,669,22247875,6585687,85437,640,33255,"",1.93,3.32,3.20,3.01,1.22,0.96,0.96,"",0,0.0,-90,-11.9,-927601,-4.0,-627940,-8.7,-14054,-14.1,53,9.0,2731,8.9
"C2254","5","32311","47","0","2008","A","","Fond du Lac, WI MSA","Private","Printing","MSA, NAICS 5-digit -- by ownership sector","All establishment sizes",18,669,22247875,6585687,85437,640,33255,"",2.07,3.57,3.47,3.26,1.32,0.97,0.97,"",0,0.0,-90,-11.9,-927601,-4.0,-627940,-8.7,-14054,-14.1,53,9.0,2731,8.9
"C2254","5","323110","48","0","2008","A","","Fond du Lac, WI MSA","Private","Commercial lithographic printing","MSA, NAICS 6-digit -- by ownership sector","All establishment sizes",9,577,18750538,5574978,65278,625,32478,"",3.34,7.40,6.51,6.42,2.36,0.88,0.88,"",1,12.5,-88,-13.2,-843072,-4.3,-611518,-9.9,-17164,-20.8,59,10.4,3025,10.3
"C2254","5","323112","48","0","2008","A","N","Fond du Lac, WI MSA","Private","Commercial flexographic printing","MSA, NAICS 6-digit -- by ownership sector","All establishment sizes",2,0,0,0,0,0,0,"N",5.63,0,0,0,0,0,0,"N",0,0.0,0,0,0,0,0,0,0,0,0,0,0,0
"C2254","5","323113","48","0","2008","A","","Fond du Lac, WI MSA","Private","Commercial screen printing","MSA, NAICS 6-digit -- by ownership sector","All establishment sizes",4,18,524738,197046,2942,553,28753,"",2.89,0.79,0.90,0.84,0.41,1.13,1.13,"",0,0.0,0,0.0,-31284,-5.6,-5152,-2.5,-528,-15.2,-52,-8.6,-2720,-8.6
"C2254","5","323114","48","0","2008","A","N","Fond du Lac, WI MSA","Private","Quick printing","MSA, NAICS 6-digit -- by ownership sector","All establishment sizes",2,0,0,0,0,0,0,"N",0.84,0,0,0,0,0,0,"N",-1,-33.3,0,0,0,0,0,0,0,0,0,0,0,0
"C2254","5","323115","48","0","2008","A","N","Fond du Lac, WI MSA","Private","Digital printing","MSA, NAICS 6-digit -- by ownership sector","All establishment sizes",1,0,0,0,0,0,0,"N",1.85,0,0,0,0,0,0,"N",0,0.0,0,0,0,0,0,0,0,0,0,0,0,0
"C2254","5","325","45","0","2008","A","N","Fond du Lac, WI MSA","Private","Chemical manufacturing","MSA, NAICS 3-digit -- by ownership sector","All establishment sizes",1,0,0,0,0,0,0,"N",0.23,0,0,0,0,0,0,"N",0,0.0,0,0,0,0,0,0,0,0,0,0,0,0
"C2254","5","3251","46","0","2008","A","N","Fond du Lac, WI MSA","Private","Basic chemical manufacturing","MSA, NAICS 4-digit -- by ownership sector","All establishment sizes",1,0,0,0,0,0,0,"N",1.22,0,0,0,0,0,0,"N",0,0.0,0,0,0,0,0,0,0,0,0,0,0,0
"C2254","5","32512","47","0","2008","A","N","Fond du Lac, WI MSA","Private","Industrial gas manufacturing","MSA, NAICS 5-digit -- by ownership sector","All establishment sizes",1,0,0,0,0,0,0,"N",4.76,0,0,0,0,0,0,"N",0,0.0,0,0,0,0,0,0,0,0,0,0,0,0
"C2254","5","325120","48","0","2008","A","N","Fond du Lac, WI MSA","Private","Industrial gas manufacturing","MSA, NAICS 6-digit -- by ownership sector","All establishment sizes",1,0,0,0,0,0,0,"N",4.76,0,0,0,0,0,0,"N",0,0.0,0,0,0,0,0,0,0,0,0,0,0,0
"C2254","5","326","45","0","2008","A","N","Fond du Lac, WI MSA","Private","Plastics and rubber products manufacturing","MSA, NAICS 3-digit -- by ownership sector","All establishment sizes",3,0,0,0,0,0,0,"N",0.81,0,0,0,0,0,0,"N",0,0.0,0,0,0,0,0,0,0,0,0,0,0,0
"C2254","5","3261","46","0","2008","A","N","Fond du Lac, WI MSA","Private","Plastics product manufacturing","MSA, NAICS 4-digit -- by ownership sector","All establishment sizes",2,0,0,0,0,0,0,"N",0.64,0,0,0,0,0,0,"N",0,0.0,0,0,0,0,0,0,0,0,0,0,0,0
"C2254","5","32614","47","0","2008","A","N","Fond du Lac, WI MSA","Private","Polystyrene foam product manufacturing","MSA, NAICS 5-digit -- by ownership sector","All establishment sizes",1,0,0,0,0,0,0,"N",6.24,0,0,0,0,0,0,"N",0,0.0,0,0,0,0,0,0,0,0,0,0,0,0
"C2254","5","326140","48","0","2008","A","N","Fond du Lac, WI MSA","Private","Polystyrene foam product manufacturing","MSA, NAICS 6-digit -- by ownership sector","All establishment sizes",1,0,0,0,0,0,0,"N",6.24,0,0,0,0,0,0,"N",0,0.0,0,0,0,0,0,0,0,0,0,0,0,0
"C2254","5","32619","47","0","2008","A","N","Fond du Lac, WI MSA","Private","Other plastics product manufacturing","MSA, NAICS 5-digit -- by ownership sector","All establishment sizes",1,0,0,0,0,0,0,"N",0.54,0,0,0,0,0,0,"N",0,0.0,0,0,0,0,0,0,0,0,0,0,0,0
"C2254","5","326199","48","0","2008","A","N","Fond du Lac, WI MSA","Private","All other plastics product manufacturing","MSA, NAICS 6-digit -- by ownership sector","All establishment sizes",1,0,0,0,0,0,0,"N",0.59,0,0,0,0,0,0,"N",0,0.0,0,0,0,0,0,0,0,0,0,0,0,0
"C2254","5","3262","46","0","2008","A","N","Fond du Lac, WI MSA","Private","Rubber product manufacturing","MSA, NAICS 4-digit -- by ownership sector","All establishment sizes",1,0,0,0,0,0,0,"N",1.68,0,0,0,0,0,0,"N",0,0.0,0,0,0,0,0,0,0,0,0,0,0,0
"C2254","5","32621","47","0","2008","A","N","Fond du Lac, WI MSA","Private","Tire manufacturing","MSA, NAICS 5-digit -- by ownership sector","All establishment sizes",1,0,0,0,0,0,0,"N",5.83,0,0,0,0,0,0,"N",0,0.0,0,0,0,0,0,0,0,0,0,0,0,0
"C2254","5","326212","48","0","2008","A","N","Fond du Lac, WI MSA","Private","Tire retreading","MSA, NAICS 6-digit -- by ownership sector","All establishment sizes",1,0,0,0,0,0,0,"N",7.88,0,0,0,0,0,0,"N",0,0.0,0,0,0,0,0,0,0,0,0,0,0,0
"C2254","5","327","45","0","2008","A","","Fond du Lac, WI MSA","Private","Nonmetallic mineral product manufacturing","MSA, NAICS 3-digit -- by ownership sector","All establishment sizes",11,232,9627506,2819269,164373,798,41498,"",2.25,1.47,1.64,1.62,2.46,1.11,1.11,"",1,10.0,22,10.5,928746,10.7,348940,14.1,18287,12.5,1,0.1,59,0.1
"C2254","5","3273","46","0","2008","A","N","Fond du Lac, WI MSA","Private","Cement and concrete product manufacturing","MSA, NAICS 4-digit -- by ownership sector","All establishment sizes",7,0,0,0,0,0,0,"N",2.59,0,0,0,0,0,0,"N",0,0.0,0,0,0,0,0,0,0,0,0,0,0,0
"C2254","5","32732","47","0","2008","A","N","Fond du Lac, WI MSA","Private","Ready-mix concrete manufacturing","MSA, NAICS 5-digit -- by ownership sector","All establishment sizes",4,0,0,0,0,0,0,"N",2.48,0,0,0,0,0,0,"N",0,0.0,0,0,0,0,0,0,0,0,0,0,0,0
"C2254","5","327320","48","0","2008","A","N","Fond du Lac, WI MSA","Private","Ready-mix concrete manufacturing","MSA, NAICS 6-digit -- by ownership sector","All establishment sizes",4,0,0,0,0,0,0,"N",2.48,0,0,0,0,0,0,"N",0,0.0,0,0,0,0,0,0,0,0,0,0,0,0
"C2254","5","32739","47","0","2008","A","","Fond du Lac, WI MSA","Private","Other concrete product manufacturing","MSA, NAICS 5-digit -- by ownership sector","All establishment sizes",3,27,1113161,273913,10596,793,41228,"",4.43,1.29,1.61,1.23,1.37,1.25,1.25,"N",0,0.0,0,0,0,0,0,0,0,0,0,0,0,0
"C2254","5","327390","48","0","2008","A","","Fond du Lac, WI MSA","Private","Other concrete product manufacturing","MSA, NAICS 6-digit -- by ownership sector","All establishment sizes",3,27,1113161,273913,10596,793,41228,"",4.43,1.29,1.61,1.23,1.37,1.25,1.25,"N",0,0.0,0,0,0,0,0,0,0,0,0,0,0,0
"C2254","5","3274","46","0","2008","A","N","Fond du Lac, WI MSA","Private","Lime and gypsum product manufacturing","MSA, NAICS 4-digit -- by ownership sector","All establishment sizes",1,0,0,0,0,0,0,"N",8.76,0,0,0,0,0,0,"N",0,0.0,0,0,0,0,0,0,0,0,0,0,0,0
"C2254","5","32741","47","0","2008","A","N","Fond du Lac, WI MSA","Private","Lime manufacturing","MSA, NAICS 5-digit -- by ownership sector","All establishment sizes",1,0,0,0,0,0,0,"N",45.18,0,0,0,0,0,0,"N",0,0.0,0,0,0,0,0,0,0,0,0,0,0,0
"C2254","5","327410","48","0","2008","A","N","Fond du Lac, WI MSA","Private","Lime manufacturing","MSA, NAICS 6-digit -- by ownership sector","All establishment sizes",1,0,0,0,0,0,0,"N",45.18,0,0,0,0,0,0,"N",0,0.0,0,0,0,0,0,0,0,0,0,0,0,0
"C2254","5","3279","46","0","2008","A","","Fond du Lac, WI MSA","Private","Other nonmetallic mineral products","MSA, NAICS 4-digit -- by ownership sector","All establishment sizes",3,128,5103471,1692967,107478,767,39897,"",3.06,4.87,5.35,5.89,11.80,1.10,1.10,"N",1,50.0,0,0,0,0,0,0,0,0,0,0,0,0
"C2254","5","32799","47","0","2008","A","","Fond du Lac, WI MSA","Private","All other nonmetallic mineral products mfg.","MSA, NAICS 5-digit -- by ownership sector","All establishment sizes",3,128,5103471,1692967,107478,767,39897,"",3.36,5.64,6.24,6.78,13.45,1.10,1.11,"N",1,50.0,0,0,0,0,0,0,0,0,0,0,0,0
"C2254","5","327991","48","0","2008","A","","Fond du Lac, WI MSA","Private","Cut stone and stone product manufacturing","MSA, NAICS 6-digit -- by ownership sector","All establishment sizes",3,128,5103471,1692967,107478,767,39897,"",4.83,12.90,17.52,13.96,29.05,1.36,1.36,"N",1,50.0,0,0,0,0,0,0,0,0,0,0,0,0
"C2254","5","331","45","0","2008","A","","Fond du Lac, WI MSA","Private","Primary metal manufacturing","MSA, NAICS 3-digit -- by ownership sector","All establishment sizes",4,310,13483132,3637855,95735,836,43482,"",2.49,2.05,1.94,2.35,1.71,0.94,0.95,"N",0,0.0,0,0,0,0,0,0,0,0,0,0,0,0
"C2254","5","3312","46","0","2008","A","N","Fond du Lac, WI MSA","Private","Steel product mfg. from purchased steel","MSA, NAICS 4-digit -- by ownership sector","All establishment sizes",1,0,0,0,0,0,0,"N",3.45,0,0,0,0,0,0,"N",0,0.0,0,0,0,0,0,0,0,0,0,0,0,0
"C2254","5","33122","47","0","2008","A","N","Fond du Lac, WI MSA","Private","Rolling and drawing of purchased steel","MSA, NAICS 5-digit -- by ownership sector","All establishment sizes",1,0,0,0,0,0,0,"N",5.70,0,0,0,0,0,0,"N",0,0.0,0,0,0,0,0,0,0,0,0,0,0,0
"C2254","5","331222","48","0","2008","A","N","Fond du Lac, WI MSA","Private","Steel wire drawing","MSA, NAICS 6-digit -- by ownership sector","All establishment sizes",1,0,0,0,0,0,0,"N",15.12,0,0,0,0,0,0,"N",0,0.0,0,0,0,0,0,0,0,0,0,0,0,0
"C2254","5","3313","46","0","2008","A","N","Fond du Lac, WI MSA","Private","Alumina and aluminum production","MSA, NAICS 4-digit -- by ownership sector","All establishment sizes",2,0,0,0,0,0,0,"N",10.07,0,0,0,0,0,0,"N",0,0.0,0,0,0,0,0,0,0,0,0,0,0,0
"C2254","5","33131","47","0","2008","A","N","Fond du Lac, WI MSA","Private","Alumina and aluminum production","MSA, NAICS 5-digit -- by ownership sector","All establishment sizes",2,0,0,0,0,0,0,"N",10.07,0,0,0,0,0,0,"N",0,0.0,0,0,0,0,0,0,0,0,0,0,0,0
"C2254","5","331316","48","0","2008","A","N","Fond du Lac, WI MSA","Private","Aluminum extruded product manufacturing","MSA, NAICS 6-digit -- by ownership sector","All establishment sizes",2,0,0,0,0,0,0,"N",35.71,0,0,0,0,0,0,"N",0,0.0,0,0,0,0,0,0,0,0,0,0,0,0
"C2254","5","3315","46","0","2008","A","N","Fond du Lac, WI MSA","Private","Foundries","MSA, NAICS 4-digit -- by ownership sector","All establishment sizes",1,0,0,0,0,0,0,"N",1.67,0,0,0,0,0,0,"N",0,0.0,0,0,0,0,0,0,0,0,0,0,0,0
"C2254","5","33151","47","0","2008","A","N","Fond du Lac, WI MSA","Private","Ferrous metal foundries","MSA, NAICS 5-digit -- by ownership sector","All establishment sizes",1,0,0,0,0,0,0,"N",3.93,0,0,0,0,0,0,"N",0,0.0,0,0,0,0,0,0,0,0,0,0,0,0
"C2254","5","331511","48","0","2008","A","N","Fond du Lac, WI MSA","Private","Iron foundries","MSA, NAICS 6-digit -- by ownership sector","All establishment sizes",1,0,0,0,0,0,0,"N",7.31,0,0,0,0,0,0,"N",0,0.0,0,0,0,0,0,0,0,0,0,0,0,0
"C2254","5","332","45","0","2008","A","","Fond du Lac, WI MSA","Private","Fabricated metal product manufacturing","MSA, NAICS 3-digit -- by ownership sector","All establishment sizes",30,887,36817086,10773048,292418,798,41496,"",1.84,1.70,1.87,1.92,1.53,1.10,1.10,"",0,0.0,-81,-8.4,-1134868,-3.0,-1403347,-11.5,2974,1.0,44,5.8,2269,5.8
"C2254","5","3321","46","0","2008","A","N","Fond du Lac, WI MSA","Private","Forging and stamping","MSA, NAICS 4-digit -- by ownership sector","All establishment sizes",1,0,0,0,0,0,0,"N",1.44,0,0,0,0,0,0,"N",0,0.0,0,0,0,0,0,0,0,0,0,0,0,0
"C2254","5","33211","47","0","2008","A","N","Fond du Lac, WI MSA","Private","Forging and stamping","MSA, NAICS 5-digit -- by ownership sector","All establishment sizes",1,0,0,0,0,0,0,"N",1.44,0,0,0,0,0,0,"N",0,0.0,0,0,0,0,0,0,0,0,0,0,0,0
"C2254","5","332116","48","0","2008","A","N","Fond du Lac, WI MSA","Private","Metal stamping","MSA, NAICS 6-digit -- by ownership sector","All establishment sizes",1,0,0,0,0,0,0,"N",2.24,0,0,0,0,0,0,"N",0,0.0,0,0,0,0,0,0,0,0,0,0,0,0
"C2254","5","3322","46","0","2008","A","N","Fond du Lac, WI MSA","Private","Cutlery and handtool manufacturing","MSA, NAICS 4-digit -- by ownership sector","All establishment sizes",1,0,0,0,0,0,0,"N",2.41,0,0,0,0,0,0,"N",0,0.0,0,0,0,0,0,0,0,0,0,0,0,0
"C2254","5","33221","47","0","2008","A","N","Fond du Lac, WI MSA","Private","Cutlery and handtool manufacturing","MSA, NAICS 5-digit -- by ownership sector","All establishment sizes",1,0,0,0,0,0,0,"N",2.41,0,0,0,0,0,0,"N",0,0.0,0,0,0,0,0,0,0,0,0,0,0,0
"C2254","5","332212","48","0","2008","A","N","Fond du Lac, WI MSA","Private","Hand and edge tool manufacturing","MSA, NAICS 6-digit -- by ownership sector","All establishment sizes",1,0,0,0,0,0,0,"N",3.24,0,0,0,0,0,0,"N",0,0.0,0,0,0,0,0,0,0,0,0,0,0,0
"C2254","5","3323","46","0","2008","A","","Fond du Lac, WI MSA","Private","Architectural and structural metals mfg.","MSA, NAICS 4-digit -- by ownership sector","All establishment sizes",4,86,3305341,1008091,10553,738,38397,"",0.97,0.62,0.66,0.66,0.20,1.06,1.06,"",-1,-20.0,1,1.2,374265,12.8,55552,5.8,-11734,-52.6,72,10.8,3744,10.8
"C2254","5","33231","47","0","2008","A","N","Fond du Lac, WI MSA","Private","Plate work and fabricated structural products","MSA, NAICS 5-digit -- by ownership sector","All establishment sizes",2,0,0,0,0,0,0,"N",1.16,0,0,0,0,0,0,"N",0,0.0,0,0,0,0,0,0,0,0,0,0,0,0
"C2254","5","332312","48","0","2008","A","N","Fond du Lac, WI MSA","Private","Fabricated structural metal manufacturing","MSA, NAICS 6-digit -- by ownership sector","All establishment sizes",1,0,0,0,0,0,0,"N",1.03,0,0,0,0,0,0,"N",0,0.0,0,0,0,0,0,0,0,0,0,0,0,0
"C2254","5","332313","48","0","2008","A","N","Fond du Lac, WI MSA","Private","Plate work manufacturing","MSA, NAICS 6-digit -- by ownership sector","All establishment sizes",1,0,0,0,0,0,0,"N",2.13,0,0,0,0,0,0,"N",0,0.0,0,0,0,0,0,0,0,0,0,0,0,0
"C2254","5","33232","47","0","2008","A","N","Fond du Lac, WI MSA","Private","Ornamental and architectural metal products","MSA, NAICS 5-digit -- by ownership sector","All establishment sizes",2,0,0,0,0,0,0,"N",0.84,0,0,0,0,0,0,"N",-1,-33.3,0,0,0,0,0,0,0,0,0,0,0,0
"C2254","5","332321","48","0","2008","A","N","Fond du Lac, WI MSA","Private","Metal window and door manufacturing","MSA, NAICS 6-digit -- by ownership sector","All establishment sizes",1,0,0,0,0,0,0,"N",2.45,0,0,0,0,0,0,"N",0,0.0,0,0,0,0,0,0,0,0,0,0,0,0
"C2254","5","332322","48","0","2008","A","N","Fond du Lac, WI MSA","Private","Sheet metal work manufacturing","MSA, NAICS 6-digit -- by ownership sector","All establishment sizes",1,0,0,0,0,0,0,"N",0.85,0,0,0,0,0,0,"N",0,0.0,0,0,0,0,0,0,0,0,0,0,0,0
"C2254","5","3324","46","0","2008","A","N","Fond du Lac, WI MSA","Private","Boiler, tank, and shipping container mfg.","MSA, NAICS 4-digit -- by ownership sector","All establishment sizes",2,0,0,0,0,0,0,"N",3.80,0,0,0,0,0,0,"N",0,0.0,0,0,0,0,0,0,0,0,0,0,0,0
"C2254","5","33242","47","0","2008","A","N","Fond du Lac, WI MSA","Private","Metal tank, heavy gauge, manufacturing","MSA, NAICS 5-digit -- by ownership sector","All establishment sizes",2,0,0,0,0,0,0,"N",9.32,0,0,0,0,0,0,"N",0,0.0,0,0,0,0,0,0,0,0,0,0,0,0
"C2254","5","332420","48","0","2008","A","N","Fond du Lac, WI MSA","Private","Metal tank, heavy gauge, manufacturing","MSA, NAICS 6-digit -- by ownership sector","All establishment sizes",2,0,0,0,0,0,0,"N",9.32,0,0,0,0,0,0,"N",0,0.0,0,0,0,0,0,0,0,0,0,0,0,0
"C2254","5","3327","46","0","2008","A","","Fond du Lac, WI MSA","Private","Machine shops and threaded product mfg.","MSA, NAICS 4-digit -- by ownership sector","All establishment sizes",12,353,13437854,4175940,126671,733,38113,"",1.88,2.85,2.93,3.17,2.82,1.03,1.03,"",0,0.0,-8,-2.2,45701,0.3,-593646,-12.4,-7524,-5.6,20,2.8,1058,2.9
"C2254","5","33271","47","0","2008","A","N","Fond du Lac, WI MSA","Private","Machine shops","MSA, NAICS 5-digit -- by ownership sector","All establishment sizes",10,0,0,0,0,0,0,"N",1.74,0,0,0,0,0,0,"N",0,0.0,0,0,0,0,0,0,0,0,0,0,0,0
"C2254","5","332710","48","0","2008","A","N","Fond du Lac, WI MSA","Private","Machine shops","MSA, NAICS 6-digit -- by ownership sector","All establishment sizes",10,0,0,0,0,0,0,"N",1.74,0,0,0,0,0,0,"N",0,0.0,0,0,0,0,0,0,0,0,0,0,0,0
"C2254","5","33272","47","0","2008","A","N","Fond du Lac, WI MSA","Private","Turned product and screw, nut, and bolt mfg.","MSA, NAICS 5-digit -- by ownership sector","All establishment sizes",2,0,0,0,0,0,0,"N",3.21,0,0,0,0,0,0,"N",0,0.0,0,0,0,0,0,0,0,0,0,0,0,0
"C2254","5","332721","48","0","2008","A","N","Fond du Lac, WI MSA","Private","Precision turned product manufacturing","MSA, NAICS 6-digit -- by ownership sector","All establishment sizes",2,0,0,0,0,0,0,"N",5.16,0,0,0,0,0,0,"N",0,0.0,0,0,0,0,0,0,0,0,0,0,0,0
"C2254","5","3328","46","0","2008","A","","Fond du Lac, WI MSA","Private","Coating, engraving, and heat treating metals","MSA, NAICS 4-digit -- by ownership sector","All establishment sizes",4,29,1101227,323404,2500,743,38640,"",2.17,0.59,0.68,0.63,0.13,1.17,1.17,"",1,33.3,1,3.6,56353,5.4,26116,8.8,-1503,-37.5,12,1.6,645,1.7
"C2254","5","33281","47","0","2008","A","","Fond du Lac, WI MSA","Private","Coating, engraving, and heat treating metals","MSA, NAICS 5-digit -- by ownership sector","All establishment sizes",4,29,1101227,323404,2500,743,38640,"",2.17,0.59,0.68,0.63,0.13,1.17,1.17,"",1,33.3,1,3.6,56353,5.4,26116,8.8,-1503,-37.5,12,1.6,645,1.7
"C2254","5","332812","48","0","2008","A","N","Fond du Lac, WI MSA","Private","Metal coating and nonprecious engraving","MSA, NAICS 6-digit -- by ownership sector","All establishment sizes",1,0,0,0,0,0,0,"N",1.29,0,0,0,0,0,0,"N",1,100.0,0,0,0,0,0,0,0,0,0,0,0,0
"C2254","5","332813","48","0","2008","A","N","Fond du Lac, WI MSA","Private","Electroplating, anodizing, and coloring metal","MSA, NAICS 6-digit -- by ownership sector","All establishment sizes",3,0,0,0,0,0,0,"N",3.39,0,0,0,0,0,0,"N",0,0.0,0,0,0,0,0,0,0,0,0,0,0,0
"C2254","5","3329","46","0","2008","A","","Fond du Lac, WI MSA","Private","Other fabricated metal product manufacturing","MSA, NAICS 4-digit -- by ownership sector","All establishment sizes",6,94,3936019,1211263,37159,807,41947,"",3.40,0.98,1.00,1.19,1.20,1.02,1.02,"",0,0.0,6,6.8,585894,17.5,104426,9.4,13209,55.2,71,9.6,3660,9.6
"C2254","5","33299","47","0","2008","A","","Fond du Lac, WI MSA","Private","All other fabricated metal product mfg.","MSA, NAICS 5-digit -- by ownership sector","All establishment sizes",6,94,3936019,1211263,37159,807,41947,"",4.46,1.46,1.53,1.77,1.74,1.05,1.05,"",0,0.0,6,6.8,585894,17.5,104426,9.4,13209,55.2,71,9.6,3660,9.6
"C2254","5","332994","48","0","2008","A","N","Fond du Lac, WI MSA","Private","Small arms, ordnance, and accessories mfg.","MSA, NAICS 6-digit -- by ownership sector","All establishment sizes",1,0,0,0,0,0,0,"N",15.31,0,0,0,0,0,0,"N",0,0.0,0,0,0,0,0,0,0,0,0,0,0,0
"C2254","5","332996","48","0","2008","A","N","Fond du Lac, WI MSA","Private","Fabricated pipe and pipe fitting mfg.","MSA, NAICS 6-digit -- by ownership sector","All establishment sizes",1,0,0,0,0,0,0,"N",4.25,0,0,0,0,0,0,"N",0,0.0,0,0,0,0,0,0,0,0,0,0,0,0
"C2254","5","332999","48","0","2008","A","","Fond du Lac, WI MSA","Private","Miscellaneous fabricated metal product mfg.","MSA, NAICS 6-digit -- by ownership sector","All establishment sizes",4,51,1710843,719333,25003,642,33382,"",5.20,2.32,2.27,2.88,3.13,0.97,0.98,"",0,0.0,4,8.5,245827,16.8,63071,9.6,8029,47.3,44,7.4,2267,7.3
"C2254","5","333","45","0","2008","A","","Fond du Lac, WI MSA","Private","Machinery manufacturing","MSA, NAICS 3-digit -- by ownership sector","All establishment sizes",23,4918,265959289,56577730,1958971,1040,54080,"",2.83,12.23,14.54,12.91,13.02,1.19,1.19,"",0,0.0,-165,-3.2,-9232089,-3.4,-2121883,-3.6,327978,20.1,-1,-0.1,-64,-0.1
"C2254","5","3332","46","0","2008","A","","Fond du Lac, WI MSA","Private","Industrial machinery manufacturing","MSA, NAICS 4-digit -- by ownership sector","All establishment sizes",4,289,8292874,2347716,40820,553,28745,"",3.69,7.02,3.97,5.04,2.28,0.57,0.57,"",0,0.0,51,21.4,594340,7.7,322244,15.9,4495,12.4,-68,-11.0,-3557,-11.0
"C2254","5","33329","47","0","2008","A","","Fond du Lac, WI MSA","Private","Other industrial machinery manufacturing","MSA, NAICS 5-digit -- by ownership sector","All establishment sizes",4,289,8292874,2347716,40820,553,28745,"",4.68,8.61,4.70,6.19,2.85,0.55,0.55,"",0,0.0,51,21.4,594340,7.7,322244,15.9,4495,12.4,-68,-11.0,-3557,-11.0
"C2254","5","333294","48","0","2008","A","N","Fond du Lac, WI MSA","Private","Food product machinery manufacturing","MSA, NAICS 6-digit -- by ownership sector","All establishment sizes",2,0,0,0,0,0,0,"N",13.18,0,0,0,0,0,0,"N",0,0.0,0,0,0,0,0,0,0,0,0,0,0,0
"C2254","5","333298","48","0","2008","A","N","Fond du Lac, WI MSA","Private","All other industrial machinery manufacturing","MSA, NAICS 6-digit -- by ownership sector","All establishment sizes",2,0,0,0,0,0,0,"N",5.93,0,0,0,0,0,0,"N",0,0.0,0,0,0,0,0,0,0,0,0,0,0,0
"C2254","5","3333","46","0","2008","A","N","Fond du Lac, WI MSA","Private","Commercial and service industry machinery","MSA, NAICS 4-digit -- by ownership sector","All establishment sizes",1,0,0,0,0,0,0,"N",1.32,0,0,0,0,0,0,"N",0,0.0,0,0,0,0,0,0,0,0,0,0,0,0
"C2254","5","33331","47","0","2008","A","N","Fond du Lac, WI MSA","Private","Commercial and service industry machinery","MSA, NAICS 5-digit -- by ownership sector","All establishment sizes",1,0,0,0,0,0,0,"N",1.32,0,0,0,0,0,0,"N",0,0.0,0,0,0,0,0,0,0,0,0,0,0,0
"C2254","5","333312","48","0","2008","A","N","Fond du Lac, WI MSA","Private","Commercial laundry and drycleaning machinery","MSA, NAICS 6-digit -- by ownership sector","All establishment sizes",1,0,0,0,0,0,0,"N",52.08,0,0,0,0,0,0,"N",0,0.0,0,0,0,0,0,0,0,0,0,0,0,0
"C2254","5","3334","46","0","2008","A","N","Fond du Lac, WI MSA","Private","Hvac and commercial refrigeration equipment","MSA, NAICS 4-digit -- by ownership sector","All establishment sizes",1,0,0,0,0,0,0,"N",1.76,0,0,0,0,0,0,"N",0,0.0,0,0,0,0,0,0,0,0,0,0,0,0
"C2254","5","33341","47","0","2008","A","N","Fond du Lac, WI MSA","Private","Hvac and commercial refrigeration equipment","MSA, NAICS 5-digit -- by ownership sector","All establishment sizes",1,0,0,0,0,0,0,"N",1.76,0,0,0,0,0,0,"N",0,0.0,0,0,0,0,0,0,0,0,0,0,0,0
"C2254","5","333415","48","0","2008","A","N","Fond du Lac, WI MSA","Private","Ac, refrigeration, and forced air heating","MSA, NAICS 6-digit -- by ownership sector","All establishment sizes",1,0,0,0,0,0,0,"N",3.55,0,0,0,0,0,0,"N",0,0.0,0,0,0,0,0,0,0,0,0,0,0,0
"C2254","5","3335","46","0","2008","A","","Fond du Lac, WI MSA","Private","Metalworking machinery manufacturing","MSA, NAICS 4-digit -- by ownership sector","All establishment sizes",12,555,32965608,6489604,114122,1142,59406,"",4.53,8.60,12.54,9.80,4.10,1.46,1.46,"",0,0.0,8,1.5,2950468,9.8,430786,7.1,-3000,-2.6,86,8.1,4517,8.2
"C2254","5","33351","47","0","2008","A","","Fond du Lac, WI MSA","Private","Metalworking machinery manufacturing","MSA, NAICS 5-digit -- by ownership sector","All establishment sizes",12,555,32965608,6489604,114122,1142,59406,"",4.53,8.60,12.54,9.80,4.10,1.46,1.46,"",0,0.0,8,1.5,2950468,9.8,430786,7.1,-3000,-2.6,86,8.1,4517,8.2
"C2254","5","333511","48","0","2008","A","N","Fond du Lac, WI MSA","Private","Industrial mold manufacturing","MSA, NAICS 6-digit -- by ownership sector","All establishment sizes",1,0,0,0,0,0,0,"N",1.67,0,0,0,0,0,0,"N",0,0.0,0,0,0,0,0,0,0,0,0,0,0,0
"C2254","5","333512","48","0","2008","A","","Fond du Lac, WI MSA","Private","Metal cutting machine tool manufacturing","MSA, NAICS 6-digit -- by ownership sector","All establishment sizes",5,457,28917279,5429928,82976,1217,63276,"",14.53,46.74,67.87,53.03,22.25,1.45,1.45,"",1,25.0,22,5.1,3296650,12.9,606076,12.6,-4597,-5.2,85,7.5,4423,7.5
"C2254","5","333514","48","0","2008","A","","Fond du Lac, WI MSA","Private","Special tool, die, jig, and fixture mfg.","MSA, NAICS 6-digit -- by ownership sector","All establishment sizes",5,69,2971272,768973,28446,828,43062,"",4.52,2.97,3.21,3.31,2.79,1.08,1.08,"",-1,-16.7,-12,-14.8,-309950,-9.4,-144342,-15.8,2160,8.2,46,5.9,2386,5.9
"C2254","5","333515","48","0","2008","A","N","Fond du Lac, WI MSA","Private","Cutting tool and machine tool accessory mfg.","MSA, NAICS 6-digit -- by ownership sector","All establishment sizes",1,0,0,0,0,0,0,"N",2.99,0,0,0,0,0,0,"N",0,0.0,0,0,0,0,0,0,0,0,0,0,0,0
"C2254","5","3336","46","0","2008","A","N","Fond du Lac, WI MSA","Private","Turbine and power transmission equipment mfg.","MSA, NAICS 4-digit -- by ownership sector","All establishment sizes",1,0,0,0,0,0,0,"N",3.24,0,0,0,0,0,0,"N",0,0.0,0,0,0,0,0,0,0,0,0,0,0,0
"C2254","5","33361","47","0","2008","A","N","Fond du Lac, WI MSA","Private","Turbine and power transmission equipment mfg.","MSA, NAICS 5-digit -- by ownership sector","All establishment sizes",1,0,0,0,0,0,0,"N",3.24,0,0,0,0,0,0,"N",0,0.0,0,0,0,0,0,0,0,0,0,0,0,0
"C2254","5","333618","48","0","2008","A","N","Fond du Lac, WI MSA","Private","Other engine equipment manufacturing","MSA, NAICS 6-digit -- by ownership sector","All establishment sizes",1,0,0,0,0,0,0,"N",13.02,0,0,0,0,0,0,"N",0,0.0,0,0,0,0,0,0,0,0,0,0,0,0
"C2254","5","3339","46","0","2008","A","","Fond du Lac, WI MSA","Private","Other general purpose machinery manufacturing","MSA, NAICS 4-digit -- by ownership sector","All establishment sizes",4,28,767003,334148,6145,527,27393,"",2.23,0.30,0.18,0.32,0.19,0.61,0.61,"",1,33.3,2,7.7,225679,41.7,47326,16.5,4064,195.3,127,31.8,6573,31.6
"C2254","5","33392","47","0","2008","A","N","Fond du Lac, WI MSA","Private","Material handling equipment manufacturing","MSA, NAICS 5-digit -- by ownership sector","All establishment sizes",2,0,0,0,0,0,0,"N",4.11,0,0,0,0,0,0,"N",1,100.0,0,0,0,0,0,0,0,0,0,0,0,0
"C2254","5","333922","48","0","2008","A","N","Fond du Lac, WI MSA","Private","Conveyor and conveying equipment mfg.","MSA, NAICS 6-digit -- by ownership sector","All establishment sizes",1,0,0,0,0,0,0,"N",4.37,0,0,0,0,0,0,"N",0,0.0,0,0,0,0,0,0,0,0,0,0,0,0
"C2254","5","333924","48","0","2008","A","N","Fond du Lac, WI MSA","Private","Industrial truck, trailer, and stacker mfg.","MSA, NAICS 6-digit -- by ownership sector","All establishment sizes",1,0,0,0,0,0,0,"N",9.08,0,0,0,0,0,0,"N",1,100.0,0,0,0,0,0,0,0,0,0,0,0,0
"C2254","5","33399","47","0","2008","A","N","Fond du Lac, WI MSA","Private","All other general purpose machinery mfg.","MSA, NAICS 5-digit -- by ownership sector","All establishment sizes",2,0,0,0,0,0,0,"N",1.98,0,0,0,0,0,0,"N",0,0.0,0,0,0,0,0,0,0,0,0,0,0,0
"C2254","5","333999","48","0","2008","A","N","Fond du Lac, WI MSA","Private","Miscellaneous general purpose machinery mfg.","MSA, NAICS 6-digit -- by ownership sector","All establishment sizes",2,0,0,0,0,0,0,"N",5.30,0,0,0,0,0,0,"N",0,0.0,0,0,0,0,0,0,0,0,0,0,0,0
"C2254","5","335","45","0","2008","A","","Fond du Lac, WI MSA","Private","Electrical equipment and appliance mfg.","MSA, NAICS 3-digit -- by ownership sector","All establishment sizes",3,104,5587523,1165829,21845,1030,53555,"",1.53,0.72,0.91,0.78,0.39,1.25,1.26,"N",1,50.0,0,0,0,0,0,0,0,0,0,0,0,0
"C2254","5","3353","46","0","2008","A","N","Fond du Lac, WI MSA","Private","Electrical equipment manufacturing","MSA, NAICS 4-digit -- by ownership sector","All establishment sizes",2,0,0,0,0,0,0,"N",2.59,0,0,0,0,0,0,"N",1,100.0,0,0,0,0,0,0,0,0,0,0,0,0
"C2254","5","33531","47","0","2008","A","N","Fond du Lac, WI MSA","Private","Electrical equipment manufacturing","MSA, NAICS 5-digit -- by ownership sector","All establishment sizes",2,0,0,0,0,0,0,"N",2.59,0,0,0,0,0,0,"N",1,100.0,0,0,0,0,0,0,0,0,0,0,0,0
"C2254","5","335313","48","0","2008","A","N","Fond du Lac, WI MSA","Private","Switchgear and switchboard apparatus mfg.","MSA, NAICS 6-digit -- by ownership sector","All establishment sizes",1,0,0,0,0,0,0,"N",5.21,0,0,0,0,0,0,"N",0,0.0,0,0,0,0,0,0,0,0,0,0,0,0
"C2254","5","335314","48","0","2008","A","N","Fond du Lac, WI MSA","Private","Relay and industrial control manufacturing","MSA, NAICS 6-digit -- by ownership sector","All establishment sizes",1,0,0,0,0,0,0,"N",3.41,0,0,0,0,0,0,"N",1,100.0,0,0,0,0,0,0,0,0,0,0,0,0
"C2254","5","3359","46","0","2008","A","N","Fond du Lac, WI MSA","Private","Other electrical equipment and component mfg.","MSA, NAICS 4-digit -- by ownership sector","All establishment sizes",1,0,0,0,0,0,0,"N",1.45,0,0,0,0,0,0,"N",0,0.0,0,0,0,0,0,0,0,0,0,0,0,0
"C2254","5","33599","47","0","2008","A","N","Fond du Lac, WI MSA","Private","Other electrical equipment and component mfg.","MSA, NAICS 5-digit -- by ownership sector","All establishment sizes",1,0,0,0,0,0,0,"N",3.18,0,0,0,0,0,0,"N",0,0.0,0,0,0,0,0,0,0,0,0,0,0,0
"C2254","5","335999","48","0","2008","A","N","Fond du Lac, WI MSA","Private","Miscellaneous electrical equipment mfg.","MSA, NAICS 6-digit -- by ownership sector","All establishment sizes",1,0,0,0,0,0,0,"N",3.67,0,0,0,0,0,0,"N",0,0.0,0,0,0,0,0,0,0,0,0,0,0,0
"C2254","5","336","45","0","2008","A","","Fond du Lac, WI MSA","Private","Transportation equipment manufacturing","MSA, NAICS 3-digit -- by ownership sector","All establishment sizes",5,356,15524318,4012131,115659,838,43577,"",1.21,0.65,0.57,0.68,0.50,0.87,0.87,"",0,0.0,-7,-1.9,-820473,-5.0,-85743,-2.1,8781,8.2,-28,-3.2,-1429,-3.2
"C2254","5","3363","46","0","2008","A","","Fond du Lac, WI MSA","Private","Motor vehicle parts manufacturing","MSA, NAICS 4-digit -- by ownership sector","All establishment sizes",5,356,15524318,4012131,115659,838,43577,"",3.01,1.93,2.03,2.26,1.25,1.05,1.05,"",0,0.0,-7,-1.9,-820473,-5.0,-85743,-2.1,8781,8.2,-28,-3.2,-1429,-3.2
"C2254","5","33632","47","0","2008","A","N","Fond du Lac, WI MSA","Private","Motor vehicle electric equipment","MSA, NAICS 5-digit -- by ownership sector","All establishment sizes",4,0,0,0,0,0,0,"N",15.59,0,0,0,0,0,0,"N",0,0.0,0,0,0,0,0,0,0,0,0,0,0,0
"C2254","5","336322","48","0","2008","A","N","Fond du Lac, WI MSA","Private","Other motor vehicle electric equipment mfg.","MSA, NAICS 6-digit -- by ownership sector","All establishment sizes",4,0,0,0,0,0,0,"N",17.92,0,0,0,0,0,0,"N",0,0.0,0,0,0,0,0,0,0,0,0,0,0,0
"C2254","5","33636","47","0","2008","A","N","Fond du Lac, WI MSA","Private","Motor vehicle seating and interior trim mfg.","MSA, NAICS 5-digit -- by ownership sector","All establishment sizes",1,0,0,0,0,0,0,"N",7.70,0,0,0,0,0,0,"N",0,0.0,0,0,0,0,0,0,0,0,0,0,0,0
"C2254","5","336360","48","0","2008","A","N","Fond du Lac, WI MSA","Private","Motor vehicle seating and interior trim mfg.","MSA, NAICS 6-digit -- by ownership sector","All establishment sizes",1,0,0,0,0,0,0,"N",7.70,0,0,0,0,0,0,"N",0,0.0,0,0,0,0,0,0,0,0,0,0,0,0
"C2254","5","337","45","0","2008","A","N","Fond du Lac, WI MSA","Private","Furniture and related product manufacturing","MSA, NAICS 3-digit -- by ownership sector","All establishment sizes",2,0,0,0,0,0,0,"N",0.33,0,0,0,0,0,0,"N",-2,-50.0,0,0,0,0,0,0,0,0,0,0,0,0
"C2254","5","3371","46","0","2008","A","N","Fond du Lac, WI MSA","Private","Household and institutional furniture mfg.","MSA, NAICS 4-digit -- by ownership sector","All establishment sizes",2,0,0,0,0,0,0,"N",0.43,0,0,0,0,0,0,"N",-1,-33.3,0,0,0,0,0,0,0,0,0,0,0,0
"C2254","5","33711","47","0","2008","A","N","Fond du Lac, WI MSA","Private","Wood kitchen cabinet and countertop mfg.","MSA, NAICS 5-digit -- by ownership sector","All establishment sizes",1,0,0,0,0,0,0,"N",0.33,0,0,0,0,0,0,"N",-1,-50.0,0,0,0,0,0,0,0,0,0,0,0,0
"C2254","5","337110","48","0","2008","A","N","Fond du Lac, WI MSA","Private","Wood kitchen cabinet and countertop mfg.","MSA, NAICS 6-digit -- by ownership sector","All establishment sizes",1,0,0,0,0,0,0,"N",0.33,0,0,0,0,0,0,"N",-1,-50.0,0,0,0,0,0,0,0,0,0,0,0,0
"C2254","5","33712","47","0","2008","A","N","Fond du Lac, WI MSA","Private","Other household and institutional furniture","MSA, NAICS 5-digit -- by ownership sector","All establishment sizes",1,0,0,0,0,0,0,"N",0.60,0,0,0,0,0,0,"N",0,0.0,0,0,0,0,0,0,0,0,0,0,0,0
"C2254","5","337127","48","0","2008","A","N","Fond du Lac, WI MSA","Private","Institutional furniture manufacturing","MSA, NAICS 6-digit -- by ownership sector","All establishment sizes",1,0,0,0,0,0,0,"N",5.59,0,0,0,0,0,0,"N",0,0.0,0,0,0,0,0,0,0,0,0,0,0,0
"C2254","5","339","45","0","2008","A","","Fond du Lac, WI MSA","Private","Miscellaneous manufacturing","MSA, NAICS 3-digit -- by ownership sector","All establishment sizes",13,169,5111696,1932531,47595,581,30232,"",1.50,0.79,0.59,0.83,0.66,0.75,0.75,"",-1,-7.1,3,1.8,106862,2.1,68807,3.7,-16445,-25.7,2,0.3,143,0.5
"C2254","5","3391","46","0","2008","A","","Fond du Lac, WI MSA","Private","Medical equipment and supplies manufacturing","MSA, NAICS 4-digit -- by ownership sector","All establishment sizes",4,8,305271,95986,4407,712,37003,"",1.14,0.08,0.06,0.08,0.14,0.81,0.81,"",0,0.0,-3,-27.3,-119971,-28.2,-31524,-24.7,1114,33.8,-4,-0.6,-244,-0.7
"C2254","5","33911","47","0","2008","A","","Fond du Lac, WI MSA","Private","Medical equipment and supplies manufacturing","MSA, NAICS 5-digit -- by ownership sector","All establishment sizes",4,8,305271,95986,4407,712,37003,"",1.14,0.08,0.06,0.08,0.14,0.81,0.81,"",0,0.0,-3,-27.3,-119971,-28.2,-31524,-24.7,1114,33.8,-4,-0.6,-244,-0.7
"C2254","5","339113","48","0","2008","A","N","Fond du Lac, WI MSA","Private","Surgical appliance and supplies manufacturing","MSA, NAICS 6-digit -- by ownership sector","All establishment sizes",1,0,0,0,0,0,0,"N",1.35,0,0,0,0,0,0,"N",0,0.0,0,0,0,0,0,0,0,0,0,0,0,0
"C2254","5","339116","48","0","2008","A","N","Fond du Lac, WI MSA","Private","Dental laboratories","MSA, NAICS 6-digit -- by ownership sector","All establishment sizes",3,0,0,0,0,0,0,"N",1.49,0,0,0,0,0,0,"N",0,0.0,0,0,0,0,0,0,0,0,0,0,0,0
"C2254","5","3399","46","0","2008","A","","Fond du Lac, WI MSA","Private","Other miscellaneous manufacturing","MSA, NAICS 4-digit -- by ownership sector","All establishment sizes",9,161,4806425,1836545,43188,575,29885,"",1.75,1.48,1.26,1.53,1.08,0.85,0.85,"",-1,-10.0,6,3.9,226833,5.0,100331,5.8,-17559,-28.9,7,1.2,323,1.1
"C2254","5","33992","47","0","2008","A","N","Fond du Lac, WI MSA","Private","Sporting and athletic goods manufacturing","MSA, NAICS 5-digit -- by ownership sector","All establishment sizes",2,0,0,0,0,0,0,"N",3.84,0,0,0,0,0,0,"N",0,0.0,0,0,0,0,0,0,0,0,0,0,0,0
"C2254","5","339920","48","0","2008","A","N","Fond du Lac, WI MSA","Private","Sporting and athletic goods manufacturing","MSA, NAICS 6-digit -- by ownership sector","All establishment sizes",2,0,0,0,0,0,0,"N",3.84,0,0,0,0,0,0,"N",0,0.0,0,0,0,0,0,0,0,0,0,0,0,0
"C2254","5","33993","47","0","2008","A","N","Fond du Lac, WI MSA","Private","Doll, toy, and game manufacturing","MSA, NAICS 5-digit -- by ownership sector","All establishment sizes",1,0,0,0,0,0,0,"N",4.60,0,0,0,0,0,0,"N",0,0.0,0,0,0,0,0,0,0,0,0,0,0,0
"C2254","5","339932","48","0","2008","A","N","Fond du Lac, WI MSA","Private","Game, toy, and children's vehicle mfg.","MSA, NAICS 6-digit -- by ownership sector","All establishment sizes",1,0,0,0,0,0,0,"N",5.72,0,0,0,0,0,0,"N",0,0.0,0,0,0,0,0,0,0,0,0,0,0,0
"C2254","5","33995","47","0","2008","A","N","Fond du Lac, WI MSA","Private","Sign manufacturing","MSA, NAICS 5-digit -- by ownership sector","All establishment sizes",2,0,0,0,0,0,0,"N",1.07,0,0,0,0,0,0,"N",0,0.0,0,0,0,0,0,0,0,0,0,0,0,0
"C2254","5","339950","48","0","2008","A","N","Fond du Lac, WI MSA","Private","Sign manufacturing","MSA, NAICS 6-digit -- by ownership sector","All establishment sizes",2,0,0,0,0,0,0,"N",1.07,0,0,0,0,0,0,"N",0,0.0,0,0,0,0,0,0,0,0,0,0,0,0
"C2254","5","33999","47","0","2008","A","","Fond du Lac, WI MSA","Private","All other miscellaneous manufacturing","MSA, NAICS 5-digit -- by ownership sector","All establishment sizes",4,41,1040571,444111,7071,483,25124,"",2.55,0.97,0.71,0.99,0.49,0.72,0.72,"",-1,-20.0,-2,-4.7,-11502,-1.1,23142,5.5,-3151,-30.8,12,2.5,610,2.5
"C2254","5","339994","48","0","2008","A","N","Fond du Lac, WI MSA","Private","Broom, brush, and mop manufacturing","MSA, NAICS 6-digit -- by ownership sector","All establishment sizes",1,0,0,0,0,0,0,"N",13.54,0,0,0,0,0,0,"N",0,0.0,0,0,0,0,0,0,0,0,0,0,0,0
"C2254","5","339999","48","0","2008","A","N","Fond du Lac, WI MSA","Private","All other miscellaneous manufacturing","MSA, NAICS 6-digit -- by ownership sector","All establishment sizes",3,0,0,0,0,0,0,"N",2.89,0,0,0,0,0,0,"N",-1,-25.0,0,0,0,0,0,0,0,0,0,0,0,0
"C2254","5","42","44","0","2008","A","","Fond du Lac, WI MSA","Private","Wholesale trade","MSA, NAICS Sector -- by ownership sector","All establishment sizes",149,1743,73251825,18819046,339745,808,42026,"",0.89,0.86,0.74,0.83,0.53,0.86,0.86,"",2,1.4,-4,-0.2,-122510,-0.2,-277108,-1.5,-50128,-12.9,0,0.0,18,0.0
"C2254","5","423","45","0","2008","A","","Fond du Lac, WI MSA","Private","Merchant wholesalers, durable goods","MSA, NAICS 3-digit -- by ownership sector","All establishment sizes",89,905,39573516,9920333,185085,841,43720,"",1.30,0.87,0.77,0.86,0.56,0.89,0.89,"",1,1.1,-19,-2.1,-2130069,-5.1,-428871,-4.1,-34650,-15.8,-27,-3.1,-1406,-3.1
"C2254","5","4231","46","0","2008","A","","Fond du Lac, WI MSA","Private","Motor vehicle and parts merchant wholesalers","MSA, NAICS 4-digit -- by ownership sector","All establishment sizes",14,235,6738290,2271522,34283,552,28684,"",2.20,2.04,1.63,1.89,1.07,0.80,0.80,"",0,0.0,14,6.3,310796,4.8,95591,4.4,-8717,-20.3,-8,-1.4,-433,-1.5
"C2254","5","42311","47","0","2008","A","N","Fond du Lac, WI MSA","Private","Motor vehicle merchant wholesalers","MSA, NAICS 5-digit -- by ownership sector","All establishment sizes",1,0,0,0,0,0,0,"N",0.62,0,0,0,0,0,0,"N",0,0.0,0,0,0,0,0,0,0,0,0,0,0,0
"C2254","5","423110","48","0","2008","A","N","Fond du Lac, WI MSA","Private","Motor vehicle merchant wholesalers","MSA, NAICS 6-digit -- by ownership sector","All establishment sizes",1,0,0,0,0,0,0,"N",0.62,0,0,0,0,0,0,"N",0,0.0,0,0,0,0,0,0,0,0,0,0,0,0
"C2254","5","42312","47","0","2008","A","","Fond du Lac, WI MSA","Private","New motor vehicle parts merchant wholesalers","MSA, NAICS 5-digit -- by ownership sector","All establishment sizes",9,132,3460421,1261149,21826,503,26149,"",2.55,2.38,1.73,2.18,1.31,0.72,0.72,"",0,0.0,17,14.8,407465,13.3,120105,10.5,-4630,-17.5,-9,-1.8,-495,-1.9
"C2254","5","423120","48","0","2008","A","","Fond du Lac, WI MSA","Private","New motor vehicle parts merchant wholesalers","MSA, NAICS 6-digit -- by ownership sector","All establishment sizes",9,132,3460421,1261149,21826,503,26149,"",2.55,2.38,1.73,2.18,1.31,0.72,0.72,"",0,0.0,17,14.8,407465,13.3,120105,10.5,-4630,-17.5,-9,-1.8,-495,-1.9
"C2254","5","42313","47","0","2008","A","N","Fond du Lac, WI MSA","Private","Tire and tube merchant wholesalers","MSA, NAICS 5-digit -- by ownership sector","All establishment sizes",2,0,0,0,0,0,0,"N",4.49,0,0,0,0,0,0,"N",0,0.0,0,0,0,0,0,0,0,0,0,0,0,0
"C2254","5","423130","48","0","2008","A","N","Fond du Lac, WI MSA","Private","Tire and tube merchant wholesalers","MSA, NAICS 6-digit -- by ownership sector","All establishment sizes",2,0,0,0,0,0,0,"N",4.49,0,0,0,0,0,0,"N",0,0.0,0,0,0,0,0,0,0,0,0,0,0,0
"C2254","5","42314","47","0","2008","A","N","Fond du Lac, WI MSA","Private","Used motor vehicle parts merchant wholesalers","MSA, NAICS 5-digit -- by ownership sector","All establishment sizes",2,0,0,0,0,0,0,"N",2.60,0,0,0,0,0,0,"N",0,0.0,0,0,0,0,0,0,0,0,0,0,0,0
"C2254","5","423140","48","0","2008","A","N","Fond du Lac, WI MSA","Private","Used motor vehicle parts merchant wholesalers","MSA, NAICS 6-digit -- by ownership sector","All establishment sizes",2,0,0,0,0,0,0,"N",2.60,0,0,0,0,0,0,"N",0,0.0,0,0,0,0,0,0,0,0,0,0,0,0
"C2254","5","4232","46","0","2008","A","N","Fond du Lac, WI MSA","Private","Furniture and furnishing merchant wholesalers","MSA, NAICS 4-digit -- by ownership sector","All establishment sizes",1,0,0,0,0,0,0,"N",0.34,0,0,0,0,0,0,"N",0,0.0,0,0,0,0,0,0,0,0,0,0,0,0
"C2254","5","42321","47","0","2008","A","N","Fond du Lac, WI MSA","Private","Furniture merchant wholesalers","MSA, NAICS 5-digit -- by ownership sector","All establishment sizes",1,0,0,0,0,0,0,"N",0.81,0,0,0,0,0,0,"N",0,0.0,0,0,0,0,0,0,0,0,0,0,0,0
"C2254","5","423210","48","0","2008","A","N","Fond du Lac, WI MSA","Private","Furniture merchant wholesalers","MSA, NAICS 6-digit -- by ownership sector","All establishment sizes",1,0,0,0,0,0,0,"N",0.81,0,0,0,0,0,0,"N",0,0.0,0,0,0,0,0,0,0,0,0,0,0,0
"C2254","5","4233","46","0","2008","A","","Fond du Lac, WI MSA","Private","Lumber and const. supply merchant wholesalers","MSA, NAICS 4-digit -- by ownership sector","All establishment sizes",7,46,2165345,515284,19467,914,47503,"",1.30,0.57,0.67,0.55,0.68,1.19,1.19,"",0,0.0,-5,-9.8,583,0.0,1640,0.3,2958,17.9,98,12.0,5057,11.9
"C2254","5","42331","47","0","2008","A","N","Fond du Lac, WI MSA","Private","Lumber and wood merchant wholesalers","MSA, NAICS 5-digit -- by ownership sector","All establishment sizes",2,0,0,0,0,0,0,"N",0.86,0,0,0,0,0,0,"N",0,0.0,0,0,0,0,0,0,0,0,0,0,0,0
"C2254","5","423310","48","0","2008","A","N","Fond du Lac, WI MSA","Private","Lumber and wood merchant wholesalers","MSA, NAICS 6-digit -- by ownership sector","All establishment sizes",2,0,0,0,0,0,0,"N",0.86,0,0,0,0,0,0,"N",0,0.0,0,0,0,0,0,0,0,0,0,0,0,0
"C2254","5","42332","47","0","2008","A","N","Fond du Lac, WI MSA","Private","Masonry material merchant wholesalers","MSA, NAICS 5-digit -- by ownership sector","All establishment sizes",1,0,0,0,0,0,0,"N",0.63,0,0,0,0,0,0,"N",0,0.0,0,0,0,0,0,0,0,0,0,0,0,0
"C2254","5","423320","48","0","2008","A","N","Fond du Lac, WI MSA","Private","Masonry material merchant wholesalers","MSA, NAICS 6-digit -- by ownership sector","All establishment sizes",1,0,0,0,0,0,0,"N",0.63,0,0,0,0,0,0,"N",0,0.0,0,0,0,0,0,0,0,0,0,0,0,0
"C2254","5","42333","47","0","2008","A","","Fond du Lac, WI MSA","Private","Roofing and siding merchant wholesalers","MSA, NAICS 5-digit -- by ownership sector","All establishment sizes",4,34,1891056,393336,13403,1059,55079,"",5.49,3.14,3.96,3.07,2.96,1.25,1.25,"",0,0.0,-3,-8.1,1966,0.1,41284,11.7,3161,30.9,82,8.4,4251,8.4
"C2254","5","423330","48","0","2008","A","","Fond du Lac, WI MSA","Private","Roofing and siding merchant wholesalers","MSA, NAICS 6-digit -- by ownership sector","All establishment sizes",4,34,1891056,393336,13403,1059,55079,"",5.49,3.14,3.96,3.07,2.96,1.25,1.25,"",0,0.0,-3,-8.1,1966,0.1,41284,11.7,3161,30.9,82,8.4,4251,8.4
"C2254","5","4234","46","0","2008","A","","Fond du Lac, WI MSA","Private","Commercial equip. merchant wholesalers","MSA, NAICS 4-digit -- by ownership sector","All establishment sizes",9,37,1817552,415904,4548,945,49123,"",0.71,0.17,0.12,0.17,0.06,0.75,0.75,"",0,0.0,0,0.0,111033,6.5,-12218,-2.9,-2465,-35.1,50,5.6,2582,5.5
"C2254","5","42341","47","0","2008","A","N","Fond du Lac, WI MSA","Private","Photographic equip. merchant wholesalers","MSA, NAICS 5-digit -- by ownership sector","All establishment sizes",1,0,0,0,0,0,0,"N",3.27,0,0,0,0,0,0,"N",0,0.0,0,0,0,0,0,0,0,0,0,0,0,0
"C2254","5","423410","48","0","2008","A","N","Fond du Lac, WI MSA","Private","Photographic equip. merchant wholesalers","MSA, NAICS 6-digit -- by ownership sector","All establishment sizes",1,0,0,0,0,0,0,"N",3.27,0,0,0,0,0,0,"N",0,0.0,0,0,0,0,0,0,0,0,0,0,0,0
"C2254","5","42342","47","0","2008","A","N","Fond du Lac, WI MSA","Private","Office equipment merchant wholesalers","MSA, NAICS 5-digit -- by ownership sector","All establishment sizes",1,0,0,0,0,0,0,"N",0.67,0,0,0,0,0,0,"N",0,0.0,0,0,0,0,0,0,0,0,0,0,0,0
"C2254","5","423420","48","0","2008","A","N","Fond du Lac, WI MSA","Private","Office equipment merchant wholesalers","MSA, NAICS 6-digit -- by ownership sector","All establishment sizes",1,0,0,0,0,0,0,"N",0.67,0,0,0,0,0,0,"N",0,0.0,0,0,0,0,0,0,0,0,0,0,0,0
"C2254","5","42343","47","0","2008","A","","Fond du Lac, WI MSA","Private","Computer and software merchant wholesalers","MSA, NAICS 5-digit -- by ownership sector","All establishment sizes",4,5,181855,38251,19,666,34639,"",1.13,0.06,0.03,0.04,0.00,0.41,0.41,"N",1,33.3,0,0,0,0,0,0,0,0,0,0,0,0
"C2254","5","423430","48","0","2008","A","","Fond du Lac, WI MSA","Private","Computer and software merchant wholesalers","MSA, NAICS 6-digit -- by ownership sector","All establishment sizes",4,5,181855,38251,19,666,34639,"",1.13,0.06,0.03,0.04,0.00,0.41,0.41,"N",1,33.3,0,0,0,0,0,0,0,0,0,0,0,0
"C2254","5","42344","47","0","2008","A","N","Fond du Lac, WI MSA","Private","Other commercial equip. merchant wholesalers","MSA, NAICS 5-digit -- by ownership sector","All establishment sizes",2,0,0,0,0,0,0,"N",1.41,0,0,0,0,0,0,"N",0,0.0,0,0,0,0,0,0,0,0,0,0,0,0
"C2254","5","423440","48","0","2008","A","N","Fond du Lac, WI MSA","Private","Other commercial equip. merchant wholesalers","MSA, NAICS 6-digit -- by ownership sector","All establishment sizes",2,0,0,0,0,0,0,"N",1.41,0,0,0,0,0,0,"N",0,0.0,0,0,0,0,0,0,0,0,0,0,0,0
"C2254","5","42345","47","0","2008","A","N","Fond du Lac, WI MSA","Private","Medical equipment merchant wholesalers","MSA, NAICS 5-digit -- by ownership sector","All establishment sizes",1,0,0,0,0,0,0,"N",0.21,0,0,0,0,0,0,"N",0,0.0,0,0,0,0,0,0,0,0,0,0,0,0
"C2254","5","423450","48","0","2008","A","N","Fond du Lac, WI MSA","Private","Medical equipment merchant wholesalers","MSA, NAICS 6-digit -- by ownership sector","All establishment sizes",1,0,0,0,0,0,0,"N",0.21,0,0,0,0,0,0,"N",0,0.0,0,0,0,0,0,0,0,0,0,0,0,0
"C2254","5","4235","46","0","2008","A","N","Fond du Lac, WI MSA","Private","Metal and mineral merchant wholesalers","MSA, NAICS 4-digit -- by ownership sector","All establishment sizes",1,0,0,0,0,0,0,"N",0.43,0,0,0,0,0,0,"N",0,0.0,0,0,0,0,0,0,0,0,0,0,0,0
"C2254","5","42351","47","0","2008","A","N","Fond du Lac, WI MSA","Private","Metal merchant wholesalers","MSA, NAICS 5-digit -- by ownership sector","All establishment sizes",1,0,0,0,0,0,0,"N",0.44,0,0,0,0,0,0,"N",0,0.0,0,0,0,0,0,0,0,0,0,0,0,0
"C2254","5","423510","48","0","2008","A","N","Fond du Lac, WI MSA","Private","Metal merchant wholesalers","MSA, NAICS 6-digit -- by ownership sector","All establishment sizes",1,0,0,0,0,0,0,"N",0.44,0,0,0,0,0,0,"N",0,0.0,0,0,0,0,0,0,0,0,0,0,0,0
"C2254","5","4236","46","0","2008","A","","Fond du Lac, WI MSA","Private","Electric goods merchant wholesalers","MSA, NAICS 4-digit -- by ownership sector","All establishment sizes",11,71,3679189,778164,6869,994,51698,"",1.44,0.59,0.54,0.59,0.17,0.90,0.90,"",0,0.0,3,4.4,90437,2.5,22232,2.9,128,1.9,-16,-1.6,-820,-1.6
"C2254","5","42361","47","0","2008","A","","Fond du Lac, WI MSA","Private","Elec. equip. and wiring merchant wholesalers","MSA, NAICS 5-digit -- by ownership sector","All establishment sizes",6,63,3336906,692158,4486,1016,52827,"",1.80,1.20,1.24,1.21,0.29,1.02,1.03,"",0,0.0,4,6.8,164941,5.2,39322,6.0,50,1.1,-15,-1.5,-784,-1.5
"C2254","5","423610","48","0","2008","A","","Fond du Lac, WI MSA","Private","Elec. equip. and wiring merchant wholesalers","MSA, NAICS 6-digit -- by ownership sector","All establishment sizes",6,63,3336906,692158,4486,1016,52827,"",1.80,1.20,1.24,1.21,0.29,1.02,1.03,"",0,0.0,4,6.8,164941,5.2,39322,6.0,50,1.1,-15,-1.5,-784,-1.5
"C2254","5","42369","47","0","2008","A","","Fond du Lac, WI MSA","Private","Other electronic parts merchant wholesalers","MSA, NAICS 5-digit -- by ownership sector","All establishment sizes",5,8,342283,86006,2383,823,42785,"",1.40,0.14,0.09,0.14,0.11,0.67,0.67,"",0,0.0,-1,-11.1,-74504,-17.9,-17090,-16.6,78,3.4,-51,-5.8,-2683,-5.9
"C2254","5","423690","48","0","2008","A","","Fond du Lac, WI MSA","Private","Other electronic parts merchant wholesalers","MSA, NAICS 6-digit -- by ownership sector","All establishment sizes",5,8,342283,86006,2383,823,42785,"",1.40,0.14,0.09,0.14,0.11,0.67,0.67,"",0,0.0,-1,-11.1,-74504,-17.9,-17090,-16.6,78,3.4,-51,-5.8,-2683,-5.9
"C2254","5","4237","46","0","2008","A","","Fond du Lac, WI MSA","Private","Hardware and plumbing merchant wholesalers","MSA, NAICS 4-digit -- by ownership sector","All establishment sizes",8,40,1579701,465076,6305,769,39992,"",1.43,0.47,0.42,0.50,0.26,0.91,0.91,"",1,14.3,6,17.6,254207,19.2,52022,12.6,-442,-6.6,27,3.6,1385,3.6
"C2254","5","42371","47","0","2008","A","N","Fond du Lac, WI MSA","Private","Hardware merchant wholesalers","MSA, NAICS 5-digit -- by ownership sector","All establishment sizes",4,0,0,0,0,0,0,"N",2.22,0,0,0,0,0,0,"N",1,33.3,0,0,0,0,0,0,0,0,0,0,0,0
"C2254","5","423710","48","0","2008","A","N","Fond du Lac, WI MSA","Private","Hardware merchant wholesalers","MSA, NAICS 6-digit -- by ownership sector","All establishment sizes",4,0,0,0,0,0,0,"N",2.22,0,0,0,0,0,0,"N",1,33.3,0,0,0,0,0,0,0,0,0,0,0,0
"C2254","5","42372","47","0","2008","A","N","Fond du Lac, WI MSA","Private","Plumbing equip. merchant wholesalers","MSA, NAICS 5-digit -- by ownership sector","All establishment sizes",1,0,0,0,0,0,0,"N",0.46,0,0,0,0,0,0,"N",0,0.0,0,0,0,0,0,0,0,0,0,0,0,0
"C2254","5","423720","48","0","2008","A","N","Fond du Lac, WI MSA","Private","Plumbing and heating equip. merch. whls.","MSA, NAICS 6-digit -- by ownership sector","All establishment sizes",1,0,0,0,0,0,0,"N",0.46,0,0,0,0,0,0,"N",0,0.0,0,0,0,0,0,0,0,0,0,0,0,0
"C2254","5","42373","47","0","2008","A","","Fond du Lac, WI MSA","Private","Hvac equip. merchant wholesalers","MSA, NAICS 5-digit -- by ownership sector","All establishment sizes",3,8,259378,84052,1720,624,32422,"",2.35,0.39,0.25,0.37,0.29,0.65,0.65,"",0,0.0,0,0.0,12513,5.1,-1314,-1.5,198,13.0,31,5.2,1564,5.1
"C2254","5","423730","48","0","2008","A","","Fond du Lac, WI MSA","Private","Hvac equip. merchant wholesalers","MSA, NAICS 6-digit -- by ownership sector","All establishment sizes",3,8,259378,84052,1720,624,32422,"",2.35,0.39,0.25,0.37,0.29,0.65,0.65,"",0,0.0,0,0.0,12513,5.1,-1314,-1.5,198,13.0,31,5.2,1564,5.1
"C2254","5","4238","46","0","2008","A","","Fond du Lac, WI MSA","Private","Machinery and supply merchant wholesalers","MSA, NAICS 4-digit -- by ownership sector","All establishment sizes",24,184,7476391,2035808,47490,782,40688,"",1.43,0.78,0.70,0.78,0.75,0.89,0.89,"",-1,-4.0,-41,-18.2,-2560028,-25.5,-520845,-20.4,-10190,-17.7,-78,-9.1,-4018,-9.0
"C2254","5","42381","47","0","2008","A","N","Fond du Lac, WI MSA","Private","Construction equipment merchant wholesalers","MSA, NAICS 5-digit -- by ownership sector","All establishment sizes",1,0,0,0,0,0,0,"N",0.73,0,0,0,0,0,0,"N",0,0.0,0,0,0,0,0,0,0,0,0,0,0,0
"C2254","5","423810","48","0","2008","A","N","Fond du Lac, WI MSA","Private","Construction equipment merchant wholesalers","MSA, NAICS 6-digit -- by ownership sector","All establishment sizes",1,0,0,0,0,0,0,"N",0.73,0,0,0,0,0,0,"N",0,0.0,0,0,0,0,0,0,0,0,0,0,0,0
"C2254","5","42382","47","0","2008","A","","Fond du Lac, WI MSA","Private","Farm and garden equip. merchant wholesalers","MSA, NAICS 5-digit -- by ownership sector","All establishment sizes",10,98,3856333,1164579,27747,754,39217,"",4.30,2.83,3.10,2.97,3.69,1.09,1.09,"",0,0.0,3,3.2,528649,15.9,50352,4.5,6070,28.0,80,11.9,4189,12.0
"C2254","5","423820","48","0","2008","A","","Fond du Lac, WI MSA","Private","Farm and garden equip. merchant wholesalers","MSA, NAICS 6-digit -- by ownership sector","All establishment sizes",10,98,3856333,1164579,27747,754,39217,"",4.30,2.83,3.10,2.97,3.69,1.09,1.09,"",0,0.0,3,3.2,528649,15.9,50352,4.5,6070,28.0,80,11.9,4189,12.0
"C2254","5","42383","47","0","2008","A","","Fond du Lac, WI MSA","Private","Industrial machinery merchant wholesalers","MSA, NAICS 5-digit -- by ownership sector","All establishment sizes",7,49,2301004,503769,8196,908,47200,"",0.87,0.45,0.43,0.42,0.26,0.96,0.96,"",0,0.0,-37,-43.0,-3013063,-56.7,-499046,-49.8,-16024,-66.2,-277,-23.4,-14412,-23.4
"C2254","5","423830","48","0","2008","A","","Fond du Lac, WI MSA","Private","Industrial machinery merchant wholesalers","MSA, NAICS 6-digit -- by ownership sector","All establishment sizes",7,49,2301004,503769,8196,908,47200,"",0.87,0.45,0.43,0.42,0.26,0.96,0.96,"",0,0.0,-37,-43.0,-3013063,-56.7,-499046,-49.8,-16024,-66.2,-277,-23.4,-14412,-23.4
"C2254","5","42384","47","0","2008","A","N","Fond du Lac, WI MSA","Private","Industrial supplies merchant wholesalers","MSA, NAICS 5-digit -- by ownership sector","All establishment sizes",3,0,0,0,0,0,0,"N",1.26,0,0,0,0,0,0,"N",0,0.0,0,0,0,0,0,0,0,0,0,0,0,0
"C2254","5","423840","48","0","2008","A","N","Fond du Lac, WI MSA","Private","Industrial supplies merchant wholesalers","MSA, NAICS 6-digit -- by ownership sector","All establishment sizes",3,0,0,0,0,0,0,"N",1.26,0,0,0,0,0,0,"N",0,0.0,0,0,0,0,0,0,0,0,0,0,0,0
"C2254","5","42385","47","0","2008","A","","Fond du Lac, WI MSA","Private","Service estab. equip. merchant wholesalers","MSA, NAICS 5-digit -- by ownership sector","All establishment sizes",3,11,211437,101527,1644,364,18935,"",1.71,0.52,0.28,0.45,0.27,0.53,0.53,"",-1,-25.0,-9,-45.0,-190938,-47.5,-83528,-45.1,-2515,-60.5,-23,-5.9,-1184,-5.9
"C2254","5","423850","48","0","2008","A","","Fond du Lac, WI MSA","Private","Service estab. equip. merchant wholesalers","MSA, NAICS 6-digit -- by ownership sector","All establishment sizes",3,11,211437,101527,1644,364,18935,"",1.71,0.52,0.28,0.45,0.27,0.53,0.53,"",-1,-25.0,-9,-45.0,-190938,-47.5,-83528,-45.1,-2515,-60.5,-23,-5.9,-1184,-5.9
"C2254","5","4239","46","0","2008","A","","Fond du Lac, WI MSA","Private","Misc. durable goods merchant wholesalers","MSA, NAICS 4-digit -- by ownership sector","All establishment sizes",14,262,14013704,3095710,64500,1027,53419,"",1.60,2.54,3.48,2.78,1.92,1.37,1.37,"",1,7.7,4,1.6,-509132,-3.5,-55331,-1.8,-14899,-18.8,-55,-5.1,-2853,-5.1
"C2254","5","42391","47","0","2008","A","N","Fond du Lac, WI MSA","Private","Sporting goods merchant wholesalers","MSA, NAICS 5-digit -- by ownership sector","All establishment sizes",2,0,0,0,0,0,0,"N",1.37,0,0,0,0,0,0,"N",0,0.0,0,0,0,0,0,0,0,0,0,0,0,0
"C2254","5","423910","48","0","2008","A","N","Fond du Lac, WI MSA","Private","Sporting goods merchant wholesalers","MSA, NAICS 6-digit -- by ownership sector","All establishment sizes",2,0,0,0,0,0,0,"N",1.37,0,0,0,0,0,0,"N",0,0.0,0,0,0,0,0,0,0,0,0,0,0,0
"C2254","5","42393","47","0","2008","A","","Fond du Lac, WI MSA","Private","Recyclable material merchant wholesalers","MSA, NAICS 5-digit -- by ownership sector","All establishment sizes",9,203,11458563,2482389,42918,1086,56469,"",4.20,5.08,7.59,5.67,3.53,1.49,1.50,"",1,12.5,7,3.6,-461808,-3.9,-24930,-1.0,-15789,-26.9,-85,-7.3,-4427,-7.3
"C2254","5","423930","48","0","2008","A","","Fond du Lac, WI MSA","Private","Recyclable material merchant wholesalers","MSA, NAICS 6-digit -- by ownership sector","All establishment sizes",9,203,11458563,2482389,42918,1086,56469,"",4.20,5.08,7.59,5.67,3.53,1.49,1.50,"",1,12.5,7,3.6,-461808,-3.9,-24930,-1.0,-15789,-26.9,-85,-7.3,-4427,-7.3
"C2254","5","42394","47","0","2008","A","N","Fond du Lac, WI MSA","Private","Jewelry merchant wholesalers","MSA, NAICS 5-digit -- by ownership sector","All establishment sizes",1,0,0,0,0,0,0,"N",0.50,0,0,0,0,0,0,"N",0,0.0,0,0,0,0,0,0,0,0,0,0,0,0
"C2254","5","423940","48","0","2008","A","N","Fond du Lac, WI MSA","Private","Jewelry merchant wholesalers","MSA, NAICS 6-digit -- by ownership sector","All establishment sizes",1,0,0,0,0,0,0,"N",0.50,0,0,0,0,0,0,"N",0,0.0,0,0,0,0,0,0,0,0,0,0,0,0
"C2254","5","42399","47","0","2008","A","N","Fond du Lac, WI MSA","Private","All other durable goods merchant wholesalers","MSA, NAICS 5-digit -- by ownership sector","All establishment sizes",2,0,0,0,0,0,0,"N",0.77,0,0,0,0,0,0,"N",0,0.0,0,0,0,0,0,0,0,0,0,0,0,0
"C2254","5","423990","48","0","2008","A","N","Fond du Lac, WI MSA","Private","All other durable goods merchant wholesalers","MSA, NAICS 6-digit -- by ownership sector","All establishment sizes",2,0,0,0,0,0,0,"N",0.77,0,0,0,0,0,0,"N",0,0.0,0,0,0,0,0,0,0,0,0,0,0,0
"C2254","5","424","45","0","2008","A","","Fond du Lac, WI MSA","Private","Merchant wholesalers, nondurable goods","MSA, NAICS 3-digit -- by ownership sector","All establishment sizes",38,680,29085517,7678935,145655,822,42752,"",1.02,0.98,0.95,1.00,0.69,0.97,0.97,"",-1,-2.6,18,2.7,1795174,6.6,188601,2.5,-11737,-7.5,30,3.8,1543,3.7
"C2254","5","4241","46","0","2008","A","N","Fond du Lac, WI MSA","Private","Paper and paper product merchant wholesalers","MSA, NAICS 4-digit -- by ownership sector","All establishment sizes",3,0,0,0,0,0,0,"N",1.03,0,0,0,0,0,0,"N",1,50.0,0,0,0,0,0,0,0,0,0,0,0,0
"C2254","5","42412","47","0","2008","A","N","Fond du Lac, WI MSA","Private","Office supplies merchant wholesalers","MSA, NAICS 5-digit -- by ownership sector","All establishment sizes",1,0,0,0,0,0,0,"N",0.73,0,0,0,0,0,0,"N",1,100.0,0,0,0,0,0,0,0,0,0,0,0,0
"C2254","5","424120","48","0","2008","A","N","Fond du Lac, WI MSA","Private","Office supplies merchant wholesalers","MSA, NAICS 6-digit -- by ownership sector","All establishment sizes",1,0,0,0,0,0,0,"N",0.73,0,0,0,0,0,0,"N",1,100.0,0,0,0,0,0,0,0,0,0,0,0,0
"C2254","5","42413","47","0","2008","A","N","Fond du Lac, WI MSA","Private","Industrial paper merchant wholesalers","MSA, NAICS 5-digit -- by ownership sector","All establishment sizes",2,0,0,0,0,0,0,"N",1.59,0,0,0,0,0,0,"N",0,0.0,0,0,0,0,0,0,0,0,0,0,0,0
"C2254","5","424130","48","0","2008","A","N","Fond du Lac, WI MSA","Private","Industrial paper merchant wholesalers","MSA, NAICS 6-digit -- by ownership sector","All establishment sizes",2,0,0,0,0,0,0,"N",1.59,0,0,0,0,0,0,"N",0,0.0,0,0,0,0,0,0,0,0,0,0,0,0
"C2254","5","4242","46","0","2008","A","N","Fond du Lac, WI MSA","Private","Druggists' goods merchant wholesalers","MSA, NAICS 4-digit -- by ownership sector","All establishment sizes",2,0,0,0,0,0,0,"N",0.68,0,0,0,0,0,0,"N",0,0.0,0,0,0,0,0,0,0,0,0,0,0,0
"C2254","5","42421","47","0","2008","A","N","Fond du Lac, WI MSA","Private","Druggists' goods merchant wholesalers","MSA, NAICS 5-digit -- by ownership sector","All establishment sizes",2,0,0,0,0,0,0,"N",0.68,0,0,0,0,0,0,"N",0,0.0,0,0,0,0,0,0,0,0,0,0,0,0
"C2254","5","424210","48","0","2008","A","N","Fond du Lac, WI MSA","Private","Druggists' goods merchant wholesalers","MSA, NAICS 6-digit -- by ownership sector","All establishment sizes",2,0,0,0,0,0,0,"N",0.68,0,0,0,0,0,0,"N",0,0.0,0,0,0,0,0,0,0,0,0,0,0,0
"C2254","5","4243","46","0","2008","A","N","Fond du Lac, WI MSA","Private","Apparel and piece goods merchant wholesalers","MSA, NAICS 4-digit -- by ownership sector","All establishment sizes",3,0,0,0,0,0,0,"N",0.78,0,0,0,0,0,0,"N",1,50.0,0,0,0,0,0,0,0,0,0,0,0,0
"C2254","5","42431","47","0","2008","A","N","Fond du Lac, WI MSA","Private","Piece goods merchant wholesalers","MSA, NAICS 5-digit -- by ownership sector","All establishment sizes",1,0,0,0,0,0,0,"N",1.09,0,0,0,0,0,0,"N",0,0.0,0,0,0,0,0,0,0,0,0,0,0,0
"C2254","5","424310","48","0","2008","A","N","Fond du Lac, WI MSA","Private","Piece goods merchant wholesalers","MSA, NAICS 6-digit -- by ownership sector","All establishment sizes",1,0,0,0,0,0,0,"N",1.09,0,0,0,0,0,0,"N",0,0.0,0,0,0,0,0,0,0,0,0,0,0,0
"C2254","5","42432","47","0","2008","A","N","Fond du Lac, WI MSA","Private","Men's and boys' clothing merchant wholesalers","MSA, NAICS 5-digit -- by ownership sector","All establishment sizes",2,0,0,0,0,0,0,"N",2.89,0,0,0,0,0,0,"N",1,100.0,0,0,0,0,0,0,0,0,0,0,0,0
"C2254","5","424320","48","0","2008","A","N","Fond du Lac, WI MSA","Private","Men's and boys' clothing merchant wholesalers","MSA, NAICS 6-digit -- by ownership sector","All establishment sizes",2,0,0,0,0,0,0,"N",2.89,0,0,0,0,0,0,"N",1,100.0,0,0,0,0,0,0,0,0,0,0,0,0
"C2254","5","4244","46","0","2008","A","","Fond du Lac, WI MSA","Private","Grocery and related product wholesalers","MSA, NAICS 4-digit -- by ownership sector","All establishment sizes",9,168,6027690,1890849,31443,690,35861,"",0.95,0.68,0.64,0.69,0.42,0.95,0.95,"",0,0.0,3,1.8,536394,9.8,25302,1.4,-2217,-6.6,50,7.8,2564,7.7
"C2254","5","42441","47","0","2008","A","N","Fond du Lac, WI MSA","Private","General line grocery merchant wholesalers","MSA, NAICS 5-digit -- by ownership sector","All establishment sizes",1,0,0,0,0,0,0,"N",0.67,0,0,0,0,0,0,"N",0,0.0,0,0,0,0,0,0,0,0,0,0,0,0
"C2254","5","424410","48","0","2008","A","N","Fond du Lac, WI MSA","Private","General line grocery merchant wholesalers","MSA, NAICS 6-digit -- by ownership sector","All establishment sizes",1,0,0,0,0,0,0,"N",0.67,0,0,0,0,0,0,"N",0,0.0,0,0,0,0,0,0,0,0,0,0,0,0
"C2254","5","42442","47","0","2008","A","N","Fond du Lac, WI MSA","Private","Packaged frozen food merchant wholesalers","MSA, NAICS 5-digit -- by ownership sector","All establishment sizes",1,0,0,0,0,0,0,"N",2.11,0,0,0,0,0,0,"N",0,0.0,0,0,0,0,0,0,0,0,0,0,0,0
"C2254","5","424420","48","0","2008","A","N","Fond du Lac, WI MSA","Private","Packaged frozen food merchant wholesalers","MSA, NAICS 6-digit -- by ownership sector","All establishment sizes",1,0,0,0,0,0,0,"N",2.11,0,0,0,0,0,0,"N",0,0.0,0,0,0,0,0,0,0,0,0,0,0,0
"C2254","5","42443","47","0","2008","A","N","Fond du Lac, WI MSA","Private","Dairy product merchant wholesalers","MSA, NAICS 5-digit -- by ownership sector","All establishment sizes",3,0,0,0,0,0,0,"N",5.14,0,0,0,0,0,0,"N",0,0.0,0,0,0,0,0,0,0,0,0,0,0,0
"C2254","5","424430","48","0","2008","A","N","Fond du Lac, WI MSA","Private","Dairy product merchant wholesalers","MSA, NAICS 6-digit -- by ownership sector","All establishment sizes",3,0,0,0,0,0,0,"N",5.14,0,0,0,0,0,0,"N",0,0.0,0,0,0,0,0,0,0,0,0,0,0,0
"C2254","5","42445","47","0","2008","A","N","Fond du Lac, WI MSA","Private","Confectionery merchant wholesalers","MSA, NAICS 5-digit -- by ownership sector","All establishment sizes",1,0,0,0,0,0,0,"N",1.13,0,0,0,0,0,0,"N",0,0.0,0,0,0,0,0,0,0,0,0,0,0,0
"C2254","5","424450","48","0","2008","A","N","Fond du Lac, WI MSA","Private","Confectionery merchant wholesalers","MSA, NAICS 6-digit -- by ownership sector","All establishment sizes",1,0,0,0,0,0,0,"N",1.13,0,0,0,0,0,0,"N",0,0.0,0,0,0,0,0,0,0,0,0,0,0,0
"C2254","5","42449","47","0","2008","A","","Fond du Lac, WI MSA","Private","Other grocery product merchant wholesalers","MSA, NAICS 5-digit -- by ownership sector","All establishment sizes",3,15,335416,190238,1842,428,22238,"",0.86,0.20,0.12,0.23,0.08,0.59,0.59,"",0,0.0,-4,-21.1,-47993,-12.5,-32411,-14.6,-221,-10.7,47,12.3,2406,12.1
"C2254","5","424490","48","0","2008","A","","Fond du Lac, WI MSA","Private","Other grocery product merchant wholesalers","MSA, NAICS 6-digit -- by ownership sector","All establishment sizes",3,15,335416,190238,1842,428,22238,"",0.86,0.20,0.12,0.23,0.08,0.59,0.59,"",0,0.0,-4,-21.1,-47993,-12.5,-32411,-14.6,-221,-10.7,47,12.3,2406,12.1
"C2254","5","4245","46","0","2008","A","N","Fond du Lac, WI MSA","Private","Farm product raw material merch. whls.","MSA, NAICS 4-digit -- by ownership sector","All establishment sizes",3,0,0,0,0,0,0,"N",1.75,0,0,0,0,0,0,"N",-1,-25.0,0,0,0,0,0,0,0,0,0,0,0,0
"C2254","5","42451","47","0","2008","A","N","Fond du Lac, WI MSA","Private","Grain and field bean merchant wholesalers","MSA, NAICS 5-digit -- by ownership sector","All establishment sizes",1,0,0,0,0,0,0,"N",0.90,0,0,0,0,0,0,"N",-1,-50.0,0,0,0,0,0,0,0,0,0,0,0,0
"C2254","5","424510","48","0","2008","A","N","Fond du Lac, WI MSA","Private","Grain and field bean merchant wholesalers","MSA, NAICS 6-digit -- by ownership sector","All establishment sizes",1,0,0,0,0,0,0,"N",0.90,0,0,0,0,0,0,"N",-1,-50.0,0,0,0,0,0,0,0,0,0,0,0,0
"C2254","5","42452","47","0","2008","A","N","Fond du Lac, WI MSA","Private","Livestock merchant wholesalers","MSA, NAICS 5-digit -- by ownership sector","All establishment sizes",2,0,0,0,0,0,0,"N",5.36,0,0,0,0,0,0,"N",0,0.0,0,0,0,0,0,0,0,0,0,0,0,0
"C2254","5","424520","48","0","2008","A","N","Fond du Lac, WI MSA","Private","Livestock merchant wholesalers","MSA, NAICS 6-digit -- by ownership sector","All establishment sizes",2,0,0,0,0,0,0,"N",5.36,0,0,0,0,0,0,"N",0,0.0,0,0,0,0,0,0,0,0,0,0,0,0
"C2254","5","4246","46","0","2008","A","N","Fond du Lac, WI MSA","Private","Chemical merchant wholesalers","MSA, NAICS 4-digit -- by ownership sector","All establishment sizes",2,0,0,0,0,0,0,"N",0.55,0,0,0,0,0,0,"N",0,0.0,0,0,0,0,0,0,0,0,0,0,0,0
"C2254","5","42469","47","0","2008","A","N","Fond du Lac, WI MSA","Private","Other chemicals merchant wholesalers","MSA, NAICS 5-digit -- by ownership sector","All establishment sizes",2,0,0,0,0,0,0,"N",0.69,0,0,0,0,0,0,"N",0,0.0,0,0,0,0,0,0,0,0,0,0,0,0
"C2254","5","424690","48","0","2008","A","N","Fond du Lac, WI MSA","Private","Other chemicals merchant wholesalers","MSA, NAICS 6-digit -- by ownership sector","All establishment sizes",2,0,0,0,0,0,0,"N",0.69,0,0,0,0,0,0,"N",0,0.0,0,0,0,0,0,0,0,0,0,0,0,0
"C2254","5","4247","46","0","2008","A","N","Fond du Lac, WI MSA","Private","Petroleum merchant wholesalers","MSA, NAICS 4-digit -- by ownership sector","All establishment sizes",3,0,0,0,0,0,0,"N",1.35,0,0,0,0,0,0,"N",0,0.0,0,0,0,0,0,0,0,0,0,0,0,0
"C2254","5","42471","47","0","2008","A","N","Fond du Lac, WI MSA","Private","Petroleum bulk stations and terminals","MSA, NAICS 5-digit -- by ownership sector","All establishment sizes",1,0,0,0,0,0,0,"N",1.37,0,0,0,0,0,0,"N",0,0.0,0,0,0,0,0,0,0,0,0,0,0,0
"C2254","5","424710","48","0","2008","A","N","Fond du Lac, WI MSA","Private","Petroleum bulk stations and terminals","MSA, NAICS 6-digit -- by ownership sector","All establishment sizes",1,0,0,0,0,0,0,"N",1.37,0,0,0,0,0,0,"N",0,0.0,0,0,0,0,0,0,0,0,0,0,0,0
"C2254","5","42472","47","0","2008","A","N","Fond du Lac, WI MSA","Private","Other petroleum merchant wholesalers","MSA, NAICS 5-digit -- by ownership sector","All establishment sizes",2,0,0,0,0,0,0,"N",1.35,0,0,0,0,0,0,"N",0,0.0,0,0,0,0,0,0,0,0,0,0,0,0
"C2254","5","424720","48","0","2008","A","N","Fond du Lac, WI MSA","Private","Other petroleum merchant wholesalers","MSA, NAICS 6-digit -- by ownership sector","All establishment sizes",2,0,0,0,0,0,0,"N",1.35,0,0,0,0,0,0,"N",0,0.0,0,0,0,0,0,0,0,0,0,0,0,0
"C2254","5","4248","46","0","2008","A","N","Fond du Lac, WI MSA","Private","Alcoholic beverage merchant wholesalers","MSA, NAICS 4-digit -- by ownership sector","All establishment sizes",1,0,0,0,0,0,0,"N",0.78,0,0,0,0,0,0,"N",0,0.0,0,0,0,0,0,0,0,0,0,0,0,0
"C2254","5","42482","47","0","2008","A","N","Fond du Lac, WI MSA","Private","Wine and spirit merchant wholesalers","MSA, NAICS 5-digit -- by ownership sector","All establishment sizes",1,0,0,0,0,0,0,"N",1.38,0,0,0,0,0,0,"N",0,0.0,0,0,0,0,0,0,0,0,0,0,0,0
"C2254","5","424820","48","0","2008","A","N","Fond du Lac, WI MSA","Private","Wine and spirit merchant wholesalers","MSA, NAICS 6-digit -- by ownership sector","All establishment sizes",1,0,0,0,0,0,0,"N",1.38,0,0,0,0,0,0,"N",0,0.0,0,0,0,0,0,0,0,0,0,0,0,0
"C2254","5","4249","46","0","2008","A","","Fond du Lac, WI MSA","Private","Misc. nondurable goods merchant wholesalers","MSA, NAICS 4-digit -- by ownership sector","All establishment sizes",13,128,4845018,1496929,43498,730,37951,"",1.39,1.06,1.14,1.15,1.13,1.08,1.08,"",-1,-7.1,-3,-2.3,446053,10.1,-7917,-0.5,-1363,-3.0,82,12.7,4242,12.6
"C2254","5","42491","47","0","2008","A","N","Fond du Lac, WI MSA","Private","Farm supplies merchant wholesalers","MSA, NAICS 5-digit -- by ownership sector","All establishment sizes",12,0,0,0,0,0,0,"N",4.06,0,0,0,0,0,0,"N",0,0.0,0,0,0,0,0,0,0,0,0,0,0,0
"C2254","5","424910","48","0","2008","A","N","Fond du Lac, WI MSA","Private","Farm supplies merchant wholesalers","MSA, NAICS 6-digit -- by ownership sector","All establishment sizes",12,0,0,0,0,0,0,"N",4.06,0,0,0,0,0,0,"N",0,0.0,0,0,0,0,0,0,0,0,0,0,0,0
"C2254","5","42499","47","0","2008","A","N","Fond du Lac, WI MSA","Private","Other nondurable goods merchant wholesalers","MSA, NAICS 5-digit -- by ownership sector","All establishment sizes",1,0,0,0,0,0,0,"N",0.28,0,0,0,0,0,0,"N",0,0.0,0,0,0,0,0,0,0,0,0,0,0,0
"C2254","5","424990","48","0","2008","A","N","Fond du Lac, WI MSA","Private","Other nondurable goods merchant wholesalers","MSA, NAICS 6-digit -- by ownership sector","All establishment sizes",1,0,0,0,0,0,0,"N",0.28,0,0,0,0,0,0,"N",0,0.0,0,0,0,0,0,0,0,0,0,0,0,0
"C2254","5","425","45","0","2008","A","","Fond du Lac, WI MSA","Private","Electronic markets and agents and brokers","MSA, NAICS 3-digit -- by ownership sector","All establishment sizes",23,158,4592792,1219778,9005,561,29161,"",0.37,0.55,0.26,0.36,0.09,0.48,0.48,"",2,9.5,-2,-1.2,212385,4.8,-36838,-2.9,-3741,-29.4,35,6.7,1826,6.7
"C2254","5","4251","46","0","2008","A","","Fond du Lac, WI MSA","Private","Electronic markets and agents and brokers","MSA, NAICS 4-digit -- by ownership sector","All establishment sizes",23,158,4592792,1219778,9005,561,29161,"",0.37,0.55,0.26,0.36,0.09,0.48,0.48,"",2,9.5,-2,-1.2,212385,4.8,-36838,-2.9,-3741,-29.4,35,6.7,1826,6.7
"C2254","5","42512","47","0","2008","A","","Fond du Lac, WI MSA","Private","Wholesale trade agents and brokers","MSA, NAICS 5-digit -- by ownership sector","All establishment sizes",23,158,4592792,1219778,9005,561,29161,"",0.38,0.58,0.27,0.38,0.09,0.47,0.47,"",2,9.5,-2,-1.2,212385,4.8,-36838,-2.9,-3741,-29.4,35,6.7,1826,6.7
"C2254","5","425120","48","0","2008","A","","Fond du Lac, WI MSA","Private","Wholesale trade agents and brokers","MSA, NAICS 6-digit -- by ownership sector","All establishment sizes",23,158,4592792,1219778,9005,561,29161,"",0.38,0.58,0.27,0.38,0.09,0.47,0.47,"",2,9.5,-2,-1.2,212385,4.8,-36838,-2.9,-3741,-29.4,35,6.7,1826,6.7
"C2254","5","44-45","44","0","2008","A","","Fond du Lac, WI MSA","Private","Retail trade","MSA, NAICS Sector -- by ownership sector","All establishment sizes",335,5592,118420088,48358910,851963,407,21176,"",1.19,1.07,1.09,1.04,0.79,1.02,1.02,"",-7,-2.0,-87,-1.5,3074934,2.7,-417377,-0.9,-48970,-5.4,16,4.1,864,4.3
"C2254","5","441","45","0","2008","A","","Fond du Lac, WI MSA","Private","Motor vehicle and parts dealers","MSA, NAICS 3-digit -- by ownership sector","All establishment sizes",45,792,25739103,8114736,165176,625,32506,"",1.40,1.27,1.29,1.20,0.89,1.02,1.02,"",-4,-8.2,-14,-1.7,1391847,5.7,-201904,-2.4,-16058,-8.9,44,7.6,2311,7.7
"C2254","5","4411","46","0","2008","A","","Fond du Lac, WI MSA","Private","Automobile dealers","MSA, NAICS 4-digit -- by ownership sector","All establishment sizes",18,574,19598254,5833516,103082,657,34158,"",1.38,1.43,1.37,1.31,0.79,0.95,0.95,"",-1,-5.3,-8,-1.4,1097542,5.9,-123542,-2.1,-14978,-12.7,46,7.5,2361,7.4
"C2254","5","44111","47","0","2008","A","N","Fond du Lac, WI MSA","Private","New car dealers","MSA, NAICS 5-digit -- by ownership sector","All establishment sizes",15,0,0,0,0,0,0,"N",2.39,0,0,0,0,0,0,"N",0,0.0,0,0,0,0,0,0,0,0,0,0,0,0
"C2254","5","441110","48","0","2008","A","N","Fond du Lac, WI MSA","Private","New car dealers","MSA, NAICS 6-digit -- by ownership sector","All establishment sizes",15,0,0,0,0,0,0,"N",2.39,0,0,0,0,0,0,"N",0,0.0,0,0,0,0,0,0,0,0,0,0,0,0
"C2254","5","44112","47","0","2008","A","N","Fond du Lac, WI MSA","Private","Used car dealers","MSA, NAICS 5-digit -- by ownership sector","All establishment sizes",3,0,0,0,0,0,0,"N",0.44,0,0,0,0,0,0,"N",-1,-25.0,0,0,0,0,0,0,0,0,0,0,0,0
"C2254","5","441120","48","0","2008","A","N","Fond du Lac, WI MSA","Private","Used car dealers","MSA, NAICS 6-digit -- by ownership sector","All establishment sizes",3,0,0,0,0,0,0,"N",0.44,0,0,0,0,0,0,"N",-1,-25.0,0,0,0,0,0,0,0,0,0,0,0,0
"C2254","5","4412","46","0","2008","A","","Fond du Lac, WI MSA","Private","Other motor vehicle dealers","MSA, NAICS 4-digit -- by ownership sector","All establishment sizes",12,96,2864005,1058283,45859,572,29756,"",2.67,1.73,1.77,1.72,2.39,1.02,1.02,"",-1,-7.7,-5,-5.0,119945,4.4,-94024,-8.2,7175,18.5,49,9.4,2542,9.3
"C2254","5","44121","47","0","2008","A","","Fond du Lac, WI MSA","Private","Recreational vehicle dealers","MSA, NAICS 5-digit -- by ownership sector","All establishment sizes",3,28,898916,317230,23501,617,32104,"",3.91,2.27,2.36,2.13,4.87,1.04,1.04,"N",0,0.0,0,0,0,0,0,0,0,0,0,0,0,0
"C2254","5","441210","48","0","2008","A","","Fond du Lac, WI MSA","Private","Recreational vehicle dealers","MSA, NAICS 6-digit -- by ownership sector","All establishment sizes",3,28,898916,317230,23501,617,32104,"",3.91,2.27,2.36,2.13,4.87,1.04,1.04,"N",0,0.0,0,0,0,0,0,0,0,0,0,0,0,0
"C2254","5","44122","47","0","2008","A","","Fond du Lac, WI MSA","Private","Motorcycle, boat, and other vehicle dealers","MSA, NAICS 5-digit -- by ownership sector","All establishment sizes",9,68,1965089,741053,22358,554,28793,"",2.42,1.57,1.59,1.58,1.55,1.01,1.01,"N",-1,-10.0,0,0,0,0,0,0,0,0,0,0,0,0
"C2254","5","441221","48","0","2008","A","N","Fond du Lac, WI MSA","Private","Motorcycle, atv, personal watercraft dealers","MSA, NAICS 6-digit -- by ownership sector","All establishment sizes",3,0,0,0,0,0,0,"N",1.86,0,0,0,0,0,0,"N",0,0.0,0,0,0,0,0,0,0,0,0,0,0,0
"C2254","5","441222","48","0","2008","A","","Fond du Lac, WI MSA","Private","Boat dealers","MSA, NAICS 6-digit -- by ownership sector","All establishment sizes",3,9,242813,99415,6677,500,26016,"",2.02,0.65,0.62,0.69,1.36,0.92,0.92,"N",0,0.0,0,0,0,0,0,0,0,0,0,0,0,0
"C2254","5","441229","48","0","2008","A","N","Fond du Lac, WI MSA","Private","All other motor vehicle dealers","MSA, NAICS 6-digit -- by ownership sector","All establishment sizes",3,0,0,0,0,0,0,"N",4.80,0,0,0,0,0,0,"N",-1,-25.0,0,0,0,0,0,0,0,0,0,0,0,0
"C2254","5","4413","46","0","2008","A","","Fond du Lac, WI MSA","Private","Auto parts, accessories, and tire stores","MSA, NAICS 4-digit -- by ownership sector","All establishment sizes",16,122,3276844,1222937,16235,517,26896,"",1.10,0.73,0.82,0.73,0.45,1.13,1.13,"",-1,-5.9,-2,-1.6,174360,5.6,15662,1.3,-8255,-33.7,35,7.3,1809,7.2
"C2254","5","44131","47","0","2008","A","","Fond du Lac, WI MSA","Private","Automotive parts and accessories stores","MSA, NAICS 5-digit -- by ownership sector","All establishment sizes",9,76,1840327,732672,10366,465,24162,"",0.93,0.69,0.78,0.70,0.46,1.12,1.12,"",-1,-10.0,-1,-1.3,90003,5.1,6615,0.9,-4739,-31.4,29,6.7,1480,6.5
"C2254","5","441310","48","0","2008","A","","Fond du Lac, WI MSA","Private","Automotive parts and accessories stores","MSA, NAICS 6-digit -- by ownership sector","All establishment sizes",9,76,1840327,732672,10366,465,24162,"",0.93,0.69,0.78,0.70,0.46,1.12,1.12,"",-1,-10.0,-1,-1.3,90003,5.1,6615,0.9,-4739,-31.4,29,6.7,1480,6.5
"C2254","5","44132","47","0","2008","A","","Fond du Lac, WI MSA","Private","Tire dealers","MSA, NAICS 5-digit -- by ownership sector","All establishment sizes",7,46,1436517,490265,5869,605,31457,"",1.41,0.81,0.89,0.79,0.43,1.11,1.11,"",0,0.0,-1,-2.1,84357,6.2,9047,1.9,-3516,-37.5,46,8.2,2378,8.2
"C2254","5","441320","48","0","2008","A","","Fond du Lac, WI MSA","Private","Tire dealers","MSA, NAICS 6-digit -- by ownership sector","All establishment sizes",7,46,1436517,490265,5869,605,31457,"",1.41,0.81,0.89,0.79,0.43,1.11,1.11,"",0,0.0,-1,-2.1,84357,6.2,9047,1.9,-3516,-37.5,46,8.2,2378,8.2
"C2254","5","442","45","0","2008","A","","Fond du Lac, WI MSA","Private","Furniture and home furnishings stores","MSA, NAICS 3-digit -- by ownership sector","All establishment sizes",23,179,5423224,1809136,25426,583,30297,"",1.47,1.00,1.25,1.04,0.56,1.25,1.26,"",-1,-4.2,0,0.0,-19026,-0.3,20823,1.2,-139,-0.5,-1,-0.2,-50,-0.2
"C2254","5","4421","46","0","2008","A","","Fond du Lac, WI MSA","Private","Furniture stores","MSA, NAICS 4-digit -- by ownership sector","All establishment sizes",13,73,2395946,709281,9200,633,32934,"",1.85,0.83,1.04,0.77,0.38,1.25,1.25,"",0,0.0,-2,-2.7,128987,5.7,-31648,-4.3,20,0.2,50,8.6,2607,8.6
"C2254","5","44211","47","0","2008","A","","Fond du Lac, WI MSA","Private","Furniture stores","MSA, NAICS 5-digit -- by ownership sector","All establishment sizes",13,73,2395946,709281,9200,633,32934,"",1.85,0.83,1.04,0.77,0.38,1.25,1.25,"",0,0.0,-2,-2.7,128987,5.7,-31648,-4.3,20,0.2,50,8.6,2607,8.6
"C2254","5","442110","48","0","2008","A","","Fond du Lac, WI MSA","Private","Furniture stores","MSA, NAICS 6-digit -- by ownership sector","All establishment sizes",13,73,2395946,709281,9200,633,32934,"",1.85,0.83,1.04,0.77,0.38,1.25,1.25,"",0,0.0,-2,-2.7,128987,5.7,-31648,-4.3,20,0.2,50,8.6,2607,8.6
"C2254","5","4422","46","0","2008","A","","Fond du Lac, WI MSA","Private","Home furnishings stores","MSA, NAICS 4-digit -- by ownership sector","All establishment sizes",10,106,3027278,1099855,16226,548,28492,"",1.16,1.16,1.50,1.33,0.78,1.29,1.29,"",-2,-16.7,1,1.0,-148013,-4.7,52471,5.0,-159,-1.0,-36,-6.2,-1869,-6.2
"C2254","5","44221","47","0","2008","A","","Fond du Lac, WI MSA","Private","Floor covering stores","MSA, NAICS 5-digit -- by ownership sector","All establishment sizes",7,79,2735228,902329,14214,669,34770,"",1.90,2.66,2.88,2.79,1.65,1.08,1.08,"",-1,-12.5,4,5.3,-112759,-4.0,51454,6.0,1319,10.2,-65,-8.9,-3415,-8.9
"C2254","5","442210","48","0","2008","A","","Fond du Lac, WI MSA","Private","Floor covering stores","MSA, NAICS 6-digit -- by ownership sector","All establishment sizes",7,79,2735228,902329,14214,669,34770,"",1.90,2.66,2.88,2.79,1.65,1.08,1.08,"",-1,-12.5,4,5.3,-112759,-4.0,51454,6.0,1319,10.2,-65,-8.9,-3415,-8.9
"C2254","5","44229","47","0","2008","A","","Fond du Lac, WI MSA","Private","Other home furnishings stores","MSA, NAICS 5-digit -- by ownership sector","All establishment sizes",3,28,292050,197526,2012,204,10588,"",0.61,0.45,0.27,0.39,0.17,0.61,0.61,"",-1,-25.0,-2,-6.7,-35254,-10.8,1017,0.5,-1478,-42.3,-6,-2.9,-322,-3.0
"C2254","5","442299","48","0","2008","A","","Fond du Lac, WI MSA","Private","All other home furnishings stores","MSA, NAICS 6-digit -- by ownership sector","All establishment sizes",3,28,292050,197526,2012,204,10588,"",0.73,0.49,0.30,0.43,0.18,0.63,0.63,"",-1,-25.0,-2,-6.7,-35254,-10.8,1017,0.5,-1478,-42.3,-6,-2.9,-322,-3.0
"C2254","5","443","45","0","2008","A","","Fond du Lac, WI MSA","Private","Electronics and appliance stores","MSA, NAICS 3-digit -- by ownership sector","All establishment sizes",18,199,4400703,1791478,27426,425,22096,"",1.27,1.05,0.76,0.98,0.52,0.72,0.72,"",-1,-5.3,-2,-1.0,289468,7.0,3590,0.2,-2332,-7.8,32,8.1,1651,8.1
"C2254","5","4431","46","0","2008","A","","Fond du Lac, WI MSA","Private","Electronics and appliance stores","MSA, NAICS 4-digit -- by ownership sector","All establishment sizes",18,199,4400703,1791478,27426,425,22096,"",1.27,1.05,0.76,0.98,0.52,0.72,0.72,"",-1,-5.3,-2,-1.0,289468,7.0,3590,0.2,-2332,-7.8,32,8.1,1651,8.1
"C2254","5","44311","47","0","2008","A","","Fond du Lac, WI MSA","Private","Appliance, tv, and other electronics stores","MSA, NAICS 5-digit -- by ownership sector","All establishment sizes",14,190,4319585,1722399,26221,438,22775,"",1.43,1.38,1.29,1.30,0.70,0.93,0.94,"N",0,0.0,0,0,0,0,0,0,0,0,0,0,0,0
"C2254","5","443111","48","0","2008","A","","Fond du Lac, WI MSA","Private","Household appliance stores","MSA, NAICS 6-digit -- by ownership sector","All establishment sizes",5,11,291890,114580,1119,522,27153,"",2.22,0.47,0.48,0.48,0.20,1.05,1.05,"N",-1,-16.7,0,0,0,0,0,0,0,0,0,0,0,0
"C2254","5","443112","48","0","2008","A","","Fond du Lac, WI MSA","Private","Radio, tv, and other electronics stores","MSA, NAICS 6-digit -- by ownership sector","All establishment sizes",9,179,4027695,1607819,25102,433,22512,"",1.19,1.56,1.46,1.48,0.79,0.94,0.94,"",1,12.5,59,49.2,1773313,78.7,578748,56.2,5228,26.3,70,19.3,3647,19.3
"C2254","5","44312","47","0","2008","A","","Fond du Lac, WI MSA","Private","Computer and software stores","MSA, NAICS 5-digit -- by ownership sector","All establishment sizes",4,10,81118,69079,1205,164,8539,"",1.04,0.22,0.04,0.15,0.08,0.17,0.17,"N",0,0.0,0,0,0,0,0,0,0,0,0,0,0,0
"C2254","5","443120","48","0","2008","A","","Fond du Lac, WI MSA","Private","Computer and software stores","MSA, NAICS 6-digit -- by ownership sector","All establishment sizes",4,10,81118,69079,1205,164,8539,"",1.04,0.22,0.04,0.15,0.08,0.17,0.17,"N",0,0.0,0,0,0,0,0,0,0,0,0,0,0,0
"C2254","5","444","45","0","2008","A","","Fond du Lac, WI MSA","Private","Building material and garden supply stores","MSA, NAICS 3-digit -- by ownership sector","All establishment sizes",22,446,13572244,4580061,86846,585,30403,"",1.06,1.05,1.32,1.08,0.81,1.25,1.26,"",-1,-4.3,-40,-8.2,-763290,-5.3,-434801,-8.7,-5655,-6.1,18,3.2,901,3.1
"C2254","5","4441","46","0","2008","A","","Fond du Lac, WI MSA","Private","Building material and supplies dealers","MSA, NAICS 4-digit -- by ownership sector","All establishment sizes",15,402,10933226,4071031,69086,523,27197,"",0.92,1.07,1.18,1.08,0.75,1.11,1.11,"",0,0.0,-35,-8.0,-327165,-2.9,-361395,-8.2,-4884,-6.6,27,5.4,1400,5.4
"C2254","5","44411","47","0","2008","A","N","Fond du Lac, WI MSA","Private","Home centers","MSA, NAICS 5-digit -- by ownership sector","All establishment sizes",2,0,0,0,0,0,0,"N",0.66,0,0,0,0,0,0,"N",0,0.0,0,0,0,0,0,0,0,0,0,0,0,0
"C2254","5","444110","48","0","2008","A","N","Fond du Lac, WI MSA","Private","Home centers","MSA, NAICS 6-digit -- by ownership sector","All establishment sizes",2,0,0,0,0,0,0,"N",0.66,0,0,0,0,0,0,"N",0,0.0,0,0,0,0,0,0,0,0,0,0,0,0
"C2254","5","44412","47","0","2008","A","N","Fond du Lac, WI MSA","Private","Paint and wallpaper stores","MSA, NAICS 5-digit -- by ownership sector","All establishment sizes",1,0,0,0,0,0,0,"N",0.58,0,0,0,0,0,0,"N",0,0.0,0,0,0,0,0,0,0,0,0,0,0,0
"C2254","5","444120","48","0","2008","A","N","Fond du Lac, WI MSA","Private","Paint and wallpaper stores","MSA, NAICS 6-digit -- by ownership sector","All establishment sizes",1,0,0,0,0,0,0,"N",0.58,0,0,0,0,0,0,"N",0,0.0,0,0,0,0,0,0,0,0,0,0,0,0
"C2254","5","44413","47","0","2008","A","","Fond du Lac, WI MSA","Private","Hardware stores","MSA, NAICS 5-digit -- by ownership sector","All establishment sizes",4,83,1220276,739328,8976,283,14732,"",0.95,1.56,1.15,1.54,0.94,0.74,0.74,"",0,0.0,2,2.5,-102544,-7.8,-10665,-1.4,-1658,-15.6,-29,-9.3,-1516,-9.3
"C2254","5","444130","48","0","2008","A","","Fond du Lac, WI MSA","Private","Hardware stores","MSA, NAICS 6-digit -- by ownership sector","All establishment sizes",4,83,1220276,739328,8976,283,14732,"",0.95,1.56,1.15,1.54,0.94,0.74,0.74,"",0,0.0,2,2.5,-102544,-7.8,-10665,-1.4,-1658,-15.6,-29,-9.3,-1516,-9.3
"C2254","5","44419","47","0","2008","A","","Fond du Lac, WI MSA","Private","Other building material dealers","MSA, NAICS 5-digit -- by ownership sector","All establishment sizes",8,115,4948286,1283685,29492,830,43154,"",1.10,1.28,1.62,1.31,1.09,1.26,1.27,"",0,0.0,2,1.8,432788,9.6,15901,1.3,5389,22.4,62,8.1,3194,8.0
"C2254","5","444190","48","0","2008","A","","Fond du Lac, WI MSA","Private","Other building material dealers","MSA, NAICS 6-digit -- by ownership sector","All establishment sizes",8,115,4948286,1283685,29492,830,43154,"",1.10,1.28,1.62,1.31,1.09,1.26,1.27,"",0,0.0,2,1.8,432788,9.6,15901,1.3,5389,22.4,62,8.1,3194,8.0
"C2254","5","4442","46","0","2008","A","","Fond du Lac, WI MSA","Private","Lawn and garden equipment and supplies stores","MSA, NAICS 4-digit -- by ownership sector","All establishment sizes",7,44,2639018,509030,17760,1143,59415,"",1.57,0.93,2.56,1.09,1.18,2.73,2.73,"",-1,-12.5,-5,-10.2,-436125,-14.2,-73406,-12.6,-771,-4.2,-54,-4.5,-2814,-4.5
"C2254","5","44421","47","0","2008","A","","Fond du Lac, WI MSA","Private","Outdoor power equipment stores","MSA, NAICS 5-digit -- by ownership sector","All establishment sizes",3,31,2395868,352260,15322,1474,76668,"",2.39,2.96,9.01,3.39,5.89,3.02,3.02,"",0,0.0,4,14.8,-84417,-3.4,39366,12.6,4266,38.6,-287,-16.3,-14912,-16.3
"C2254","5","444210","48","0","2008","A","","Fond du Lac, WI MSA","Private","Outdoor power equipment stores","MSA, NAICS 6-digit -- by ownership sector","All establishment sizes",3,31,2395868,352260,15322,1474,76668,"",2.39,2.96,9.01,3.39,5.89,3.02,3.02,"",0,0.0,4,14.8,-84417,-3.4,39366,12.6,4266,38.6,-287,-16.3,-14912,-16.3
"C2254","5","44422","47","0","2008","A","","Fond du Lac, WI MSA","Private","Nursery, garden, and farm supply stores","MSA, NAICS 5-digit -- by ownership sector","All establishment sizes",4,13,243150,156770,2438,355,18467,"",1.25,0.35,0.32,0.43,0.20,0.89,0.89,"",-1,-20.0,-9,-40.9,-351708,-59.1,-112772,-41.8,-5037,-67.4,-157,-30.7,-8168,-30.7
"C2254","5","444220","48","0","2008","A","","Fond du Lac, WI MSA","Private","Nursery, garden, and farm supply stores","MSA, NAICS 6-digit -- by ownership sector","All establishment sizes",4,13,243150,156770,2438,355,18467,"",1.25,0.35,0.32,0.43,0.20,0.89,0.89,"",-1,-20.0,-9,-40.9,-351708,-59.1,-112772,-41.8,-5037,-67.4,-157,-30.7,-8168,-30.7
"C2254","5","445","45","0","2008","A","","Fond du Lac, WI MSA","Private","Food and beverage stores","MSA, NAICS 3-digit -- by ownership sector","All establishment sizes",30,1024,15903565,9089456,161403,299,15538,"",0.81,1.05,0.94,1.11,1.06,0.89,0.89,"",0,0.0,29,2.9,683359,4.5,58841,0.7,-23157,-12.5,5,1.7,239,1.6
"C2254","5","4451","46","0","2008","A","","Fond du Lac, WI MSA","Private","Grocery stores","MSA, NAICS 4-digit -- by ownership sector","All establishment sizes",13,892,13736115,7983312,148989,296,15401,"",0.57,1.05,0.93,1.12,1.20,0.89,0.89,"",-1,-7.1,4,0.5,488708,3.7,-65400,-0.8,-27282,-15.5,9,3.1,484,3.2
"C2254","5","44511","47","0","2008","A","","Fond du Lac, WI MSA","Private","Supermarkets and other grocery stores","MSA, NAICS 5-digit -- by ownership sector","All establishment sizes",13,892,13736115,7983312,148989,296,15401,"",0.82,1.11,0.98,1.19,1.30,0.88,0.88,"",-1,-7.1,4,0.5,488708,3.7,-65400,-0.8,-27282,-15.5,9,3.1,484,3.2
"C2254","5","445110","48","0","2008","A","","Fond du Lac, WI MSA","Private","Supermarkets and other grocery stores","MSA, NAICS 6-digit -- by ownership sector","All establishment sizes",13,892,13736115,7983312,148989,296,15401,"",0.82,1.11,0.98,1.19,1.30,0.88,0.88,"",-1,-7.1,4,0.5,488708,3.7,-65400,-0.8,-27282,-15.5,9,3.1,484,3.2
"C2254","5","4452","46","0","2008","A","","Fond du Lac, WI MSA","Private","Specialty food stores","MSA, NAICS 4-digit -- by ownership sector","All establishment sizes",11,102,1895916,919827,11253,357,18587,"",1.51,1.33,1.34,1.40,0.63,1.01,1.01,"",1,10.0,19,22.9,128931,7.3,86158,10.3,3972,54.6,-54,-13.1,-2809,-13.1
"C2254","5","44521","47","0","2008","A","","Fond du Lac, WI MSA","Private","Meat markets","MSA, NAICS 5-digit -- by ownership sector","All establishment sizes",5,68,1637111,722738,6320,465,24194,"",3.01,4.09,5.65,5.04,1.94,1.39,1.39,"",-1,-16.7,-1,-1.4,15405,0.9,-6067,-0.8,1604,34.0,10,2.2,548,2.3
"C2254","5","445210","48","0","2008","A","","Fond du Lac, WI MSA","Private","Meat markets","MSA, NAICS 6-digit -- by ownership sector","All establishment sizes",5,68,1637111,722738,6320,465,24194,"",3.01,4.09,5.65,5.04,1.94,1.39,1.39,"",-1,-16.7,-1,-1.4,15405,0.9,-6067,-0.8,1604,34.0,10,2.2,548,2.3
"C2254","5","44529","47","0","2008","A","","Fond du Lac, WI MSA","Private","Other specialty food stores","MSA, NAICS 5-digit -- by ownership sector","All establishment sizes",6,34,258805,197089,4933,145,7538,"",1.49,0.80,0.34,0.56,0.51,0.42,0.42,"",2,50.0,20,142.9,113526,78.1,92225,87.9,2368,92.3,-55,-27.5,-2839,-27.4
"C2254","5","445291","48","0","2008","A","N","Fond du Lac, WI MSA","Private","Baked goods stores","MSA, NAICS 6-digit -- by ownership sector","All establishment sizes",1,0,0,0,0,0,0,"N",1.18,0,0,0,0,0,0,"N",1,100.0,0,0,0,0,0,0,0,0,0,0,0,0
"C2254","5","445299","48","0","2008","A","N","Fond du Lac, WI MSA","Private","All other specialty food stores","MSA, NAICS 6-digit -- by ownership sector","All establishment sizes",5,0,0,0,0,0,0,"N",2.09,0,0,0,0,0,0,"N",1,25.0,0,0,0,0,0,0,0,0,0,0,0,0
"C2254","5","4453","46","0","2008","A","","Fond du Lac, WI MSA","Private","Beer, wine, and liquor stores","MSA, NAICS 4-digit -- by ownership sector","All establishment sizes",6,30,271534,186317,1161,177,9179,"",0.84,0.63,0.33,0.46,0.12,0.52,0.52,"",0,0.0,6,25.0,65720,31.9,38083,25.7,153,15.2,13,7.9,663,7.8
"C2254","5","44531","47","0","2008","A","","Fond du Lac, WI MSA","Private","Beer, wine, and liquor stores","MSA, NAICS 5-digit -- by ownership sector","All establishment sizes",6,30,271534,186317,1161,177,9179,"",0.84,0.63,0.33,0.46,0.12,0.52,0.52,"",0,0.0,6,25.0,65720,31.9,38083,25.7,153,15.2,13,7.9,663,7.8
"C2254","5","445310","48","0","2008","A","","Fond du Lac, WI MSA","Private","Beer, wine, and liquor stores","MSA, NAICS 6-digit -- by ownership sector","All establishment sizes",6,30,271534,186317,1161,177,9179,"",0.84,0.63,0.33,0.46,0.12,0.52,0.52,"",0,0.0,6,25.0,65720,31.9,38083,25.7,153,15.2,13,7.9,663,7.8
"C2254","5","446","45","0","2008","A","","Fond du Lac, WI MSA","Private","Health and personal care stores","MSA, NAICS 3-digit -- by ownership sector","All establishment sizes",26,309,10465111,2401057,27100,652,33895,"",1.06,0.90,1.17,0.79,0.42,1.29,1.30,"",3,13.0,18,6.2,1404456,15.5,86231,3.7,-3529,-11.5,53,8.8,2741,8.8
"C2254","5","4461","46","0","2008","A","","Fond du Lac, WI MSA","Private","Health and personal care stores","MSA, NAICS 4-digit -- by ownership sector","All establishment sizes",26,309,10465111,2401057,27100,652,33895,"",1.06,0.90,1.17,0.79,0.42,1.29,1.30,"",3,13.0,18,6.2,1404456,15.5,86231,3.7,-3529,-11.5,53,8.8,2741,8.8
"C2254","5","44611","47","0","2008","A","","Fond du Lac, WI MSA","Private","Pharmacies and drug stores","MSA, NAICS 5-digit -- by ownership sector","All establishment sizes",19,259,9361035,2020952,21948,696,36166,"",1.41,1.03,1.38,0.91,0.51,1.34,1.34,"",4,26.7,21,8.8,1250829,15.4,127994,6.8,-3066,-12.3,41,6.3,2113,6.2
"C2254","5","446110","48","0","2008","A","","Fond du Lac, WI MSA","Private","Pharmacies and drug stores","MSA, NAICS 6-digit -- by ownership sector","All establishment sizes",19,259,9361035,2020952,21948,696,36166,"",1.41,1.03,1.38,0.91,0.51,1.34,1.34,"",4,26.7,21,8.8,1250829,15.4,127994,6.8,-3066,-12.3,41,6.3,2113,6.2
"C2254","5","44612","47","0","2008","A","N","Fond du Lac, WI MSA","Private","Cosmetic and beauty supply stores","MSA, NAICS 5-digit -- by ownership sector","All establishment sizes",1,0,0,0,0,0,0,"N",0.29,0,0,0,0,0,0,"N",0,0.0,0,0,0,0,0,0,0,0,0,0,0,0
"C2254","5","446120","48","0","2008","A","N","Fond du Lac, WI MSA","Private","Cosmetic and beauty supply stores","MSA, NAICS 6-digit -- by ownership sector","All establishment sizes",1,0,0,0,0,0,0,"N",0.29,0,0,0,0,0,0,"N",0,0.0,0,0,0,0,0,0,0,0,0,0,0,0
"C2254","5","44613","47","0","2008","A","N","Fond du Lac, WI MSA","Private","Optical goods stores","MSA, NAICS 5-digit -- by ownership sector","All establishment sizes",3,0,0,0,0,0,0,"N",0.97,0,0,0,0,0,0,"N",1,50.0,0,0,0,0,0,0,0,0,0,0,0,0
"C2254","5","446130","48","0","2008","A","N","Fond du Lac, WI MSA","Private","Optical goods stores","MSA, NAICS 6-digit -- by ownership sector","All establishment sizes",3,0,0,0,0,0,0,"N",0.97,0,0,0,0,0,0,"N",1,50.0,0,0,0,0,0,0,0,0,0,0,0,0
"C2254","5","44619","47","0","2008","A","","Fond du Lac, WI MSA","Private","Other health and personal care stores","MSA, NAICS 5-digit -- by ownership sector","All establishment sizes",4,20,507742,189625,2624,499,25927,"",0.88,0.60,0.52,0.58,0.29,0.89,0.89,"",-1,-20.0,-8,-28.6,-75774,-13.0,-81006,-29.9,-326,-11.1,92,22.6,4772,22.6
"C2254","5","446191","48","0","2008","A","N","Fond du Lac, WI MSA","Private","Food, health, supplement stores","MSA, NAICS 6-digit -- by ownership sector","All establishment sizes",1,0,0,0,0,0,0,"N",0.46,0,0,0,0,0,0,"N",-1,-50.0,0,0,0,0,0,0,0,0,0,0,0,0
"C2254","5","446199","48","0","2008","A","N","Fond du Lac, WI MSA","Private","All other health and personal care stores","MSA, NAICS 6-digit -- by ownership sector","All establishment sizes",2,0,0,0,0,0,0,"N",0.85,0,0,0,0,0,0,"N",-1,-33.3,0,0,0,0,0,0,0,0,0,0,0,0
"C2254","5","447","45","0","2008","A","","Fond du Lac, WI MSA","Private","Gasoline stations","MSA, NAICS 3-digit -- by ownership sector","All establishment sizes",45,533,7290729,4133937,51030,263,13668,"",1.60,1.85,1.75,1.70,0.99,0.94,0.94,"",-1,-2.2,-37,-6.5,50237,0.7,-117760,-2.8,-7176,-12.3,19,7.8,967,7.6
"C2254","5","4471","46","0","2008","A","","Fond du Lac, WI MSA","Private","Gasoline stations","MSA, NAICS 4-digit -- by ownership sector","All establishment sizes",45,533,7290729,4133937,51030,263,13668,"",1.60,1.85,1.75,1.70,0.99,0.94,0.94,"",-1,-2.2,-37,-6.5,50237,0.7,-117760,-2.8,-7176,-12.3,19,7.8,967,7.6
"C2254","5","44711","47","0","2008","A","","Fond du Lac, WI MSA","Private","Gasoline stations with convenience stores","MSA, NAICS 5-digit -- by ownership sector","All establishment sizes",45,533,7290729,4133937,51030,263,13668,"",1.85,2.12,2.06,1.98,1.16,0.97,0.97,"",-1,-2.2,-37,-6.5,50237,0.7,-117760,-2.8,-7176,-12.3,19,7.8,967,7.6
"C2254","5","447110","48","0","2008","A","","Fond du Lac, WI MSA","Private","Gasoline stations with convenience stores","MSA, NAICS 6-digit -- by ownership sector","All establishment sizes",45,533,7290729,4133937,51030,263,13668,"",1.85,2.12,2.06,1.98,1.16,0.97,0.97,"",-1,-2.2,-37,-6.5,50237,0.7,-117760,-2.8,-7176,-12.3,19,7.8,967,7.6
"C2254","5","448","45","0","2008","A","","Fond du Lac, WI MSA","Private","Clothing and clothing accessories stores","MSA, NAICS 3-digit -- by ownership sector","All establishment sizes",31,311,3953725,2144252,35315,245,12723,"",0.86,0.62,0.52,0.57,0.38,0.84,0.84,"",4,14.8,50,19.2,337978,9.3,256570,13.6,7654,27.7,-22,-8.2,-1139,-8.2
"C2254","5","4481","46","0","2008","A","","Fond du Lac, WI MSA","Private","Clothing stores","MSA, NAICS 4-digit -- by ownership sector","All establishment sizes",18,223,2298108,1432990,28246,199,10325,"",0.79,0.58,0.43,0.52,0.42,0.75,0.75,"",5,38.5,55,32.7,468610,25.6,289728,25.3,8659,44.2,-10,-4.8,-543,-5.0
"C2254","5","44812","47","0","2008","A","","Fond du Lac, WI MSA","Private","Women's clothing stores","MSA, NAICS 5-digit -- by ownership sector","All establishment sizes",10,87,915449,569650,13263,202,10512,"",1.38,0.88,0.67,0.80,0.74,0.76,0.76,"",2,25.0,22,33.8,177987,24.1,120242,26.8,2911,28.1,-17,-7.8,-892,-7.8
"C2254","5","448120","48","0","2008","A","","Fond du Lac, WI MSA","Private","Women's clothing stores","MSA, NAICS 6-digit -- by ownership sector","All establishment sizes",10,87,915449,569650,13263,202,10512,"",1.38,0.88,0.67,0.80,0.74,0.76,0.76,"",2,25.0,22,33.8,177987,24.1,120242,26.8,2911,28.1,-17,-7.8,-892,-7.8
"C2254","5","44814","47","0","2008","A","","Fond du Lac, WI MSA","Private","Family clothing stores","MSA, NAICS 5-digit -- by ownership sector","All establishment sizes",6,103,1019704,612491,8595,190,9876,"",0.94,0.57,0.44,0.49,0.30,0.77,0.77,"N",4,200.0,0,0,0,0,0,0,0,0,0,0,0,0
"C2254","5","448140","48","0","2008","A","","Fond du Lac, WI MSA","Private","Family clothing stores","MSA, NAICS 6-digit -- by ownership sector","All establishment sizes",6,103,1019704,612491,8595,190,9876,"",0.94,0.57,0.44,0.49,0.30,0.77,0.77,"N",4,200.0,0,0,0,0,0,0,0,0,0,0,0,0
"C2254","5","44815","47","0","2008","A","N","Fond du Lac, WI MSA","Private","Clothing accessories stores","MSA, NAICS 5-digit -- by ownership sector","All establishment sizes",2,0,0,0,0,0,0,"N",0.94,0,0,0,0,0,0,"N",1,100.0,0,0,0,0,0,0,0,0,0,0,0,0
"C2254","5","448150","48","0","2008","A","N","Fond du Lac, WI MSA","Private","Clothing accessories stores","MSA, NAICS 6-digit -- by ownership sector","All establishment sizes",2,0,0,0,0,0,0,"N",0.94,0,0,0,0,0,0,"N",1,100.0,0,0,0,0,0,0,0,0,0,0,0,0
"C2254","5","44819","47","0","2008","A","N","Fond du Lac, WI MSA","Private","Other clothing stores","MSA, NAICS 5-digit -- by ownership sector","All establishment sizes",1,0,0,0,0,0,0,"N",0.27,0,0,0,0,0,0,"N",0,0.0,0,0,0,0,0,0,0,0,0,0,0,0
"C2254","5","448190","48","0","2008","A","N","Fond du Lac, WI MSA","Private","Other clothing stores","MSA, NAICS 6-digit -- by ownership sector","All establishment sizes",1,0,0,0,0,0,0,"N",0.27,0,0,0,0,0,0,"N",0,0.0,0,0,0,0,0,0,0,0,0,0,0,0
"C2254","5","4482","46","0","2008","A","","Fond du Lac, WI MSA","Private","Shoe stores","MSA, NAICS 4-digit -- by ownership sector","All establishment sizes",6,40,606149,318304,3583,289,15028,"",0.97,0.62,0.63,0.66,0.30,1.01,1.01,"",0,0.0,-1,-2.4,32862,5.7,10431,3.4,-799,-18.2,22,8.2,1158,8.3
"C2254","5","44821","47","0","2008","A","","Fond du Lac, WI MSA","Private","Shoe stores","MSA, NAICS 5-digit -- by ownership sector","All establishment sizes",6,40,606149,318304,3583,289,15028,"",0.97,0.62,0.63,0.66,0.30,1.01,1.01,"",0,0.0,-1,-2.4,32862,5.7,10431,3.4,-799,-18.2,22,8.2,1158,8.3
"C2254","5","448210","48","0","2008","A","","Fond du Lac, WI MSA","Private","Shoe stores","MSA, NAICS 6-digit -- by ownership sector","All establishment sizes",6,40,606149,318304,3583,289,15028,"",0.97,0.62,0.63,0.66,0.30,1.01,1.01,"",0,0.0,-1,-2.4,32862,5.7,10431,3.4,-799,-18.2,22,8.2,1158,8.3
"C2254","5","4483","46","0","2008","A","","Fond du Lac, WI MSA","Private","Jewelry, luggage, and leather goods stores","MSA, NAICS 4-digit -- by ownership sector","All establishment sizes",7,48,1049468,392958,3486,422,21940,"",0.98,0.90,0.81,0.79,0.27,0.90,0.90,"",-1,-12.5,-3,-5.9,-163494,-13.5,-43589,-10.0,-206,-5.6,-34,-7.5,-1766,-7.4
"C2254","5","44831","47","0","2008","A","","Fond du Lac, WI MSA","Private","Jewelry stores","MSA, NAICS 5-digit -- by ownership sector","All establishment sizes",7,48,1049468,392958,3486,422,21940,"",1.04,1.00,0.89,0.87,0.31,0.90,0.90,"",-1,-12.5,-3,-5.9,-163494,-13.5,-43589,-10.0,-206,-5.6,-34,-7.5,-1766,-7.4
"C2254","5","448310","48","0","2008","A","","Fond du Lac, WI MSA","Private","Jewelry stores","MSA, NAICS 6-digit -- by ownership sector","All establishment sizes",7,48,1049468,392958,3486,422,21940,"",1.04,1.00,0.89,0.87,0.31,0.90,0.90,"",-1,-12.5,-3,-5.9,-163494,-13.5,-43589,-10.0,-206,-5.6,-34,-7.5,-1766,-7.4
"C2254","5","451","45","0","2008","A","","Fond du Lac, WI MSA","Private","Sporting goods, hobby, book and music stores","MSA, NAICS 3-digit -- by ownership sector","All establishment sizes",26,178,2033941,1265128,19522,219,11405,"",1.64,0.81,0.63,0.74,0.52,0.78,0.78,"",-2,-7.1,-4,-2.2,32338,1.6,-12959,-1.0,-606,-3.0,7,3.3,382,3.5
"C2254","5","4511","46","0","2008","A","","Fond du Lac, WI MSA","Private","Sporting goods and musical instrument stores","MSA, NAICS 4-digit -- by ownership sector","All establishment sizes",18,117,1352836,858767,17681,222,11538,"",1.54,0.72,0.57,0.67,0.62,0.78,0.78,"",-1,-5.3,-6,-4.9,-7813,-0.6,-33158,-3.7,75,0.4,8,3.7,431,3.9
"C2254","5","45111","47","0","2008","A","","Fond du Lac, WI MSA","Private","Sporting goods stores","MSA, NAICS 5-digit -- by ownership sector","All establishment sizes",11,86,944527,626261,15885,211,10994,"",1.74,1.01,0.70,0.88,1.00,0.70,0.70,"",-1,-8.3,-3,-3.4,-2651,-0.3,-41213,-6.2,401,2.6,7,3.4,401,3.8
"C2254","5","451110","48","0","2008","A","","Fond du Lac, WI MSA","Private","Sporting goods stores","MSA, NAICS 6-digit -- by ownership sector","All establishment sizes",11,86,944527,626261,15885,211,10994,"",1.74,1.01,0.70,0.88,1.00,0.70,0.70,"",-1,-8.3,-3,-3.4,-2651,-0.3,-41213,-6.2,401,2.6,7,3.4,401,3.8
"C2254","5","45112","47","0","2008","A","","Fond du Lac, WI MSA","Private","Hobby, toy, and game stores","MSA, NAICS 5-digit -- by ownership sector","All establishment sizes",4,21,261912,159270,1538,241,12522,"",1.41,0.43,0.45,0.46,0.19,1.04,1.04,"",0,0.0,1,5.0,8204,3.2,14892,10.3,-175,-10.2,-6,-2.4,-324,-2.5
"C2254","5","451120","48","0","2008","A","","Fond du Lac, WI MSA","Private","Hobby, toy, and game stores","MSA, NAICS 6-digit -- by ownership sector","All establishment sizes",4,21,261912,159270,1538,241,12522,"",1.41,0.43,0.45,0.46,0.19,1.04,1.04,"",0,0.0,1,5.0,8204,3.2,14892,10.3,-175,-10.2,-6,-2.4,-324,-2.5
"C2254","5","45113","47","0","2008","A","N","Fond du Lac, WI MSA","Private","Sewing, needlework, and piece goods stores","MSA, NAICS 5-digit -- by ownership sector","All establishment sizes",2,0,0,0,0,0,0,"N",1.40,0,0,0,0,0,0,"N",0,0.0,0,0,0,0,0,0,0,0,0,0,0,0
"C2254","5","451130","48","0","2008","A","N","Fond du Lac, WI MSA","Private","Sewing, needlework, and piece goods stores","MSA, NAICS 6-digit -- by ownership sector","All establishment sizes",2,0,0,0,0,0,0,"N",1.40,0,0,0,0,0,0,"N",0,0.0,0,0,0,0,0,0,0,0,0,0,0,0
"C2254","5","45114","47","0","2008","A","N","Fond du Lac, WI MSA","Private","Musical instrument and supplies stores","MSA, NAICS 5-digit -- by ownership sector","All establishment sizes",1,0,0,0,0,0,0,"N",0.89,0,0,0,0,0,0,"N",0,0.0,0,0,0,0,0,0,0,0,0,0,0,0
"C2254","5","451140","48","0","2008","A","N","Fond du Lac, WI MSA","Private","Musical instrument and supplies stores","MSA, NAICS 6-digit -- by ownership sector","All establishment sizes",1,0,0,0,0,0,0,"N",0.89,0,0,0,0,0,0,"N",0,0.0,0,0,0,0,0,0,0,0,0,0,0,0
"C2254","5","4512","46","0","2008","A","","Fond du Lac, WI MSA","Private","Book, periodical, and music stores","MSA, NAICS 4-digit -- by ownership sector","All establishment sizes",8,61,681105,406361,1841,214,11150,"",1.94,1.04,0.82,0.92,0.20,0.78,0.78,"",-1,-11.1,2,3.4,40151,6.3,20199,5.2,-681,-27.0,5,2.4,302,2.8
"C2254","5","45121","47","0","2008","A","N","Fond du Lac, WI MSA","Private","Book stores and news dealers","MSA, NAICS 5-digit -- by ownership sector","All establishment sizes",7,0,0,0,0,0,0,"N",2.32,0,0,0,0,0,0,"N",0,0.0,0,0,0,0,0,0,0,0,0,0,0,0
"C2254","5","451211","48","0","2008","A","N","Fond du Lac, WI MSA","Private","Book stores","MSA, NAICS 6-digit -- by ownership sector","All establishment sizes",7,0,0,0,0,0,0,"N",2.65,0,0,0,0,0,0,"N",0,0.0,0,0,0,0,0,0,0,0,0,0,0,0
"C2254","5","45122","47","0","2008","A","N","Fond du Lac, WI MSA","Private","Precorded tape, cd, and record stores","MSA, NAICS 5-digit -- by ownership sector","All establishment sizes",1,0,0,0,0,0,0,"N",0.90,0,0,0,0,0,0,"N",-1,-50.0,0,0,0,0,0,0,0,0,0,0,0,0
"C2254","5","451220","48","0","2008","A","N","Fond du Lac, WI MSA","Private","Precorded tape, cd, and record stores","MSA, NAICS 6-digit -- by ownership sector","All establishment sizes",1,0,0,0,0,0,0,"N",0.90,0,0,0,0,0,0,"N",-1,-50.0,0,0,0,0,0,0,0,0,0,0,0,0
"C2254","5","452","45","0","2008","A","","Fond du Lac, WI MSA","Private","General merchandise stores","MSA, NAICS 3-digit -- by ownership sector","All establishment sizes",19,1234,21582753,9967527,152757,336,17495,"",1.39,1.19,1.27,1.13,0.88,1.07,1.07,"",-2,-9.5,-81,-6.2,-193800,-0.9,-15930,-0.2,-9912,-6.1,18,5.7,938,5.7
"C2254","5","4521","46","0","2008","A","","Fond du Lac, WI MSA","Private","Department stores","MSA, NAICS 4-digit -- by ownership sector","All establishment sizes",8,1021,17733947,8187349,133034,334,17376,"",2.30,1.92,2.14,1.85,1.36,1.12,1.12,"",0,0.0,-77,-7.0,-125375,-0.7,88086,1.1,-5343,-3.9,21,6.7,1114,6.9
"C2254","5","45211","47","0","2008","A","","Fond du Lac, WI MSA","Private","Department stores","MSA, NAICS 5-digit -- by ownership sector","All establishment sizes",8,1021,17733947,8187349,133034,334,17376,"",2.30,1.92,2.14,1.85,1.36,1.12,1.12,"",0,0.0,-77,-7.0,-125375,-0.7,88086,1.1,-5343,-3.9,21,6.7,1114,6.9
"C2254","5","452111","48","0","2008","A","","Fond du Lac, WI MSA","Private","Department stores, except discount","MSA, NAICS 6-digit -- by ownership sector","All establishment sizes",3,191,2801827,1396253,16433,283,14708,"",2.26,0.93,0.85,0.82,0.46,0.91,0.91,"",0,0.0,-38,-16.6,26145,0.9,48435,3.6,2236,15.7,50,21.5,2600,21.5
"C2254","5","452112","48","0","2008","A","","Fond du Lac, WI MSA","Private","Discount department stores","MSA, NAICS 6-digit -- by ownership sector","All establishment sizes",5,830,14932120,6791096,116601,346,17989,"",2.33,2.54,3.00,2.48,1.87,1.18,1.18,"",0,0.0,-39,-4.5,-151520,-1.0,39651,0.6,-7579,-6.1,12,3.6,632,3.6
"C2254","5","4529","46","0","2008","A","","Fond du Lac, WI MSA","Private","Other general merchandise stores","MSA, NAICS 4-digit -- by ownership sector","All establishment sizes",11,213,3848806,1780178,19723,347,18062,"",1.08,0.42,0.44,0.40,0.26,1.05,1.05,"",-2,-15.4,-4,-1.8,-68425,-1.7,-104016,-5.5,-4569,-18.8,0,0.0,10,0.1
"C2254","5","45299","47","0","2008","A","","Fond du Lac, WI MSA","Private","All other general merchandise stores","MSA, NAICS 5-digit -- by ownership sector","All establishment sizes",11,213,3848806,1780178,19723,347,18062,"",1.22,1.91,2.57,2.03,0.94,1.34,1.34,"N",-1,-8.3,0,0,0,0,0,0,0,0,0,0,0,0
"C2254","5","452990","48","0","2008","A","","Fond du Lac, WI MSA","Private","All other general merchandise stores","MSA, NAICS 6-digit -- by ownership sector","All establishment sizes",11,213,3848806,1780178,19723,347,18062,"",1.22,1.91,2.57,2.03,0.94,1.34,1.34,"N",-1,-8.3,0,0,0,0,0,0,0,0,0,0,0,0
"C2254","5","453","45","0","2008","A","","Fond du Lac, WI MSA","Private","Miscellaneous store retailers","MSA, NAICS 3-digit -- by ownership sector","All establishment sizes",41,335,6464856,2501885,84525,371,19317,"",1.26,1.17,1.24,1.06,1.41,1.06,1.06,"",-4,-8.9,-12,-3.5,-287162,-4.3,-244592,-8.9,1978,2.4,-3,-0.8,-137,-0.7
"C2254","5","4531","46","0","2008","A","N","Fond du Lac, WI MSA","Private","Florists","MSA, NAICS 4-digit -- by ownership sector","All establishment sizes",9,0,0,0,0,0,0,"N",1.81,0,0,0,0,0,0,"N",0,0.0,0,0,0,0,0,0,0,0,0,0,0,0
"C2254","5","45311","47","0","2008","A","N","Fond du Lac, WI MSA","Private","Florists","MSA, NAICS 5-digit -- by ownership sector","All establishment sizes",9,0,0,0,0,0,0,"N",1.81,0,0,0,0,0,0,"N",0,0.0,0,0,0,0,0,0,0,0,0,0,0,0
"C2254","5","453110","48","0","2008","A","N","Fond du Lac, WI MSA","Private","Florists","MSA, NAICS 6-digit -- by ownership sector","All establishment sizes",9,0,0,0,0,0,0,"N",1.81,0,0,0,0,0,0,"N",0,0.0,0,0,0,0,0,0,0,0,0,0,0,0
"C2254","5","4532","46","0","2008","A","","Fond du Lac, WI MSA","Private","Office supplies, stationery, and gift stores","MSA, NAICS 4-digit -- by ownership sector","All establishment sizes",13,82,1067317,660806,9885,249,12950,"",1.20,0.69,0.50,0.68,0.40,0.71,0.72,"",-2,-13.3,-25,-23.4,-245589,-18.7,-216206,-24.7,-371,-3.6,14,6.0,718,5.9
"C2254","5","45321","47","0","2008","A","","Fond du Lac, WI MSA","Private","Office supplies and stationery stores","MSA, NAICS 5-digit -- by ownership sector","All establishment sizes",4,31,516820,282934,3995,317,16494,"",1.27,0.58,0.40,0.57,0.31,0.68,0.68,"",0,0.0,-1,-3.1,-22918,-4.2,4341,1.6,143,3.7,-13,-3.9,-641,-3.7
"C2254","5","453210","48","0","2008","A","","Fond du Lac, WI MSA","Private","Office supplies and stationery stores","MSA, NAICS 6-digit -- by ownership sector","All establishment sizes",4,31,516820,282934,3995,317,16494,"",1.27,0.58,0.40,0.57,0.31,0.68,0.68,"",0,0.0,-1,-3.1,-22918,-4.2,4341,1.6,143,3.7,-13,-3.9,-641,-3.7
"C2254","5","45322","47","0","2008","A","","Fond du Lac, WI MSA","Private","Gift, novelty, and souvenir stores","MSA, NAICS 5-digit -- by ownership sector","All establishment sizes",9,51,550497,377872,5890,207,10776,"",1.17,0.79,0.65,0.79,0.50,0.83,0.83,"",-2,-18.2,-25,-32.9,-222671,-28.8,-220547,-36.9,-514,-8.0,11,5.6,580,5.7
"C2254","5","453220","48","0","2008","A","","Fond du Lac, WI MSA","Private","Gift, novelty, and souvenir stores","MSA, NAICS 6-digit -- by ownership sector","All establishment sizes",9,51,550497,377872,5890,207,10776,"",1.17,0.79,0.65,0.79,0.50,0.83,0.83,"",-2,-18.2,-25,-32.9,-222671,-28.8,-220547,-36.9,-514,-8.0,11,5.6,580,5.7
"C2254","5","4533","46","0","2008","A","N","Fond du Lac, WI MSA","Private","Used merchandise stores","MSA, NAICS 4-digit -- by ownership sector","All establishment sizes",2,0,0,0,0,0,0,"N",0.47,0,0,0,0,0,0,"N",0,0.0,0,0,0,0,0,0,0,0,0,0,0,0
"C2254","5","45331","47","0","2008","A","N","Fond du Lac, WI MSA","Private","Used merchandise stores","MSA, NAICS 5-digit -- by ownership sector","All establishment sizes",2,0,0,0,0,0,0,"N",0.47,0,0,0,0,0,0,"N",0,0.0,0,0,0,0,0,0,0,0,0,0,0,0
"C2254","5","453310","48","0","2008","A","N","Fond du Lac, WI MSA","Private","Used merchandise stores","MSA, NAICS 6-digit -- by ownership sector","All establishment sizes",2,0,0,0,0,0,0,"N",0.47,0,0,0,0,0,0,"N",0,0.0,0,0,0,0,0,0,0,0,0,0,0,0
"C2254","5","4539","46","0","2008","A","","Fond du Lac, WI MSA","Private","Other miscellaneous store retailers","MSA, NAICS 4-digit -- by ownership sector","All establishment sizes",17,178,4410915,1246488,61960,476,24734,"",1.36,1.79,2.13,1.38,2.53,1.19,1.19,"",-2,-10.5,14,8.5,-4614,-0.1,20750,1.7,7929,14.7,-41,-7.9,-2163,-8.0
"C2254","5","45391","47","0","2008","A","N","Fond du Lac, WI MSA","Private","Pet and pet supplies stores","MSA, NAICS 5-digit -- by ownership sector","All establishment sizes",3,0,0,0,0,0,0,"N",1.29,0,0,0,0,0,0,"N",-1,-25.0,0,0,0,0,0,0,0,0,0,0,0,0
"C2254","5","453910","48","0","2008","A","N","Fond du Lac, WI MSA","Private","Pet and pet supplies stores","MSA, NAICS 6-digit -- by ownership sector","All establishment sizes",3,0,0,0,0,0,0,"N",1.29,0,0,0,0,0,0,"N",-1,-25.0,0,0,0,0,0,0,0,0,0,0,0,0
"C2254","5","45392","47","0","2008","A","N","Fond du Lac, WI MSA","Private","Art dealers","MSA, NAICS 5-digit -- by ownership sector","All establishment sizes",1,0,0,0,0,0,0,"N",0.57,0,0,0,0,0,0,"N",0,0.0,0,0,0,0,0,0,0,0,0,0,0,0
"C2254","5","453920","48","0","2008","A","N","Fond du Lac, WI MSA","Private","Art dealers","MSA, NAICS 6-digit -- by ownership sector","All establishment sizes",1,0,0,0,0,0,0,"N",0.57,0,0,0,0,0,0,"N",0,0.0,0,0,0,0,0,0,0,0,0,0,0,0
"C2254","5","45393","47","0","2008","A","","Fond du Lac, WI MSA","Private","Manufactured, mobile, home dealers","MSA, NAICS 5-digit -- by ownership sector","All establishment sizes",4,66,2178221,710622,52323,638,33171,"",4.20,9.88,10.68,9.78,21.45,1.09,1.09,"",-1,-20.0,-2,-2.9,-38153,-1.7,4920,0.7,10556,25.3,13,2.1,697,2.1
"C2254","5","453930","48","0","2008","A","","Fond du Lac, WI MSA","Private","Manufactured, mobile, home dealers","MSA, NAICS 6-digit -- by ownership sector","All establishment sizes",4,66,2178221,710622,52323,638,33171,"",4.20,9.88,10.68,9.78,21.45,1.09,1.09,"",-1,-20.0,-2,-2.9,-38153,-1.7,4920,0.7,10556,25.3,13,2.1,697,2.1
"C2254","5","45399","47","0","2008","A","","Fond du Lac, WI MSA","Private","All other miscellaneous store retailers","MSA, NAICS 5-digit -- by ownership sector","All establishment sizes",9,76,1712260,210173,3091,433,22530,"",1.21,1.49,1.56,0.45,0.23,1.05,1.05,"",0,0.0,23,43.4,44696,2.7,25271,13.7,-514,-14.3,-172,-28.4,-8933,-28.4
"C2254","5","453998","48","0","2008","A","","Fond du Lac, WI MSA","Private","Store retailers not specified elsewhere","MSA, NAICS 6-digit -- by ownership sector","All establishment sizes",9,76,1712260,210173,3091,433,22530,"",1.50,1.79,1.79,0.53,0.26,1.00,1.00,"",0,0.0,23,43.4,44696,2.7,25271,13.7,-514,-14.3,-172,-28.4,-8933,-28.4
"C2254","5","454","45","0","2008","A","","Fond du Lac, WI MSA","Private","Nonstore retailers","MSA, NAICS 3-digit -- by ownership sector","All establishment sizes",9,53,1590134,560257,15437,582,30240,"",0.91,0.36,0.32,0.34,0.29,0.89,0.89,"",0,0.0,7,15.2,148529,10.3,184514,49.1,9962,182.0,-26,-4.3,-1386,-4.4
"C2254","5","4541","46","0","2008","A","N","Fond du Lac, WI MSA","Private","Electronic shopping and mail-order houses","MSA, NAICS 4-digit -- by ownership sector","All establishment sizes",1,0,0,0,0,0,0,"N",0.25,0,0,0,0,0,0,"N",-1,-50.0,0,0,0,0,0,0,0,0,0,0,0,0
"C2254","5","45411","47","0","2008","A","N","Fond du Lac, WI MSA","Private","Electronic shopping and mail-order houses","MSA, NAICS 5-digit -- by ownership sector","All establishment sizes",1,0,0,0,0,0,0,"N",0.25,0,0,0,0,0,0,"N",-1,-50.0,0,0,0,0,0,0,0,0,0,0,0,0
"C2254","5","454111","48","0","2008","A","N","Fond du Lac, WI MSA","Private","Electronic shopping","MSA, NAICS 6-digit -- by ownership sector","All establishment sizes",0,0,0,0,0,0,0,"N",0.00,0,0,0,0,0,0,"N",0,0,0,0,0,0,0,0,0,0,0,0,0,0
"C2254","5","454112","48","0","2008","A","N","Fond du Lac, WI MSA","Private","Electronic auctions","MSA, NAICS 6-digit -- by ownership sector","All establishment sizes",1,0,0,0,0,0,0,"N",6.28,0,0,0,0,0,0,"N",0,0.0,0,0,0,0,0,0,0,0,0,0,0,0
"C2254","5","4542","46","0","2008","A","N","Fond du Lac, WI MSA","Private","Vending machine operators","MSA, NAICS 4-digit -- by ownership sector","All establishment sizes",2,0,0,0,0,0,0,"N",1.47,0,0,0,0,0,0,"N",0,0.0,0,0,0,0,0,0,0,0,0,0,0,0
"C2254","5","45421","47","0","2008","A","N","Fond du Lac, WI MSA","Private","Vending machine operators","MSA, NAICS 5-digit -- by ownership sector","All establishment sizes",2,0,0,0,0,0,0,"N",1.47,0,0,0,0,0,0,"N",0,0.0,0,0,0,0,0,0,0,0,0,0,0,0
"C2254","5","454210","48","0","2008","A","N","Fond du Lac, WI MSA","Private","Vending machine operators","MSA, NAICS 6-digit -- by ownership sector","All establishment sizes",2,0,0,0,0,0,0,"N",1.47,0,0,0,0,0,0,"N",0,0.0,0,0,0,0,0,0,0,0,0,0,0,0
"C2254","5","4543","46","0","2008","A","","Fond du Lac, WI MSA","Private","Direct selling establishments","MSA, NAICS 4-digit -- by ownership sector","All establishment sizes",6,26,620365,259255,3361,468,24328,"",1.31,0.55,0.39,0.48,0.18,0.73,0.73,"",1,20.0,2,8.3,40805,7.0,3325,1.3,-160,-4.5,10,2.2,510,2.1
"C2254","5","45431","47","0","2008","A","N","Fond du Lac, WI MSA","Private","Fuel dealers","MSA, NAICS 5-digit -- by ownership sector","All establishment sizes",5,0,0,0,0,0,0,"N",2.02,0,0,0,0,0,0,"N",0,0.0,0,0,0,0,0,0,0,0,0,0,0,0
"C2254","5","454311","48","0","2008","A","N","Fond du Lac, WI MSA","Private","Heating oil dealers","MSA, NAICS 6-digit -- by ownership sector","All establishment sizes",3,0,0,0,0,0,0,"N",2.72,0,0,0,0,0,0,"N",0,0.0,0,0,0,0,0,0,0,0,0,0,0,0
"C2254","5","454312","48","0","2008","A","N","Fond du Lac, WI MSA","Private","Liquefied petroleum gas, bottled gas, dealers","MSA, NAICS 6-digit -- by ownership sector","All establishment sizes",2,0,0,0,0,0,0,"N",1.55,0,0,0,0,0,0,"N",0,0.0,0,0,0,0,0,0,0,0,0,0,0,0
"C2254","5","45439","47","0","2008","A","N","Fond du Lac, WI MSA","Private","Other direct selling establishments","MSA, NAICS 5-digit -- by ownership sector","All establishment sizes",1,0,0,0,0,0,0,"N",0.48,0,0,0,0,0,0,"N",1,100.0,0,0,0,0,0,0,0,0,0,0,0,0
"C2254","5","454390","48","0","2008","A","N","Fond du Lac, WI MSA","Private","Other direct selling establishments","MSA, NAICS 6-digit -- by ownership sector","All establishment sizes",1,0,0,0,0,0,0,"N",0.48,0,0,0,0,0,0,"N",1,100.0,0,0,0,0,0,0,0,0,0,0,0,0
"C2254","5","48-49","44","0","2008","A","N","Fond du Lac, WI MSA","Private","Transportation and warehousing","MSA, NAICS Sector -- by ownership sector","All establishment sizes",113,0,0,0,0,0,0,"N",1.90,0,0,0,0,0,0,"N",-7,-5.8,0,0,0,0,0,0,0,0,0,0,0,0
"C2254","5","484","45","0","2008","A","","Fond du Lac, WI MSA","Private","Truck transportation","MSA, NAICS 3-digit -- by ownership sector","All establishment sizes",93,960,40561236,11758320,311003,813,42251,"",2.97,2.02,2.57,2.10,2.07,1.27,1.27,"",-4,-4.1,37,4.0,2132874,5.6,602914,5.4,22864,7.9,12,1.5,617,1.5
"C2254","5","4841","46","0","2008","A","","Fond du Lac, WI MSA","Private","General freight trucking","MSA, NAICS 4-digit -- by ownership sector","All establishment sizes",49,724,31908814,8943967,153653,848,44078,"",2.62,2.17,2.81,2.27,1.57,1.29,1.29,"",-3,-5.8,29,4.2,2009489,6.7,513861,6.1,17781,13.1,20,2.4,1032,2.4
"C2254","5","48411","47","0","2008","A","","Fond du Lac, WI MSA","Private","General freight trucking, local","MSA, NAICS 5-digit -- by ownership sector","All establishment sizes",16,100,3731290,1276516,63470,715,37189,"",2.05,1.30,1.51,1.38,2.16,1.16,1.16,"",-1,-5.9,8,8.7,486558,15.0,166392,15.0,10699,20.3,33,4.8,1727,4.9
"C2254","5","484110","48","0","2008","A","","Fond du Lac, WI MSA","Private","General freight trucking, local","MSA, NAICS 6-digit -- by ownership sector","All establishment sizes",16,100,3731290,1276516,63470,715,37189,"",2.05,1.30,1.51,1.38,2.16,1.16,1.16,"",-1,-5.9,8,8.7,486558,15.0,166392,15.0,10699,20.3,33,4.8,1727,4.9
"C2254","5","48412","47","0","2008","A","","Fond du Lac, WI MSA","Private","General freight trucking, long-distance","MSA, NAICS 5-digit -- by ownership sector","All establishment sizes",33,624,28177524,7667451,90183,869,45186,"",3.04,2.44,3.17,2.54,1.31,1.30,1.30,"",-2,-5.7,21,3.5,1522931,5.7,347469,4.7,7082,8.5,19,2.2,989,2.2
"C2254","5","484121","48","0","2008","A","","Fond du Lac, WI MSA","Private","General freight trucking, long-distance tl","MSA, NAICS 6-digit -- by ownership sector","All establishment sizes",24,301,14758409,4002128,58278,943,49058,"",2.68,1.66,2.49,1.84,1.21,1.50,1.50,"",-2,-7.7,16,5.6,2527525,20.7,424394,11.9,6375,12.3,117,14.2,6130,14.3
"C2254","5","484122","48","0","2008","A","","Fond du Lac, WI MSA","Private","General freight trucking, long-distance ltl","MSA, NAICS 6-digit -- by ownership sector","All establishment sizes",9,323,13419115,3665323,31905,800,41577,"",4.72,4.29,4.51,4.39,1.54,1.05,1.05,"",0,0.0,5,1.6,-1004594,-7.0,-76925,-2.1,707,2.3,-72,-8.3,-3757,-8.3
"C2254","5","4842","46","0","2008","A","","Fond du Lac, WI MSA","Private","Specialized freight trucking","MSA, NAICS 4-digit -- by ownership sector","All establishment sizes",44,236,8652422,2814353,157350,705,36650,"",3.48,1.66,1.95,1.70,3.01,1.17,1.17,"",0,0.0,8,3.5,123385,1.4,89053,3.3,5083,3.3,-13,-1.8,-690,-1.8
"C2254","5","48421","47","0","2008","A","N","Fond du Lac, WI MSA","Private","Used household and office goods moving","MSA, NAICS 5-digit -- by ownership sector","All establishment sizes",3,0,0,0,0,0,0,"N",1.47,0,0,0,0,0,0,"N",0,0.0,0,0,0,0,0,0,0,0,0,0,0,0
"C2254","5","484210","48","0","2008","A","N","Fond du Lac, WI MSA","Private","Used household and office goods moving","MSA, NAICS 6-digit -- by ownership sector","All establishment sizes",3,0,0,0,0,0,0,"N",1.47,0,0,0,0,0,0,"N",0,0.0,0,0,0,0,0,0,0,0,0,0,0,0
"C2254","5","48422","47","0","2008","A","","Fond du Lac, WI MSA","Private","Other specialized trucking, local","MSA, NAICS 5-digit -- by ownership sector","All establishment sizes",38,177,6066638,2106720,139326,659,34243,"",4.68,2.55,2.76,2.55,4.76,1.08,1.08,"",1,2.7,11,6.6,512113,9.2,74469,3.7,2210,1.6,14,2.2,715,2.1
"C2254","5","484220","48","0","2008","A","","Fond du Lac, WI MSA","Private","Other specialized trucking, local","MSA, NAICS 6-digit -- by ownership sector","All establishment sizes",38,177,6066638,2106720,139326,659,34243,"",4.68,2.55,2.76,2.55,4.76,1.08,1.08,"",1,2.7,11,6.6,512113,9.2,74469,3.7,2210,1.6,14,2.2,715,2.1
"C2254","5","48423","47","0","2008","A","N","Fond du Lac, WI MSA","Private","Other specialized trucking, long-distance","MSA, NAICS 5-digit -- by ownership sector","All establishment sizes",3,0,0,0,0,0,0,"N",1.20,0,0,0,0,0,0,"N",-2,-40.0,0,0,0,0,0,0,0,0,0,0,0,0
"C2254","5","484230","48","0","2008","A","N","Fond du Lac, WI MSA","Private","Other specialized trucking, long-distance","MSA, NAICS 6-digit -- by ownership sector","All establishment sizes",3,0,0,0,0,0,0,"N",1.20,0,0,0,0,0,0,"N",-2,-40.0,0,0,0,0,0,0,0,0,0,0,0,0
"C2254","5","485","45","0","2008","A","","Fond du Lac, WI MSA","Private","Transit and ground passenger transportation","MSA, NAICS 3-digit -- by ownership sector","All establishment sizes",10,228,3306657,2022289,115108,278,14482,"",2.06,1.61,1.16,1.41,1.57,0.72,0.72,"",-1,-9.1,3,1.3,87561,2.7,75674,3.9,367,0.3,2,0.7,154,1.1
"C2254","5","4853","46","0","2008","A","N","Fond du Lac, WI MSA","Private","Taxi and limousine service","MSA, NAICS 4-digit -- by ownership sector","All establishment sizes",3,0,0,0,0,0,0,"N",1.49,0,0,0,0,0,0,"N",0,0.0,0,0,0,0,0,0,0,0,0,0,0,0
"C2254","5","48531","47","0","2008","A","N","Fond du Lac, WI MSA","Private","Taxi service","MSA, NAICS 5-digit -- by ownership sector","All establishment sizes",3,0,0,0,0,0,0,"N",3.77,0,0,0,0,0,0,"N",0,0.0,0,0,0,0,0,0,0,0,0,0,0,0
"C2254","5","485310","48","0","2008","A","N","Fond du Lac, WI MSA","Private","Taxi service","MSA, NAICS 6-digit -- by ownership sector","All establishment sizes",3,0,0,0,0,0,0,"N",3.77,0,0,0,0,0,0,"N",0,0.0,0,0,0,0,0,0,0,0,0,0,0,0
"C2254","5","4854","46","0","2008","A","N","Fond du Lac, WI MSA","Private","School and employee bus transportation","MSA, NAICS 4-digit -- by ownership sector","All establishment sizes",4,0,0,0,0,0,0,"N",3.36,0,0,0,0,0,0,"N",0,0.0,0,0,0,0,0,0,0,0,0,0,0,0
"C2254","5","48541","47","0","2008","A","N","Fond du Lac, WI MSA","Private","School and employee bus transportation","MSA, NAICS 5-digit -- by ownership sector","All establishment sizes",4,0,0,0,0,0,0,"N",3.36,0,0,0,0,0,0,"N",0,0.0,0,0,0,0,0,0,0,0,0,0,0,0
"C2254","5","485410","48","0","2008","A","N","Fond du Lac, WI MSA","Private","School and employee bus transportation","MSA, NAICS 6-digit -- by ownership sector","All establishment sizes",4,0,0,0,0,0,0,"N",3.36,0,0,0,0,0,0,"N",0,0.0,0,0,0,0,0,0,0,0,0,0,0,0
"C2254","5","4855","46","0","2008","A","N","Fond du Lac, WI MSA","Private","Charter bus industry","MSA, NAICS 4-digit -- by ownership sector","All establishment sizes",2,0,0,0,0,0,0,"N",5.27,0,0,0,0,0,0,"N",-1,-33.3,0,0,0,0,0,0,0,0,0,0,0,0
"C2254","5","48551","47","0","2008","A","N","Fond du Lac, WI MSA","Private","Charter bus industry","MSA, NAICS 5-digit -- by ownership sector","All establishment sizes",2,0,0,0,0,0,0,"N",5.27,0,0,0,0,0,0,"N",-1,-33.3,0,0,0,0,0,0,0,0,0,0,0,0
"C2254","5","485510","48","0","2008","A","N","Fond du Lac, WI MSA","Private","Charter bus industry","MSA, NAICS 6-digit -- by ownership sector","All establishment sizes",2,0,0,0,0,0,0,"N",5.27,0,0,0,0,0,0,"N",-1,-33.3,0,0,0,0,0,0,0,0,0,0,0,0
"C2254","5","4859","46","0","2008","A","N","Fond du Lac, WI MSA","Private","Other ground passenger transportation","MSA, NAICS 4-digit -- by ownership sector","All establishment sizes",1,0,0,0,0,0,0,"N",1.07,0,0,0,0,0,0,"N",0,0.0,0,0,0,0,0,0,0,0,0,0,0,0
"C2254","5","48599","47","0","2008","A","N","Fond du Lac, WI MSA","Private","Other ground passenger transportation","MSA, NAICS 5-digit -- by ownership sector","All establishment sizes",1,0,0,0,0,0,0,"N",1.07,0,0,0,0,0,0,"N",0,0.0,0,0,0,0,0,0,0,0,0,0,0,0
"C2254","5","485991","48","0","2008","A","N","Fond du Lac, WI MSA","Private","Special needs transportation","MSA, NAICS 6-digit -- by ownership sector","All establishment sizes",1,0,0,0,0,0,0,"N",1.74,0,0,0,0,0,0,"N",0,0.0,0,0,0,0,0,0,0,0,0,0,0,0
"C2254","5","487","45","0","2008","A","N","Fond du Lac, WI MSA","Private","Scenic and sightseeing transportation","MSA, NAICS 3-digit -- by ownership sector","All establishment sizes",1,0,0,0,0,0,0,"N",1.24,0,0,0,0,0,0,"N",0,0.0,0,0,0,0,0,0,0,0,0,0,0,0
"C2254","5","4879","46","0","2008","A","N","Fond du Lac, WI MSA","Private","Scenic and sightseeing transportation, other","MSA, NAICS 4-digit -- by ownership sector","All establishment sizes",1,0,0,0,0,0,0,"N",15.89,0,0,0,0,0,0,"N",0,0.0,0,0,0,0,0,0,0,0,0,0,0,0
"C2254","5","48799","47","0","2008","A","N","Fond du Lac, WI MSA","Private","Scenic and sightseeing transportation, other","MSA, NAICS 5-digit -- by ownership sector","All establishment sizes",1,0,0,0,0,0,0,"N",15.89,0,0,0,0,0,0,"N",0,0.0,0,0,0,0,0,0,0,0,0,0,0,0
"C2254","5","487990","48","0","2008","A","N","Fond du Lac, WI MSA","Private","Scenic and sightseeing transportation, other","MSA, NAICS 6-digit -- by ownership sector","All establishment sizes",1,0,0,0,0,0,0,"N",15.89,0,0,0,0,0,0,"N",0,0.0,0,0,0,0,0,0,0,0,0,0,0,0
"C2254","5","488","45","0","2008","A","N","Fond du Lac, WI MSA","Private","Support activities for transportation","MSA, NAICS 3-digit -- by ownership sector","All establishment sizes",2,0,0,0,0,0,0,"N",0.18,0,0,0,0,0,0,"N",0,0.0,0,0,0,0,0,0,0,0,0,0,0,0
"C2254","5","4882","46","0","2008","A","N","Fond du Lac, WI MSA","Private","Support activities for rail transportation","MSA, NAICS 4-digit -- by ownership sector","All establishment sizes",1,0,0,0,0,0,0,"N",2.92,0,0,0,0,0,0,"N",0,0.0,0,0,0,0,0,0,0,0,0,0,0,0
"C2254","5","48821","47","0","2008","A","N","Fond du Lac, WI MSA","Private","Support activities for rail transportation","MSA, NAICS 5-digit -- by ownership sector","All establishment sizes",1,0,0,0,0,0,0,"N",2.92,0,0,0,0,0,0,"N",0,0.0,0,0,0,0,0,0,0,0,0,0,0,0
"C2254","5","488210","48","0","2008","A","N","Fond du Lac, WI MSA","Private","Support activities for rail transportation","MSA, NAICS 6-digit -- by ownership sector","All establishment sizes",1,0,0,0,0,0,0,"N",2.92,0,0,0,0,0,0,"N",0,0.0,0,0,0,0,0,0,0,0,0,0,0,0
"C2254","5","4884","46","0","2008","A","N","Fond du Lac, WI MSA","Private","Support activities for road transportation","MSA, NAICS 4-digit -- by ownership sector","All establishment sizes",1,0,0,0,0,0,0,"N",0.35,0,0,0,0,0,0,"N",0,0.0,0,0,0,0,0,0,0,0,0,0,0,0
"C2254","5","48841","47","0","2008","A","N","Fond du Lac, WI MSA","Private","Motor vehicle towing","MSA, NAICS 5-digit -- by ownership sector","All establishment sizes",1,0,0,0,0,0,0,"N",0.45,0,0,0,0,0,0,"N",0,0.0,0,0,0,0,0,0,0,0,0,0,0,0
"C2254","5","488410","48","0","2008","A","N","Fond du Lac, WI MSA","Private","Motor vehicle towing","MSA, NAICS 6-digit -- by ownership sector","All establishment sizes",1,0,0,0,0,0,0,"N",0.45,0,0,0,0,0,0,"N",0,0.0,0,0,0,0,0,0,0,0,0,0,0,0
"C2254","5","492","45","0","2008","A","","Fond du Lac, WI MSA","Private","Couriers and messengers","MSA, NAICS 3-digit -- by ownership sector","All establishment sizes",4,12,118992,101511,270,187,9714,"",0.92,0.06,0.02,0.06,0.01,0.30,0.30,"",0,0.0,-2,-14.3,5285,4.6,4599,4.7,-36,-11.8,27,16.9,1394,16.8
"C2254","5","4921","46","0","2008","A","N","Fond du Lac, WI MSA","Private","Couriers and express delivery services","MSA, NAICS 4-digit -- by ownership sector","All establishment sizes",2,0,0,0,0,0,0,"N",0.79,0,0,0,0,0,0,"N",0,0.0,0,0,0,0,0,0,0,0,0,0,0,0
"C2254","5","49211","47","0","2008","A","N","Fond du Lac, WI MSA","Private","Couriers and express delivery services","MSA, NAICS 5-digit -- by ownership sector","All establishment sizes",2,0,0,0,0,0,0,"N",0.79,0,0,0,0,0,0,"N",0,0.0,0,0,0,0,0,0,0,0,0,0,0,0
"C2254","5","492110","48","0","2008","A","N","Fond du Lac, WI MSA","Private","Couriers and express delivery services","MSA, NAICS 6-digit -- by ownership sector","All establishment sizes",2,0,0,0,0,0,0,"N",0.79,0,0,0,0,0,0,"N",0,0.0,0,0,0,0,0,0,0,0,0,0,0,0
"C2254","5","4922","46","0","2008","A","N","Fond du Lac, WI MSA","Private","Local messengers and local delivery","MSA, NAICS 4-digit -- by ownership sector","All establishment sizes",2,0,0,0,0,0,0,"N",1.12,0,0,0,0,0,0,"N",0,0.0,0,0,0,0,0,0,0,0,0,0,0,0
"C2254","5","49221","47","0","2008","A","N","Fond du Lac, WI MSA","Private","Local messengers and local delivery","MSA, NAICS 5-digit -- by ownership sector","All establishment sizes",2,0,0,0,0,0,0,"N",1.12,0,0,0,0,0,0,"N",0,0.0,0,0,0,0,0,0,0,0,0,0,0,0
"C2254","5","492210","48","0","2008","A","N","Fond du Lac, WI MSA","Private","Local messengers and local delivery","MSA, NAICS 6-digit -- by ownership sector","All establishment sizes",2,0,0,0,0,0,0,"N",1.12,0,0,0,0,0,0,"N",0,0.0,0,0,0,0,0,0,0,0,0,0,0,0
"C2254","5","493","45","0","2008","A","N","Fond du Lac, WI MSA","Private","Warehousing and storage","MSA, NAICS 3-digit -- by ownership sector","All establishment sizes",3,0,0,0,0,0,0,"N",0.74,0,0,0,0,0,0,"N",-2,-40.0,0,0,0,0,0,0,0,0,0,0,0,0
"C2254","5","4931","46","0","2008","A","N","Fond du Lac, WI MSA","Private","Warehousing and storage","MSA, NAICS 4-digit -- by ownership sector","All establishment sizes",3,0,0,0,0,0,0,"N",0.74,0,0,0,0,0,0,"N",-2,-40.0,0,0,0,0,0,0,0,0,0,0,0,0
"C2254","5","49311","47","0","2008","A","N","Fond du Lac, WI MSA","Private","General warehousing and storage","MSA, NAICS 5-digit -- by ownership sector","All establishment sizes",2,0,0,0,0,0,0,"N",0.68,0,0,0,0,0,0,"N",-2,-50.0,0,0,0,0,0,0,0,0,0,0,0,0
"C2254","5","493110","48","0","2008","A","N","Fond du Lac, WI MSA","Private","General warehousing and storage","MSA, NAICS 6-digit -- by ownership sector","All establishment sizes",2,0,0,0,0,0,0,"N",0.68,0,0,0,0,0,0,"N",-2,-50.0,0,0,0,0,0,0,0,0,0,0,0,0
"C2254","5","49312","47","0","2008","A","N","Fond du Lac, WI MSA","Private","Refrigerated warehousing and storage","MSA, NAICS 5-digit -- by ownership sector","All establishment sizes",1,0,0,0,0,0,0,"N",3.00,0,0,0,0,0,0,"N",0,0.0,0,0,0,0,0,0,0,0,0,0,0,0
"C2254","5","493120","48","0","2008","A","N","Fond du Lac, WI MSA","Private","Refrigerated warehousing and storage","MSA, NAICS 6-digit -- by ownership sector","All establishment sizes",1,0,0,0,0,0,0,"N",3.00,0,0,0,0,0,0,"N",0,0.0,0,0,0,0,0,0,0,0,0,0,0,0
"C2254","5","51","44","0","2008","A","","Fond du Lac, WI MSA","Private","Information","MSA, NAICS Sector -- by ownership sector","All establishment sizes",25,931,32046373,8729305,183336,662,34415,"",0.64,0.91,0.56,0.77,0.49,0.61,0.61,"",-2,-7.4,-12,-1.3,1251774,4.1,-186288,-2.1,-5321,-2.8,34,5.4,1771,5.4
"C2254","5","511","45","0","2008","A","N","Fond du Lac, WI MSA","Private","Publishing industries, except internet","MSA, NAICS 3-digit -- by ownership sector","All establishment sizes",3,0,0,0,0,0,0,"N",0.31,0,0,0,0,0,0,"N",0,0.0,0,0,0,0,0,0,0,0,0,0,0,0
"C2254","5","5111","46","0","2008","A","N","Fond du Lac, WI MSA","Private","Newspaper, book, and directory publishers","MSA, NAICS 4-digit -- by ownership sector","All establishment sizes",2,0,0,0,0,0,0,"N",0.29,0,0,0,0,0,0,"N",0,0.0,0,0,0,0,0,0,0,0,0,0,0,0
"C2254","5","51111","47","0","2008","A","N","Fond du Lac, WI MSA","Private","Newspaper publishers","MSA, NAICS 5-digit -- by ownership sector","All establishment sizes",1,0,0,0,0,0,0,"N",0.41,0,0,0,0,0,0,"N",0,0.0,0,0,0,0,0,0,0,0,0,0,0,0
"C2254","5","511110","48","0","2008","A","N","Fond du Lac, WI MSA","Private","Newspaper publishers","MSA, NAICS 6-digit -- by ownership sector","All establishment sizes",1,0,0,0,0,0,0,"N",0.41,0,0,0,0,0,0,"N",0,0.0,0,0,0,0,0,0,0,0,0,0,0,0
"C2254","5","51112","47","0","2008","A","N","Fond du Lac, WI MSA","Private","Periodical publishers","MSA, NAICS 5-digit -- by ownership sector","All establishment sizes",1,0,0,0,0,0,0,"N",0.41,0,0,0,0,0,0,"N",0,0.0,0,0,0,0,0,0,0,0,0,0,0,0
"C2254","5","511120","48","0","2008","A","N","Fond du Lac, WI MSA","Private","Periodical publishers","MSA, NAICS 6-digit -- by ownership sector","All establishment sizes",1,0,0,0,0,0,0,"N",0.41,0,0,0,0,0,0,"N",0,0.0,0,0,0,0,0,0,0,0,0,0,0,0
"C2254","5","5112","46","0","2008","A","N","Fond du Lac, WI MSA","Private","Software publishers","MSA, NAICS 4-digit -- by ownership sector","All establishment sizes",1,0,0,0,0,0,0,"N",0.36,0,0,0,0,0,0,"N",0,0.0,0,0,0,0,0,0,0,0,0,0,0,0
"C2254","5","51121","47","0","2008","A","N","Fond du Lac, WI MSA","Private","Software publishers","MSA, NAICS 5-digit -- by ownership sector","All establishment sizes",1,0,0,0,0,0,0,"N",0.36,0,0,0,0,0,0,"N",0,0.0,0,0,0,0,0,0,0,0,0,0,0,0
"C2254","5","511210","48","0","2008","A","N","Fond du Lac, WI MSA","Private","Software publishers","MSA, NAICS 6-digit -- by ownership sector","All establishment sizes",1,0,0,0,0,0,0,"N",0.36,0,0,0,0,0,0,"N",0,0.0,0,0,0,0,0,0,0,0,0,0,0,0
"C2254","5","512","45","0","2008","A","N","Fond du Lac, WI MSA","Private","Motion picture and sound recording industries","MSA, NAICS 3-digit -- by ownership sector","All establishment sizes",2,0,0,0,0,0,0,"N",0.28,0,0,0,0,0,0,"N",0,0.0,0,0,0,0,0,0,0,0,0,0,0,0
"C2254","5","5121","46","0","2008","A","N","Fond du Lac, WI MSA","Private","Motion picture and video industries","MSA, NAICS 4-digit -- by ownership sector","All establishment sizes",2,0,0,0,0,0,0,"N",0.32,0,0,0,0,0,0,"N",0,0.0,0,0,0,0,0,0,0,0,0,0,0,0
"C2254","5","51211","47","0","2008","A","N","Fond du Lac, WI MSA","Private","Motion picture and video production","MSA, NAICS 5-digit -- by ownership sector","All establishment sizes",1,0,0,0,0,0,0,"N",0.24,0,0,0,0,0,0,"N",0,0.0,0,0,0,0,0,0,0,0,0,0,0,0
"C2254","5","512110","48","0","2008","A","N","Fond du Lac, WI MSA","Private","Motion picture and video production","MSA, NAICS 6-digit -- by ownership sector","All establishment sizes",1,0,0,0,0,0,0,"N",0.24,0,0,0,0,0,0,"N",0,0.0,0,0,0,0,0,0,0,0,0,0,0,0
"C2254","5","51213","47","0","2008","A","N","Fond du Lac, WI MSA","Private","Motion picture and video exhibition","MSA, NAICS 5-digit -- by ownership sector","All establishment sizes",1,0,0,0,0,0,0,"N",0.78,0,0,0,0,0,0,"N",0,0.0,0,0,0,0,0,0,0,0,0,0,0,0
"C2254","5","512131","48","0","2008","A","N","Fond du Lac, WI MSA","Private","Motion picture theaters, except drive-ins","MSA, NAICS 6-digit -- by ownership sector","All establishment sizes",1,0,0,0,0,0,0,"N",0.83,0,0,0,0,0,0,"N",0,0.0,0,0,0,0,0,0,0,0,0,0,0,0
"C2254","5","515","45","0","2008","A","","Fond du Lac, WI MSA","Private","Broadcasting, except internet","MSA, NAICS 3-digit -- by ownership sector","All establishment sizes",5,86,2581781,828225,24556,576,29963,"",1.88,0.80,0.45,0.80,0.75,0.57,0.57,"",0,0.0,-4,-4.4,-77604,-2.9,-112603,-12.0,2396,10.8,5,0.9,277,0.9
"C2254","5","5151","46","0","2008","A","N","Fond du Lac, WI MSA","Private","Radio and television broadcasting","MSA, NAICS 4-digit -- by ownership sector","All establishment sizes",4,0,0,0,0,0,0,"N",1.77,0,0,0,0,0,0,"N",0,0.0,0,0,0,0,0,0,0,0,0,0,0,0
"C2254","5","51511","47","0","2008","A","N","Fond du Lac, WI MSA","Private","Radio broadcasting","MSA, NAICS 5-digit -- by ownership sector","All establishment sizes",3,0,0,0,0,0,0,"N",1.91,0,0,0,0,0,0,"N",0,0.0,0,0,0,0,0,0,0,0,0,0,0,0
"C2254","5","515111","48","0","2008","A","N","Fond du Lac, WI MSA","Private","Radio networks","MSA, NAICS 6-digit -- by ownership sector","All establishment sizes",1,0,0,0,0,0,0,"N",2.59,0,0,0,0,0,0,"N",0,0.0,0,0,0,0,0,0,0,0,0,0,0,0
"C2254","5","515112","48","0","2008","A","N","Fond du Lac, WI MSA","Private","Radio stations","MSA, NAICS 6-digit -- by ownership sector","All establishment sizes",2,0,0,0,0,0,0,"N",1.69,0,0,0,0,0,0,"N",0,0.0,0,0,0,0,0,0,0,0,0,0,0,0
"C2254","5","51512","47","0","2008","A","N","Fond du Lac, WI MSA","Private","Television broadcasting","MSA, NAICS 5-digit -- by ownership sector","All establishment sizes",1,0,0,0,0,0,0,"N",1.45,0,0,0,0,0,0,"N",0,0.0,0,0,0,0,0,0,0,0,0,0,0,0
"C2254","5","515120","48","0","2008","A","N","Fond du Lac, WI MSA","Private","Television broadcasting","MSA, NAICS 6-digit -- by ownership sector","All establishment sizes",1,0,0,0,0,0,0,"N",1.45,0,0,0,0,0,0,"N",0,0.0,0,0,0,0,0,0,0,0,0,0,0,0
"C2254","5","5152","46","0","2008","A","N","Fond du Lac, WI MSA","Private","Cable and other subscription programming","MSA, NAICS 4-digit -- by ownership sector","All establishment sizes",1,0,0,0,0,0,0,"N",2.49,0,0,0,0,0,0,"N",0,0.0,0,0,0,0,0,0,0,0,0,0,0,0
"C2254","5","51521","47","0","2008","A","N","Fond du Lac, WI MSA","Private","Cable and other subscription programming","MSA, NAICS 5-digit -- by ownership sector","All establishment sizes",1,0,0,0,0,0,0,"N",2.49,0,0,0,0,0,0,"N",0,0.0,0,0,0,0,0,0,0,0,0,0,0,0
"C2254","5","515210","48","0","2008","A","N","Fond du Lac, WI MSA","Private","Cable and other subscription programming","MSA, NAICS 6-digit -- by ownership sector","All establishment sizes",1,0,0,0,0,0,0,"N",2.49,0,0,0,0,0,0,"N",0,0.0,0,0,0,0,0,0,0,0,0,0,0,0
"C2254","5","517","45","0","2008","A","","Fond du Lac, WI MSA","Private","Telecommunications","MSA, NAICS 3-digit -- by ownership sector","All establishment sizes",13,702,25858357,6596863,140498,708,36818,"",1.03,2.02,1.31,1.69,1.07,0.65,0.65,"N",-2,-13.3,0,0,0,0,0,0,0,0,0,0,0,0
"C2254","5","5171","46","0","2008","A","N","Fond du Lac, WI MSA","Private","Wired telecommunications carriers","MSA, NAICS 4-digit -- by ownership sector","All establishment sizes",7,0,0,0,0,0,0,"N",0.96,0,0,0,0,0,0,"N",-1,-12.5,0,0,0,0,0,0,0,0,0,0,0,0
"C2254","5","51711","47","0","2008","A","N","Fond du Lac, WI MSA","Private","Wired telecommunications carriers","MSA, NAICS 5-digit -- by ownership sector","All establishment sizes",7,0,0,0,0,0,0,"N",0.96,0,0,0,0,0,0,"N",-1,-12.5,0,0,0,0,0,0,0,0,0,0,0,0
"C2254","5","517110","48","0","2008","A","N","Fond du Lac, WI MSA","Private","Wired telecommunications carriers","MSA, NAICS 6-digit -- by ownership sector","All establishment sizes",7,0,0,0,0,0,0,"N",0.96,0,0,0,0,0,0,"N",-1,-12.5,0,0,0,0,0,0,0,0,0,0,0,0
"C2254","5","5172","46","0","2008","A","","Fond du Lac, WI MSA","Private","Wireless telecommunications carriers","MSA, NAICS 4-digit -- by ownership sector","All establishment sizes",4,31,1107453,274825,10331,691,35917,"",1.52,0.45,0.29,0.33,0.36,0.63,0.63,"",0,0.0,3,10.7,150384,15.7,10471,4.0,-49,-0.5,22,3.3,1114,3.2
"C2254","5","51721","47","0","2008","A","","Fond du Lac, WI MSA","Private","Wireless telecommunications carriers","MSA, NAICS 5-digit -- by ownership sector","All establishment sizes",4,31,1107453,274825,10331,691,35917,"",1.52,0.45,0.29,0.33,0.36,0.63,0.63,"",0,0.0,3,10.7,150384,15.7,10471,4.0,-49,-0.5,22,3.3,1114,3.2
"C2254","5","517210","48","0","2008","A","","Fond du Lac, WI MSA","Private","Wireless telecommunications carriers","MSA, NAICS 6-digit -- by ownership sector","All establishment sizes",4,31,1107453,274825,10331,691,35917,"",1.52,0.45,0.29,0.33,0.36,0.63,0.63,"",0,0.0,3,10.7,150384,15.7,10471,4.0,-49,-0.5,22,3.3,1114,3.2
"C2254","5","5179","46","0","2008","A","N","Fond du Lac, WI MSA","Private","Other telecommunications","MSA, NAICS 4-digit -- by ownership sector","All establishment sizes",2,0,0,0,0,0,0,"N",0.82,0,0,0,0,0,0,"N",-1,-33.3,0,0,0,0,0,0,0,0,0,0,0,0
"C2254","5","51791","47","0","2008","A","N","Fond du Lac, WI MSA","Private","Other telecommunications","MSA, NAICS 5-digit -- by ownership sector","All establishment sizes",2,0,0,0,0,0,0,"N",0.82,0,0,0,0,0,0,"N",-1,-33.3,0,0,0,0,0,0,0,0,0,0,0,0
"C2254","5","517911","48","0","2008","A","N","Fond du Lac, WI MSA","Private","Telecommunications resellers","MSA, NAICS 6-digit -- by ownership sector","All establishment sizes",0,0,0,0,0,0,0,"N",0.00,0,0,0,0,0,0,"N",-1,-100.0,0,0,0,0,0,0,0,0,0,0,0,0
"C2254","5","517919","48","0","2008","A","N","Fond du Lac, WI MSA","Private","All other telecommunications","MSA, NAICS 6-digit -- by ownership sector","All establishment sizes",2,0,0,0,0,0,0,"N",3.27,0,0,0,0,0,0,"N",0,0.0,0,0,0,0,0,0,0,0,0,0,0,0
"C2254","5","518","45","0","2008","A","N","Fond du Lac, WI MSA","Private","Data processing, hosting and related services","MSA, NAICS 3-digit -- by ownership sector","All establishment sizes",1,0,0,0,0,0,0,"N",0.27,0,0,0,0,0,0,"N",0,0.0,0,0,0,0,0,0,0,0,0,0,0,0
"C2254","5","5182","46","0","2008","A","N","Fond du Lac, WI MSA","Private","Data processing, hosting and related services","MSA, NAICS 4-digit -- by ownership sector","All establishment sizes",1,0,0,0,0,0,0,"N",0.27,0,0,0,0,0,0,"N",0,0.0,0,0,0,0,0,0,0,0,0,0,0,0
"C2254","5","51821","47","0","2008","A","N","Fond du Lac, WI MSA","Private","Data processing and related services","MSA, NAICS 5-digit -- by ownership sector","All establishment sizes",1,0,0,0,0,0,0,"N",0.27,0,0,0,0,0,0,"N",0,0.0,0,0,0,0,0,0,0,0,0,0,0,0
"C2254","5","518210","48","0","2008","A","N","Fond du Lac, WI MSA","Private","Data processing, hosting and related services","MSA, NAICS 6-digit -- by ownership sector","All establishment sizes",1,0,0,0,0,0,0,"N",0.27,0,0,0,0,0,0,"N",0,0.0,0,0,0,0,0,0,0,0,0,0,0,0
"C2254","5","519","45","0","2008","A","N","Fond du Lac, WI MSA","Private","Other information services","MSA, NAICS 3-digit -- by ownership sector","All establishment sizes",1,0,0,0,0,0,0,"N",0.32,0,0,0,0,0,0,"N",0,0.0,0,0,0,0,0,0,0,0,0,0,0,0
"C2254","5","5191","46","0","2008","A","N","Fond du Lac, WI MSA","Private","Other information services","MSA, NAICS 4-digit -- by ownership sector","All establishment sizes",1,0,0,0,0,0,0,"N",0.32,0,0,0,0,0,0,"N",0,0.0,0,0,0,0,0,0,0,0,0,0,0,0
"C2254","5","51919","47","0","2008","A","N","Fond du Lac, WI MSA","Private","All other information services","MSA, NAICS 5-digit -- by ownership sector","All establishment sizes",1,0,0,0,0,0,0,"N",2.11,0,0,0,0,0,0,"N",0,0.0,0,0,0,0,0,0,0,0,0,0,0,0
"C2254","5","519190","48","0","2008","A","N","Fond du Lac, WI MSA","Private","All other information services","MSA, NAICS 6-digit -- by ownership sector","All establishment sizes",1,0,0,0,0,0,0,"N",2.11,0,0,0,0,0,0,"N",0,0.0,0,0,0,0,0,0,0,0,0,0,0,0
"C2254","5","52","44","0","2008","A","","Fond du Lac, WI MSA","Private","Finance and insurance","MSA, NAICS Sector -- by ownership sector","All establishment sizes",137,1525,66264794,16432317,244238,836,43448,"",1.05,0.76,0.49,0.74,0.40,0.64,0.64,"",2,1.5,26,1.7,555759,0.8,297360,1.8,78201,47.1,-7,-0.8,-402,-0.9
"C2254","5","522","45","0","2008","A","","Fond du Lac, WI MSA","Private","Credit intermediation and related activities","MSA, NAICS 3-digit -- by ownership sector","All establishment sizes",59,768,28957428,8718893,103889,725,37701,"",1.08,0.83,0.66,0.86,0.39,0.79,0.80,"",0,0.0,-7,-0.9,82714,0.3,234576,2.8,14165,15.8,8,1.1,439,1.2
"C2254","5","5221","46","0","2008","A","","Fond du Lac, WI MSA","Private","Depository credit intermediation","MSA, NAICS 4-digit -- by ownership sector","All establishment sizes",47,702,26099565,7992838,94718,715,37157,"",1.63,1.14,0.97,1.22,0.61,0.85,0.85,"",1,2.2,-6,-0.8,154248,0.6,209367,2.7,16045,20.4,10,1.4,520,1.4
"C2254","5","52211","47","0","2008","A","","Fond du Lac, WI MSA","Private","Commercial banking","MSA, NAICS 5-digit -- by ownership sector","All establishment sizes",31,483,18465838,5402727,56533,736,38258,"",1.50,1.05,0.87,1.10,0.49,0.83,0.83,"",1,3.3,-18,-3.6,-716551,-3.7,-13583,-0.3,-5765,-9.3,-1,-0.1,-56,-0.1
"C2254","5","522110","48","0","2008","A","","Fond du Lac, WI MSA","Private","Commercial banking","MSA, NAICS 6-digit -- by ownership sector","All establishment sizes",31,483,18465838,5402727,56533,736,38258,"",1.50,1.05,0.87,1.10,0.49,0.83,0.83,"",1,3.3,-18,-3.6,-716551,-3.7,-13583,-0.3,-5765,-9.3,-1,-0.1,-56,-0.1
"C2254","5","52212","47","0","2008","A","","Fond du Lac, WI MSA","Private","Savings institutions","MSA, NAICS 5-digit -- by ownership sector","All establishment sizes",3,57,2131293,614720,2047,725,37722,"",0.79,0.80,0.70,0.80,0.09,0.88,0.88,"",0,0.0,1,1.8,47777,2.3,20515,3.5,76,3.9,13,1.8,682,1.8
"C2254","5","522120","48","0","2008","A","","Fond du Lac, WI MSA","Private","Savings institutions","MSA, NAICS 6-digit -- by ownership sector","All establishment sizes",3,57,2131293,614720,2047,725,37722,"",0.79,0.80,0.70,0.80,0.09,0.88,0.88,"",0,0.0,1,1.8,47777,2.3,20515,3.5,76,3.9,13,1.8,682,1.8
"C2254","5","52213","47","0","2008","A","","Fond du Lac, WI MSA","Private","Credit unions","MSA, NAICS 5-digit -- by ownership sector","All establishment sizes",13,163,5502434,1975391,36138,648,33706,"",3.24,2.07,2.25,2.40,2.26,1.09,1.09,"",0,0.0,12,7.9,823022,17.6,202435,11.4,21734,150.9,53,8.9,2768,8.9
"C2254","5","522130","48","0","2008","A","","Fond du Lac, WI MSA","Private","Credit unions","MSA, NAICS 6-digit -- by ownership sector","All establishment sizes",13,163,5502434,1975391,36138,648,33706,"",3.24,2.07,2.25,2.40,2.26,1.09,1.09,"",0,0.0,12,7.9,823022,17.6,202435,11.4,21734,150.9,53,8.9,2768,8.9
"C2254","5","5222","46","0","2008","A","N","Fond du Lac, WI MSA","Private","Nondepository credit intermediation","MSA, NAICS 4-digit -- by ownership sector","All establishment sizes",9,0,0,0,0,0,0,"N",0.57,0,0,0,0,0,0,"N",0,0.0,0,0,0,0,0,0,0,0,0,0,0,0
"C2254","5","52229","47","0","2008","A","N","Fond du Lac, WI MSA","Private","Other nondepository credit intermediation","MSA, NAICS 5-digit -- by ownership sector","All establishment sizes",9,0,0,0,0,0,0,"N",0.68,0,0,0,0,0,0,"N",0,0.0,0,0,0,0,0,0,0,0,0,0,0,0
"C2254","5","522291","48","0","2008","A","","Fond du Lac, WI MSA","Private","Consumer lending","MSA, NAICS 6-digit -- by ownership sector","All establishment sizes",5,15,588641,180998,3481,772,40135,"",1.09,0.39,0.39,0.42,0.29,1.01,1.01,"N",0,0.0,0,0,0,0,0,0,0,0,0,0,0,0
"C2254","5","522292","48","0","2008","A","","Fond du Lac, WI MSA","Private","Real estate credit","MSA, NAICS 6-digit -- by ownership sector","All establishment sizes",3,38,1750043,348251,2309,893,46461,"",0.47,0.51,0.41,0.36,0.08,0.82,0.82,"",0,0.0,-2,-5.0,-316845,-15.3,-11818,-3.3,-2051,-47.0,-99,-10.0,-5104,-9.9
"C2254","5","522298","48","0","2008","A","N","Fond du Lac, WI MSA","Private","All other nondepository credit intermediation","MSA, NAICS 6-digit -- by ownership sector","All establishment sizes",1,0,0,0,0,0,0,"N",0.47,0,0,0,0,0,0,"N",0,0.0,0,0,0,0,0,0,0,0,0,0,0,0
"C2254","5","5223","46","0","2008","A","N","Fond du Lac, WI MSA","Private","Activities related to credit intermediation","MSA, NAICS 4-digit -- by ownership sector","All establishment sizes",4,0,0,0,0,0,0,"N",0.40,0,0,0,0,0,0,"N",0,0.0,0,0,0,0,0,0,0,0,0,0,0,0
"C2254","5","52231","47","0","2008","A","N","Fond du Lac, WI MSA","Private","Mortgage and nonmortgage loan brokers","MSA, NAICS 5-digit -- by ownership sector","All establishment sizes",3,0,0,0,0,0,0,"N",0.51,0,0,0,0,0,0,"N",0,0.0,0,0,0,0,0,0,0,0,0,0,0,0
"C2254","5","522310","48","0","2008","A","N","Fond du Lac, WI MSA","Private","Mortgage and nonmortgage loan brokers","MSA, NAICS 6-digit -- by ownership sector","All establishment sizes",3,0,0,0,0,0,0,"N",0.51,0,0,0,0,0,0,"N",0,0.0,0,0,0,0,0,0,0,0,0,0,0,0
"C2254","5","52232","47","0","2008","A","N","Fond du Lac, WI MSA","Private","Financial transaction processing and clearing","MSA, NAICS 5-digit -- by ownership sector","All establishment sizes",1,0,0,0,0,0,0,"N",0.77,0,0,0,0,0,0,"N",0,0.0,0,0,0,0,0,0,0,0,0,0,0,0
"C2254","5","522320","48","0","2008","A","N","Fond du Lac, WI MSA","Private","Financial transaction processing and clearing","MSA, NAICS 6-digit -- by ownership sector","All establishment sizes",1,0,0,0,0,0,0,"N",0.77,0,0,0,0,0,0,"N",0,0.0,0,0,0,0,0,0,0,0,0,0,0,0
"C2254","5","523","45","0","2008","A","","Fond du Lac, WI MSA","Private","Securities, commodity contracts, investments","MSA, NAICS 3-digit -- by ownership sector","All establishment sizes",13,39,3751190,453399,3841,1866,97014,"",0.53,0.13,0.08,0.12,0.04,0.59,0.59,"",3,30.0,7,21.9,571142,18.0,67399,17.5,-360,-8.6,-60,-3.1,-3145,-3.1
"C2254","5","5231","46","0","2008","A","N","Fond du Lac, WI MSA","Private","Securities and commodity contracts brokerage","MSA, NAICS 4-digit -- by ownership sector","All establishment sizes",11,0,0,0,0,0,0,"N",1.10,0,0,0,0,0,0,"N",2,22.2,0,0,0,0,0,0,0,0,0,0,0,0
"C2254","5","52312","47","0","2008","A","N","Fond du Lac, WI MSA","Private","Securities brokerage","MSA, NAICS 5-digit -- by ownership sector","All establishment sizes",11,0,0,0,0,0,0,"N",1.82,0,0,0,0,0,0,"N",2,22.2,0,0,0,0,0,0,0,0,0,0,0,0
"C2254","5","523120","48","0","2008","A","N","Fond du Lac, WI MSA","Private","Securities brokerage","MSA, NAICS 6-digit -- by ownership sector","All establishment sizes",11,0,0,0,0,0,0,"N",1.82,0,0,0,0,0,0,"N",2,22.2,0,0,0,0,0,0,0,0,0,0,0,0
"C2254","5","5239","46","0","2008","A","N","Fond du Lac, WI MSA","Private","Other financial investment activities","MSA, NAICS 4-digit -- by ownership sector","All establishment sizes",2,0,0,0,0,0,0,"N",0.14,0,0,0,0,0,0,"N",1,100.0,0,0,0,0,0,0,0,0,0,0,0,0
"C2254","5","52393","47","0","2008","A","N","Fond du Lac, WI MSA","Private","Investment advice","MSA, NAICS 5-digit -- by ownership sector","All establishment sizes",1,0,0,0,0,0,0,"N",0.13,0,0,0,0,0,0,"N",0,0.0,0,0,0,0,0,0,0,0,0,0,0,0
"C2254","5","523930","48","0","2008","A","N","Fond du Lac, WI MSA","Private","Investment advice","MSA, NAICS 6-digit -- by ownership sector","All establishment sizes",1,0,0,0,0,0,0,"N",0.13,0,0,0,0,0,0,"N",0,0.0,0,0,0,0,0,0,0,0,0,0,0,0
"C2254","5","52399","47","0","2008","A","N","Fond du Lac, WI MSA","Private","All other financial investment activities","MSA, NAICS 5-digit -- by ownership sector","All establishment sizes",1,0,0,0,0,0,0,"N",1.00,0,0,0,0,0,0,"N",1,100.0,0,0,0,0,0,0,0,0,0,0,0,0
"C2254","5","523991","48","0","2008","A","N","Fond du Lac, WI MSA","Private","Trust, fiduciary, and custody activities","MSA, NAICS 6-digit -- by ownership sector","All establishment sizes",1,0,0,0,0,0,0,"N",2.06,0,0,0,0,0,0,"N",1,100.0,0,0,0,0,0,0,0,0,0,0,0,0
"C2254","5","524","45","0","2008","A","","Fond du Lac, WI MSA","Private","Insurance carriers and related activities","MSA, NAICS 3-digit -- by ownership sector","All establishment sizes",66,718,33556176,7260025,136508,898,46709,"",1.33,0.98,0.85,0.90,0.63,0.86,0.87,"",-1,-1.5,26,3.8,-98097,-0.3,-4615,-0.1,64396,89.3,-37,-4.0,-1936,-4.0
"C2254","5","5241","46","0","2008","A","","Fond du Lac, WI MSA","Private","Insurance carriers","MSA, NAICS 4-digit -- by ownership sector","All establishment sizes",12,495,23452245,5027227,114424,911,47362,"",1.21,1.16,0.95,1.06,0.87,0.82,0.82,"",0,0.0,37,8.1,-1113558,-4.5,23976,0.5,59684,109.0,-120,-11.6,-6265,-11.7
"C2254","5","52411","47","0","2008","A","N","Fond du Lac, WI MSA","Private","Direct life and health insurance carriers","MSA, NAICS 5-digit -- by ownership sector","All establishment sizes",3,0,0,0,0,0,0,"N",0.99,0,0,0,0,0,0,"N",0,0.0,0,0,0,0,0,0,0,0,0,0,0,0
"C2254","5","524113","48","0","2008","A","N","Fond du Lac, WI MSA","Private","Direct life insurance carriers","MSA, NAICS 6-digit -- by ownership sector","All establishment sizes",1,0,0,0,0,0,0,"N",0.52,0,0,0,0,0,0,"N",0,0.0,0,0,0,0,0,0,0,0,0,0,0,0
"C2254","5","524114","48","0","2008","A","N","Fond du Lac, WI MSA","Private","Direct health and medical insurance carriers","MSA, NAICS 6-digit -- by ownership sector","All establishment sizes",2,0,0,0,0,0,0,"N",1.86,0,0,0,0,0,0,"N",0,0.0,0,0,0,0,0,0,0,0,0,0,0,0
"C2254","5","52412","47","0","2008","A","N","Fond du Lac, WI MSA","Private","Direct insurers, except life and health","MSA, NAICS 5-digit -- by ownership sector","All establishment sizes",9,0,0,0,0,0,0,"N",1.34,0,0,0,0,0,0,"N",0,0.0,0,0,0,0,0,0,0,0,0,0,0,0
"C2254","5","524126","48","0","2008","A","N","Fond du Lac, WI MSA","Private","Direct property and casualty insurers","MSA, NAICS 6-digit -- by ownership sector","All establishment sizes",7,0,0,0,0,0,0,"N",1.54,0,0,0,0,0,0,"N",0,0.0,0,0,0,0,0,0,0,0,0,0,0,0
"C2254","5","524127","48","0","2008","A","N","Fond du Lac, WI MSA","Private","Direct title insurance carriers","MSA, NAICS 6-digit -- by ownership sector","All establishment sizes",2,0,0,0,0,0,0,"N",1.05,0,0,0,0,0,0,"N",0,0.0,0,0,0,0,0,0,0,0,0,0,0,0
"C2254","5","5242","46","0","2008","A","","Fond du Lac, WI MSA","Private","Insurance agencies and brokerages","MSA, NAICS 4-digit -- by ownership sector","All establishment sizes",54,223,10103931,2232798,22084,870,45258,"",1.37,0.72,0.67,0.67,0.26,0.93,0.93,"",0,0.0,-11,-4.7,1015461,11.2,-28591,-1.3,4712,27.1,122,16.3,6377,16.4
"C2254","5","52421","47","0","2008","A","N","Fond du Lac, WI MSA","Private","Insurance agencies and brokerages","MSA, NAICS 5-digit -- by ownership sector","All establishment sizes",52,0,0,0,0,0,0,"N",1.50,0,0,0,0,0,0,"N",1,2.0,0,0,0,0,0,0,0,0,0,0,0,0
"C2254","5","524210","48","0","2008","A","N","Fond du Lac, WI MSA","Private","Insurance agencies and brokerages","MSA, NAICS 6-digit -- by ownership sector","All establishment sizes",52,0,0,0,0,0,0,"N",1.50,0,0,0,0,0,0,"N",1,2.0,0,0,0,0,0,0,0,0,0,0,0,0
"C2254","5","52429","47","0","2008","A","N","Fond du Lac, WI MSA","Private","Other insurance related activities","MSA, NAICS 5-digit -- by ownership sector","All establishment sizes",2,0,0,0,0,0,0,"N",0.42,0,0,0,0,0,0,"N",-1,-33.3,0,0,0,0,0,0,0,0,0,0,0,0
"C2254","5","524291","48","0","2008","A","N","Fond du Lac, WI MSA","Private","Claims adjusting","MSA, NAICS 6-digit -- by ownership sector","All establishment sizes",2,0,0,0,0,0,0,"N",1.22,0,0,0,0,0,0,"N",0,0.0,0,0,0,0,0,0,0,0,0,0,0,0
"C2254","5","53","44","0","2008","A","","Fond du Lac, WI MSA","Private","Real estate and rental and leasing","MSA, NAICS Sector -- by ownership sector","All establishment sizes",65,276,6150598,2590357,46540,429,22298,"",0.65,0.38,0.25,0.36,0.21,0.65,0.65,"",-3,-4.4,-6,-2.1,30187,0.5,-157767,-5.7,4513,10.7,11,2.6,582,2.7
"C2254","5","531","45","0","2008","A","","Fond du Lac, WI MSA","Private","Real estate","MSA, NAICS 3-digit -- by ownership sector","All establishment sizes",51,195,4496255,1808659,28592,445,23117,"",0.62,0.39,0.25,0.35,0.19,0.65,0.65,"",-1,-1.9,-1,-0.5,-109622,-2.4,-124883,-6.5,1508,5.6,-8,-1.8,-442,-1.9
"C2254","5","5311","46","0","2008","A","","Fond du Lac, WI MSA","Private","Lessors of real estate","MSA, NAICS 4-digit -- by ownership sector","All establishment sizes",16,95,1848200,811115,11156,374,19438,"",0.56,0.47,0.29,0.41,0.19,0.62,0.62,"",0,0.0,-4,-4.0,-246479,-11.8,-139071,-14.6,-3324,-23.0,-35,-8.6,-1828,-8.6
"C2254","5","53111","47","0","2008","A","","Fond du Lac, WI MSA","Private","Lessors of residential buildings","MSA, NAICS 5-digit -- by ownership sector","All establishment sizes",10,78,1051540,652407,9621,259,13481,"",0.61,0.63,0.31,0.55,0.26,0.50,0.50,"",1,11.1,-4,-4.9,-61421,-5.5,-62417,-8.7,-2283,-19.2,-2,-0.8,-92,-0.7
"C2254","5","531110","48","0","2008","A","","Fond du Lac, WI MSA","Private","Lessors of residential buildings","MSA, NAICS 6-digit -- by ownership sector","All establishment sizes",10,78,1051540,652407,9621,259,13481,"",0.61,0.63,0.31,0.55,0.26,0.50,0.50,"",1,11.1,-4,-4.9,-61421,-5.5,-62417,-8.7,-2283,-19.2,-2,-0.8,-92,-0.7
"C2254","5","53112","47","0","2008","A","N","Fond du Lac, WI MSA","Private","Lessors of nonresidential buildings","MSA, NAICS 5-digit -- by ownership sector","All establishment sizes",1,0,0,0,0,0,0,"N",0.16,0,0,0,0,0,0,"N",0,0.0,0,0,0,0,0,0,0,0,0,0,0,0
"C2254","5","531120","48","0","2008","A","N","Fond du Lac, WI MSA","Private","Lessors of nonresidential buildings","MSA, NAICS 6-digit -- by ownership sector","All establishment sizes",1,0,0,0,0,0,0,"N",0.16,0,0,0,0,0,0,"N",0,0.0,0,0,0,0,0,0,0,0,0,0,0,0
"C2254","5","53113","47","0","2008","A","N","Fond du Lac, WI MSA","Private","Miniwarehouse and self-storage unit operators","MSA, NAICS 5-digit -- by ownership sector","All establishment sizes",2,0,0,0,0,0,0,"N",0.66,0,0,0,0,0,0,"N",0,0.0,0,0,0,0,0,0,0,0,0,0,0,0
"C2254","5","531130","48","0","2008","A","N","Fond du Lac, WI MSA","Private","Miniwarehouse and self-storage unit operators","MSA, NAICS 6-digit -- by ownership sector","All establishment sizes",2,0,0,0,0,0,0,"N",0.66,0,0,0,0,0,0,"N",0,0.0,0,0,0,0,0,0,0,0,0,0,0,0
"C2254","5","53119","47","0","2008","A","","Fond du Lac, WI MSA","Private","Lessors of other real estate property","MSA, NAICS 5-digit -- by ownership sector","All establishment sizes",3,10,684525,119973,1262,1274,66244,"",1.10,0.73,1.99,1.00,0.36,2.63,2.64,"",0,0.0,-4,-28.6,-190478,-21.8,-83889,-41.1,-1188,-48.5,28,2.2,1429,2.2
"C2254","5","531190","48","0","2008","A","","Fond du Lac, WI MSA","Private","Lessors of other real estate property","MSA, NAICS 6-digit -- by ownership sector","All establishment sizes",3,10,684525,119973,1262,1274,66244,"",1.10,0.73,1.99,1.00,0.36,2.63,2.64,"",0,0.0,-4,-28.6,-190478,-21.8,-83889,-41.1,-1188,-48.5,28,2.2,1429,2.2
"C2254","5","5312","46","0","2008","A","","Fond du Lac, WI MSA","Private","Offices of real estate agents and brokers","MSA, NAICS 4-digit -- by ownership sector","All establishment sizes",19,46,1260358,472086,7057,533,27700,"",0.62,0.40,0.26,0.38,0.20,0.66,0.66,"",0,0.0,-2,-4.2,-30183,-2.3,-35322,-7.0,-64,-0.9,11,2.1,531,2.0
"C2254","5","53121","47","0","2008","A","","Fond du Lac, WI MSA","Private","Offices of real estate agents and brokers","MSA, NAICS 5-digit -- by ownership sector","All establishment sizes",19,46,1260358,472086,7057,533,27700,"",0.62,0.40,0.26,0.38,0.20,0.66,0.66,"",0,0.0,-2,-4.2,-30183,-2.3,-35322,-7.0,-64,-0.9,11,2.1,531,2.0
"C2254","5","531210","48","0","2008","A","","Fond du Lac, WI MSA","Private","Offices of real estate agents and brokers","MSA, NAICS 6-digit -- by ownership sector","All establishment sizes",19,46,1260358,472086,7057,533,27700,"",0.62,0.40,0.26,0.38,0.20,0.66,0.66,"",0,0.0,-2,-4.2,-30183,-2.3,-35322,-7.0,-64,-0.9,11,2.1,531,2.0
"C2254","5","5313","46","0","2008","A","","Fond du Lac, WI MSA","Private","Activities related to real estate","MSA, NAICS 4-digit -- by ownership sector","All establishment sizes",17,54,1387697,525458,10379,495,25738,"",0.75,0.29,0.21,0.28,0.17,0.71,0.71,"",-1,-5.6,4,8.0,167040,13.7,49510,10.4,4896,89.3,21,4.4,1078,4.4
"C2254","5","53131","47","0","2008","A","","Fond du Lac, WI MSA","Private","Real estate property managers","MSA, NAICS 5-digit -- by ownership sector","All establishment sizes",10,45,1235203,429528,9736,533,27705,"",0.64,0.29,0.22,0.27,0.18,0.79,0.79,"",0,0.0,9,25.0,305741,32.9,142432,49.6,5692,140.8,39,7.9,2006,7.8
"C2254","5","531311","48","0","2008","A","N","Fond du Lac, WI MSA","Private","Residential property managers","MSA, NAICS 6-digit -- by ownership sector","All establishment sizes",9,0,0,0,0,0,0,"N",0.81,0,0,0,0,0,0,"N",0,0.0,0,0,0,0,0,0,0,0,0,0,0,0
"C2254","5","531312","48","0","2008","A","N","Fond du Lac, WI MSA","Private","nonresidential property managers","MSA, NAICS 6-digit -- by ownership sector","All establishment sizes",1,0,0,0,0,0,0,"N",0.22,0,0,0,0,0,0,"N",0,0.0,0,0,0,0,0,0,0,0,0,0,0,0
"C2254","5","53132","47","0","2008","A","N","Fond du Lac, WI MSA","Private","Offices of real estate appraisers","MSA, NAICS 5-digit -- by ownership sector","All establishment sizes",6,0,0,0,0,0,0,"N",1.44,0,0,0,0,0,0,"N",-1,-14.3,0,0,0,0,0,0,0,0,0,0,0,0
"C2254","5","531320","48","0","2008","A","N","Fond du Lac, WI MSA","Private","Offices of real estate appraisers","MSA, NAICS 6-digit -- by ownership sector","All establishment sizes",6,0,0,0,0,0,0,"N",1.44,0,0,0,0,0,0,"N",-1,-14.3,0,0,0,0,0,0,0,0,0,0,0,0
"C2254","5","53139","47","0","2008","A","N","Fond du Lac, WI MSA","Private","Other activities related to real estate","MSA, NAICS 5-digit -- by ownership sector","All establishment sizes",1,0,0,0,0,0,0,"N",0.37,0,0,0,0,0,0,"N",0,0.0,0,0,0,0,0,0,0,0,0,0,0,0
"C2254","5","531390","48","0","2008","A","N","Fond du Lac, WI MSA","Private","Other activities related to real estate","MSA, NAICS 6-digit -- by ownership sector","All establishment sizes",1,0,0,0,0,0,0,"N",0.37,0,0,0,0,0,0,"N",0,0.0,0,0,0,0,0,0,0,0,0,0,0,0
"C2254","5","532","45","0","2008","A","N","Fond du Lac, WI MSA","Private","Rental and leasing services","MSA, NAICS 3-digit -- by ownership sector","All establishment sizes",14,0,0,0,0,0,0,"N",0.84,0,0,0,0,0,0,"N",-2,-12.5,0,0,0,0,0,0,0,0,0,0,0,0
"C2254","5","5321","46","0","2008","A","N","Fond du Lac, WI MSA","Private","Automotive equipment rental and leasing","MSA, NAICS 4-digit -- by ownership sector","All establishment sizes",2,0,0,0,0,0,0,"N",0.51,0,0,0,0,0,0,"N",-1,-33.3,0,0,0,0,0,0,0,0,0,0,0,0
"C2254","5","53211","47","0","2008","A","N","Fond du Lac, WI MSA","Private","Passenger car rental and leasing","MSA, NAICS 5-digit -- by ownership sector","All establishment sizes",1,0,0,0,0,0,0,"N",0.41,0,0,0,0,0,0,"N",-1,-50.0,0,0,0,0,0,0,0,0,0,0,0,0
"C2254","5","532111","48","0","2008","A","N","Fond du Lac, WI MSA","Private","Passenger car rental","MSA, NAICS 6-digit -- by ownership sector","All establishment sizes",1,0,0,0,0,0,0,"N",0.46,0,0,0,0,0,0,"N",-1,-50.0,0,0,0,0,0,0,0,0,0,0,0,0
"C2254","5","53212","47","0","2008","A","N","Fond du Lac, WI MSA","Private","Truck, trailer, and rv rental and leasing","MSA, NAICS 5-digit -- by ownership sector","All establishment sizes",1,0,0,0,0,0,0,"N",0.66,0,0,0,0,0,0,"N",0,0.0,0,0,0,0,0,0,0,0,0,0,0,0
"C2254","5","532120","48","0","2008","A","N","Fond du Lac, WI MSA","Private","Truck, trailer, and rv rental and leasing","MSA, NAICS 6-digit -- by ownership sector","All establishment sizes",1,0,0,0,0,0,0,"N",0.66,0,0,0,0,0,0,"N",0,0.0,0,0,0,0,0,0,0,0,0,0,0,0
"C2254","5","5322","46","0","2008","A","","Fond du Lac, WI MSA","Private","Consumer goods rental","MSA, NAICS 4-digit -- by ownership sector","All establishment sizes",7,48,631001,400731,4570,253,13146,"",0.88,0.58,0.37,0.56,0.21,0.64,0.64,"",-2,-22.2,-1,-2.0,13358,2.2,-14937,-3.6,-1460,-24.2,9,3.7,433,3.4
"C2254","5","53221","47","0","2008","A","N","Fond du Lac, WI MSA","Private","Consumer electronics and appliances rental","MSA, NAICS 5-digit -- by ownership sector","All establishment sizes",0,0,0,0,0,0,0,"N",0.00,0,0,0,0,0,0,"N",0,0,0,0,0,0,0,0,0,0,0,0,0,0
"C2254","5","532210","48","0","2008","A","N","Fond du Lac, WI MSA","Private","Consumer electronics and appliances rental","MSA, NAICS 6-digit -- by ownership sector","All establishment sizes",0,0,0,0,0,0,0,"N",0.00,0,0,0,0,0,0,"N",0,0,0,0,0,0,0,0,0,0,0,0,0,0
"C2254","5","53222","47","0","2008","A","N","Fond du Lac, WI MSA","Private","Formal wear and costume rental","MSA, NAICS 5-digit -- by ownership sector","All establishment sizes",2,0,0,0,0,0,0,"N",3.91,0,0,0,0,0,0,"N",-1,-33.3,0,0,0,0,0,0,0,0,0,0,0,0
"C2254","5","532220","48","0","2008","A","N","Fond du Lac, WI MSA","Private","Formal wear and costume rental","MSA, NAICS 6-digit -- by ownership sector","All establishment sizes",2,0,0,0,0,0,0,"N",3.91,0,0,0,0,0,0,"N",-1,-33.3,0,0,0,0,0,0,0,0,0,0,0,0
"C2254","5","53223","47","0","2008","A","N","Fond du Lac, WI MSA","Private","Video tape and disc rental","MSA, NAICS 5-digit -- by ownership sector","All establishment sizes",4,0,0,0,0,0,0,"N",1.10,0,0,0,0,0,0,"N",-1,-20.0,0,0,0,0,0,0,0,0,0,0,0,0
"C2254","5","532230","48","0","2008","A","N","Fond du Lac, WI MSA","Private","Video tape and disc rental","MSA, NAICS 6-digit -- by ownership sector","All establishment sizes",4,0,0,0,0,0,0,"N",1.10,0,0,0,0,0,0,"N",-1,-20.0,0,0,0,0,0,0,0,0,0,0,0,0
"C2254","5","53229","47","0","2008","A","N","Fond du Lac, WI MSA","Private","Other consumer goods rental","MSA, NAICS 5-digit -- by ownership sector","All establishment sizes",1,0,0,0,0,0,0,"N",0.35,0,0,0,0,0,0,"N",0,0.0,0,0,0,0,0,0,0,0,0,0,0,0
"C2254","5","532291","48","0","2008","A","N","Fond du Lac, WI MSA","Private","Home health equipment rental","MSA, NAICS 6-digit -- by ownership sector","All establishment sizes",1,0,0,0,0,0,0,"N",1.12,0,0,0,0,0,0,"N",0,0.0,0,0,0,0,0,0,0,0,0,0,0,0
"C2254","5","5323","46","0","2008","A","N","Fond du Lac, WI MSA","Private","General rental centers","MSA, NAICS 4-digit -- by ownership sector","All establishment sizes",4,0,0,0,0,0,0,"N",2.88,0,0,0,0,0,0,"N",0,0.0,0,0,0,0,0,0,0,0,0,0,0,0
"C2254","5","53231","47","0","2008","A","N","Fond du Lac, WI MSA","Private","General rental centers","MSA, NAICS 5-digit -- by ownership sector","All establishment sizes",4,0,0,0,0,0,0,"N",2.88,0,0,0,0,0,0,"N",0,0.0,0,0,0,0,0,0,0,0,0,0,0,0
"C2254","5","532310","48","0","2008","A","N","Fond du Lac, WI MSA","Private","General rental centers","MSA, NAICS 6-digit -- by ownership sector","All establishment sizes",4,0,0,0,0,0,0,"N",2.88,0,0,0,0,0,0,"N",0,0.0,0,0,0,0,0,0,0,0,0,0,0,0
"C2254","5","5324","46","0","2008","A","N","Fond du Lac, WI MSA","Private","Machinery and equipment rental and leasing","MSA, NAICS 4-digit -- by ownership sector","All establishment sizes",1,0,0,0,0,0,0,"N",0.30,0,0,0,0,0,0,"N",1,100.0,0,0,0,0,0,0,0,0,0,0,0,0
"C2254","5","53249","47","0","2008","A","N","Fond du Lac, WI MSA","Private","Other machinery rental and leasing","MSA, NAICS 5-digit -- by ownership sector","All establishment sizes",1,0,0,0,0,0,0,"N",0.68,0,0,0,0,0,0,"N",1,100.0,0,0,0,0,0,0,0,0,0,0,0,0
"C2254","5","532490","48","0","2008","A","N","Fond du Lac, WI MSA","Private","Other machinery rental and leasing","MSA, NAICS 6-digit -- by ownership sector","All establishment sizes",1,0,0,0,0,0,0,"N",0.68,0,0,0,0,0,0,"N",1,100.0,0,0,0,0,0,0,0,0,0,0,0,0
"C2254","5","533","45","0","2008","A","N","Fond du Lac, WI MSA","Private","Lessors of nonfinancial intangible assets","MSA, NAICS 3-digit -- by ownership sector","All establishment sizes",0,0,0,0,0,0,0,"N",0.00,0,0,0,0,0,0,"N",-1,-100.0,0,0,0,0,0,0,0,0,0,0,0,0
"C2254","5","5331","46","0","2008","A","N","Fond du Lac, WI MSA","Private","Lessors of nonfinancial intangible assets","MSA, NAICS 4-digit -- by ownership sector","All establishment sizes",0,0,0,0,0,0,0,"N",0.00,0,0,0,0,0,0,"N",-1,-100.0,0,0,0,0,0,0,0,0,0,0,0,0
"C2254","5","53311","47","0","2008","A","N","Fond du Lac, WI MSA","Private","Lessors of nonfinancial intangible assets","MSA, NAICS 5-digit -- by ownership sector","All establishment sizes",0,0,0,0,0,0,0,"N",0.00,0,0,0,0,0,0,"N",-1,-100.0,0,0,0,0,0,0,0,0,0,0,0,0
"C2254","5","533110","48","0","2008","A","N","Fond du Lac, WI MSA","Private","Lessors of nonfinancial intangible assets","MSA, NAICS 6-digit -- by ownership sector","All establishment sizes",0,0,0,0,0,0,0,"N",0.00,0,0,0,0,0,0,"N",-1,-100.0,0,0,0,0,0,0,0,0,0,0,0,0
"C2254","5","54","44","0","2008","A","","Fond du Lac, WI MSA","Private","Professional and technical services","MSA, NAICS Sector -- by ownership sector","All establishment sizes",156,933,42436834,9833083,156010,874,45468,"",0.58,0.35,0.27,0.33,0.17,0.77,0.77,"",1,0.6,-60,-6.0,-858199,-2.0,-493586,-4.8,-25254,-13.9,36,4.3,1886,4.3
"C2254","5","541","45","0","2008","A","","Fond du Lac, WI MSA","Private","Professional and technical services","MSA, NAICS 3-digit -- by ownership sector","All establishment sizes",156,933,42436834,9833083,156010,874,45468,"",0.58,0.35,0.27,0.33,0.17,0.77,0.77,"",1,0.6,-60,-6.0,-858199,-2.0,-493586,-4.8,-25254,-13.9,36,4.3,1886,4.3
"C2254","5","5411","46","0","2008","A","","Fond du Lac, WI MSA","Private","Legal services","MSA, NAICS 4-digit -- by ownership sector","All establishment sizes",37,165,6726448,1600786,19658,782,40684,"",0.74,0.42,0.27,0.37,0.18,0.64,0.64,"",2,5.7,-9,-5.2,-65954,-1.0,-154049,-8.8,-4774,-19.5,29,3.9,1554,4.0
"C2254","5","54111","47","0","2008","A","","Fond du Lac, WI MSA","Private","Offices of lawyers","MSA, NAICS 5-digit -- by ownership sector","All establishment sizes",32,127,5351906,1201422,11325,814,42308,"",0.69,0.34,0.22,0.30,0.11,0.65,0.65,"",1,3.2,-5,-3.8,-167773,-3.0,-136236,-10.2,-1956,-14.7,9,1.1,439,1.0
"C2254","5","541110","48","0","2008","A","","Fond du Lac, WI MSA","Private","Offices of lawyers","MSA, NAICS 6-digit -- by ownership sector","All establishment sizes",32,127,5351906,1201422,11325,814,42308,"",0.69,0.34,0.22,0.30,0.11,0.65,0.65,"",1,3.2,-5,-3.8,-167773,-3.0,-136236,-10.2,-1956,-14.7,9,1.1,439,1.0
"C2254","5","54119","47","0","2008","A","","Fond du Lac, WI MSA","Private","Other legal services","MSA, NAICS 5-digit -- by ownership sector","All establishment sizes",5,39,1374542,399364,8333,681,35396,"",1.29,1.51,1.39,1.39,0.89,0.93,0.93,"",1,25.0,-3,-7.1,101819,8.0,-17813,-4.3,-2818,-25.3,95,16.2,4912,16.1
"C2254","5","541191","48","0","2008","A","","Fond du Lac, WI MSA","Private","Title abstract and settlement offices","MSA, NAICS 6-digit -- by ownership sector","All establishment sizes",5,39,1374542,399364,8333,681,35396,"",1.68,2.01,1.97,1.79,1.15,0.99,0.99,"",1,25.0,-3,-7.1,101819,8.0,-17813,-4.3,-2818,-25.3,95,16.2,4912,16.1
"C2254","5","5412","46","0","2008","A","","Fond du Lac, WI MSA","Private","Accounting and bookkeeping services","MSA, NAICS 4-digit -- by ownership sector","All establishment sizes",36,164,7255403,1685124,33694,850,44218,"",1.05,0.51,0.50,0.48,0.32,0.99,0.99,"",-1,-2.7,-7,-4.1,-433863,-5.6,-94831,-5.3,-1112,-3.2,-16,-1.8,-836,-1.9
"C2254","5","54121","47","0","2008","A","","Fond du Lac, WI MSA","Private","Accounting and bookkeeping services","MSA, NAICS 5-digit -- by ownership sector","All establishment sizes",36,164,7255403,1685124,33694,850,44218,"",1.05,0.51,0.50,0.48,0.32,0.99,0.99,"",-1,-2.7,-7,-4.1,-433863,-5.6,-94831,-5.3,-1112,-3.2,-16,-1.8,-836,-1.9
"C2254","5","541211","48","0","2008","A","","Fond du Lac, WI MSA","Private","Offices of certified public accountants","MSA, NAICS 6-digit -- by ownership sector","All establishment sizes",16,95,6022685,1114526,15039,1220,63452,"",1.09,0.66,0.74,0.69,0.43,1.12,1.13,"",0,0.0,-9,-8.7,-512891,-7.8,-98174,-8.1,1136,8.2,16,1.3,861,1.4
"C2254","5","541213","48","0","2008","A","","Fond du Lac, WI MSA","Private","Tax preparation services","MSA, NAICS 6-digit -- by ownership sector","All establishment sizes",8,42,586005,324380,13718,269,14008,"",1.24,1.11,0.87,0.94,0.66,0.79,0.79,"",-1,-11.1,3,7.7,20559,3.6,-3173,-1.0,-1685,-10.9,-12,-4.3,-584,-4.0
"C2254","5","541219","48","0","2008","A","","Fond du Lac, WI MSA","Private","Other accounting services","MSA, NAICS 6-digit -- by ownership sector","All establishment sizes",13,27,646713,246218,4937,455,23660,"",1.17,0.33,0.21,0.29,0.22,0.63,0.63,"",1,8.3,-1,-3.6,58469,9.9,6516,2.7,-563,-10.2,44,10.7,2269,10.6
"C2254","5","5413","46","0","2008","A","","Fond du Lac, WI MSA","Private","Architectural and engineering services","MSA, NAICS 4-digit -- by ownership sector","All establishment sizes",18,134,8624684,1528021,34425,1234,64164,"",0.52,0.27,0.30,0.27,0.20,1.09,1.10,"",-1,-5.3,5,3.9,1141834,15.3,50165,3.4,-14156,-29.1,121,10.9,6307,10.9
"C2254","5","54131","47","0","2008","A","","Fond du Lac, WI MSA","Private","Architectural services","MSA, NAICS 5-digit -- by ownership sector","All establishment sizes",5,15,661976,157487,1698,873,45393,"",0.73,0.21,0.16,0.19,0.08,0.79,0.79,"",0,0.0,-1,-6.2,70855,12.0,-21996,-12.3,-5131,-75.1,170,24.2,8829,24.1
"C2254","5","541310","48","0","2008","A","","Fond du Lac, WI MSA","Private","Architectural services","MSA, NAICS 6-digit -- by ownership sector","All establishment sizes",5,15,661976,157487,1698,873,45393,"",0.73,0.21,0.16,0.19,0.08,0.79,0.79,"",0,0.0,-1,-6.2,70855,12.0,-21996,-12.3,-5131,-75.1,170,24.2,8829,24.1
"C2254","5","54133","47","0","2008","A","","Fond du Lac, WI MSA","Private","Engineering services","MSA, NAICS 5-digit -- by ownership sector","All establishment sizes",8,105,7695661,1243192,29540,1404,73002,"",0.45,0.33,0.39,0.34,0.26,1.16,1.16,"",0,0.0,6,6.1,1150446,17.6,95344,8.3,-9255,-23.9,127,9.9,6609,10.0
"C2254","5","541330","48","0","2008","A","","Fond du Lac, WI MSA","Private","Engineering services","MSA, NAICS 6-digit -- by ownership sector","All establishment sizes",8,105,7695661,1243192,29540,1404,73002,"",0.45,0.33,0.39,0.34,0.26,1.16,1.16,"",0,0.0,6,6.1,1150446,17.6,95344,8.3,-9255,-23.9,127,9.9,6609,10.0
"C2254","5","54135","47","0","2008","A","N","Fond du Lac, WI MSA","Private","Building inspection services","MSA, NAICS 5-digit -- by ownership sector","All establishment sizes",2,0,0,0,0,0,0,"N",1.28,0,0,0,0,0,0,"N",0,0.0,0,0,0,0,0,0,0,0,0,0,0,0
"C2254","5","541350","48","0","2008","A","N","Fond du Lac, WI MSA","Private","Building inspection services","MSA, NAICS 6-digit -- by ownership sector","All establishment sizes",2,0,0,0,0,0,0,"N",1.28,0,0,0,0,0,0,"N",0,0.0,0,0,0,0,0,0,0,0,0,0,0,0
"C2254","5","54137","47","0","2008","A","N","Fond du Lac, WI MSA","Private","Other surveying and mapping services","MSA, NAICS 5-digit -- by ownership sector","All establishment sizes",2,0,0,0,0,0,0,"N",0.80,0,0,0,0,0,0,"N",-1,-33.3,0,0,0,0,0,0,0,0,0,0,0,0
"C2254","5","541370","48","0","2008","A","N","Fond du Lac, WI MSA","Private","Other surveying and mapping services","MSA, NAICS 6-digit -- by ownership sector","All establishment sizes",2,0,0,0,0,0,0,"N",0.80,0,0,0,0,0,0,"N",-1,-33.3,0,0,0,0,0,0,0,0,0,0,0,0
"C2254","5","54138","47","0","2008","A","N","Fond du Lac, WI MSA","Private","Testing laboratories","MSA, NAICS 5-digit -- by ownership sector","All establishment sizes",1,0,0,0,0,0,0,"N",0.43,0,0,0,0,0,0,"N",0,0.0,0,0,0,0,0,0,0,0,0,0,0,0
"C2254","5","541380","48","0","2008","A","N","Fond du Lac, WI MSA","Private","Testing laboratories","MSA, NAICS 6-digit -- by ownership sector","All establishment sizes",1,0,0,0,0,0,0,"N",0.43,0,0,0,0,0,0,"N",0,0.0,0,0,0,0,0,0,0,0,0,0,0,0
"C2254","5","5414","46","0","2008","A","","Fond du Lac, WI MSA","Private","Specialized design services","MSA, NAICS 4-digit -- by ownership sector","All establishment sizes",6,26,887441,362744,4911,650,33807,"",0.61,0.53,0.42,0.70,0.29,0.77,0.77,"N",0,0.0,0,0,0,0,0,0,0,0,0,0,0,0
"C2254","5","54141","47","0","2008","A","N","Fond du Lac, WI MSA","Private","Interior design services","MSA, NAICS 5-digit -- by ownership sector","All establishment sizes",2,0,0,0,0,0,0,"N",0.54,0,0,0,0,0,0,"N",1,100.0,0,0,0,0,0,0,0,0,0,0,0,0
"C2254","5","541410","48","0","2008","A","N","Fond du Lac, WI MSA","Private","Interior design services","MSA, NAICS 6-digit -- by ownership sector","All establishment sizes",2,0,0,0,0,0,0,"N",0.54,0,0,0,0,0,0,"N",1,100.0,0,0,0,0,0,0,0,0,0,0,0,0
"C2254","5","54143","47","0","2008","A","N","Fond du Lac, WI MSA","Private","Graphic design services","MSA, NAICS 5-digit -- by ownership sector","All establishment sizes",4,0,0,0,0,0,0,"N",0.85,0,0,0,0,0,0,"N",-1,-20.0,0,0,0,0,0,0,0,0,0,0,0,0
"C2254","5","541430","48","0","2008","A","N","Fond du Lac, WI MSA","Private","Graphic design services","MSA, NAICS 6-digit -- by ownership sector","All establishment sizes",4,0,0,0,0,0,0,"N",0.85,0,0,0,0,0,0,"N",-1,-20.0,0,0,0,0,0,0,0,0,0,0,0,0
"C2254","5","5415","46","0","2008","A","","Fond du Lac, WI MSA","Private","Computer systems design and related services","MSA, NAICS 4-digit -- by ownership sector","All establishment sizes",17,74,4982937,1073638,19592,1296,67413,"",0.35,0.15,0.14,0.18,0.10,0.96,0.96,"",-1,-5.6,-29,-28.2,-1814495,-26.7,-100907,-8.6,9756,99.2,23,1.8,1204,1.8
"C2254","5","54151","47","0","2008","A","","Fond du Lac, WI MSA","Private","Computer systems design and related services","MSA, NAICS 5-digit -- by ownership sector","All establishment sizes",17,74,4982937,1073638,19592,1296,67413,"",0.35,0.15,0.14,0.18,0.10,0.96,0.96,"",-1,-5.6,-29,-28.2,-1814495,-26.7,-100907,-8.6,9756,99.2,23,1.8,1204,1.8
"C2254","5","541511","48","0","2008","A","","Fond du Lac, WI MSA","Private","Custom computer programming services","MSA, NAICS 6-digit -- by ownership sector","All establishment sizes",11,17,924724,230830,3603,1041,54130,"",0.52,0.08,0.06,0.09,0.04,0.74,0.74,"",-1,-8.3,1,6.2,-229243,-19.9,30349,15.1,1087,43.2,-339,-24.6,-17619,-24.6
"C2254","5","541512","48","0","2008","A","N","Fond du Lac, WI MSA","Private","Computer systems design services","MSA, NAICS 6-digit -- by ownership sector","All establishment sizes",2,0,0,0,0,0,0,"N",0.09,0,0,0,0,0,0,"N",0,0.0,0,0,0,0,0,0,0,0,0,0,0,0
"C2254","5","541519","48","0","2008","A","N","Fond du Lac, WI MSA","Private","Other computer related services","MSA, NAICS 6-digit -- by ownership sector","All establishment sizes",4,0,0,0,0,0,0,"N",1.06,0,0,0,0,0,0,"N",0,0.0,0,0,0,0,0,0,0,0,0,0,0,0
"C2254","5","5416","46","0","2008","A","","Fond du Lac, WI MSA","Private","Management and technical consulting services","MSA, NAICS 4-digit -- by ownership sector","All establishment sizes",13,30,1116459,335749,7169,722,37528,"",0.25,0.09,0.05,0.09,0.06,0.59,0.59,"",-1,-7.1,-6,-16.7,-187116,-14.4,-51897,-13.4,-3143,-30.5,19,2.7,979,2.7
"C2254","5","54161","47","0","2008","A","N","Fond du Lac, WI MSA","Private","Management consulting services","MSA, NAICS 5-digit -- by ownership sector","All establishment sizes",7,0,0,0,0,0,0,"N",0.18,0,0,0,0,0,0,"N",1,16.7,0,0,0,0,0,0,0,0,0,0,0,0
"C2254","5","541611","48","0","2008","A","N","Fond du Lac, WI MSA","Private","Administrative management consulting services","MSA, NAICS 6-digit -- by ownership sector","All establishment sizes",3,0,0,0,0,0,0,"N",0.15,0,0,0,0,0,0,"N",0,0.0,0,0,0,0,0,0,0,0,0,0,0,0
"C2254","5","541613","48","0","2008","A","N","Fond du Lac, WI MSA","Private","Marketing consulting services","MSA, NAICS 6-digit -- by ownership sector","All establishment sizes",2,0,0,0,0,0,0,"N",0.25,0,0,0,0,0,0,"N",1,100.0,0,0,0,0,0,0,0,0,0,0,0,0
"C2254","5","541614","48","0","2008","A","N","Fond du Lac, WI MSA","Private","Process and logistics consulting services","MSA, NAICS 6-digit -- by ownership sector","All establishment sizes",1,0,0,0,0,0,0,"N",0.32,0,0,0,0,0,0,"N",0,0.0,0,0,0,0,0,0,0,0,0,0,0,0
"C2254","5","541618","48","0","2008","A","N","Fond du Lac, WI MSA","Private","Other management consulting services","MSA, NAICS 6-digit -- by ownership sector","All establishment sizes",1,0,0,0,0,0,0,"N",0.21,0,0,0,0,0,0,"N",0,0.0,0,0,0,0,0,0,0,0,0,0,0,0
"C2254","5","54162","47","0","2008","A","N","Fond du Lac, WI MSA","Private","Environmental consulting services","MSA, NAICS 5-digit -- by ownership sector","All establishment sizes",2,0,0,0,0,0,0,"N",0.72,0,0,0,0,0,0,"N",0,0.0,0,0,0,0,0,0,0,0,0,0,0,0
"C2254","5","541620","48","0","2008","A","N","Fond du Lac, WI MSA","Private","Environmental consulting services","MSA, NAICS 6-digit -- by ownership sector","All establishment sizes",2,0,0,0,0,0,0,"N",0.72,0,0,0,0,0,0,"N",0,0.0,0,0,0,0,0,0,0,0,0,0,0,0
"C2254","5","54169","47","0","2008","A","","Fond du Lac, WI MSA","Private","Other technical consulting services","MSA, NAICS 5-digit -- by ownership sector","All establishment sizes",5,16,511543,178348,3011,635,33003,"",0.51,0.32,0.18,0.34,0.15,0.58,0.58,"",-1,-16.7,-4,-20.0,-256504,-33.4,-24960,-12.3,-1237,-29.1,-94,-12.9,-4925,-13.0
"C2254","5","541690","48","0","2008","A","","Fond du Lac, WI MSA","Private","Other technical consulting services","MSA, NAICS 6-digit -- by ownership sector","All establishment sizes",5,16,511543,178348,3011,635,33003,"",0.51,0.32,0.18,0.34,0.15,0.58,0.58,"",-1,-16.7,-4,-20.0,-256504,-33.4,-24960,-12.3,-1237,-29.1,-94,-12.9,-4925,-13.0
"C2254","5","5417","46","0","2008","A","N","Fond du Lac, WI MSA","Private","Scientific research and development services","MSA, NAICS 4-digit -- by ownership sector","All establishment sizes",1,0,0,0,0,0,0,"N",0.17,0,0,0,0,0,0,"N",0,0.0,0,0,0,0,0,0,0,0,0,0,0,0
"C2254","5","54171","47","0","2008","A","N","Fond du Lac, WI MSA","Private","Physical, engineering and biological research","MSA, NAICS 5-digit -- by ownership sector","All establishment sizes",1,0,0,0,0,0,0,"N",0.21,0,0,0,0,0,0,"N",0,0.0,0,0,0,0,0,0,0,0,0,0,0,0
"C2254","5","541712","48","0","2008","A","N","Fond du Lac, WI MSA","Private","Other physical and biological research","MSA, NAICS 6-digit -- by ownership sector","All establishment sizes",1,0,0,0,0,0,0,"N",0.30,0,0,0,0,0,0,"N",0,0.0,0,0,0,0,0,0,0,0,0,0,0,0
"C2254","5","5418","46","0","2008","A","N","Fond du Lac, WI MSA","Private","Advertising, pr, and related services","MSA, NAICS 4-digit -- by ownership sector","All establishment sizes",9,0,0,0,0,0,0,"N",0.67,0,0,0,0,0,0,"N",-1,-10.0,0,0,0,0,0,0,0,0,0,0,0,0
"C2254","5","54181","47","0","2008","A","N","Fond du Lac, WI MSA","Private","Advertising agencies","MSA, NAICS 5-digit -- by ownership sector","All establishment sizes",1,0,0,0,0,0,0,"N",0.20,0,0,0,0,0,0,"N",0,0.0,0,0,0,0,0,0,0,0,0,0,0,0
"C2254","5","541810","48","0","2008","A","N","Fond du Lac, WI MSA","Private","Advertising agencies","MSA, NAICS 6-digit -- by ownership sector","All establishment sizes",1,0,0,0,0,0,0,"N",0.20,0,0,0,0,0,0,"N",0,0.0,0,0,0,0,0,0,0,0,0,0,0,0
"C2254","5","54183","47","0","2008","A","N","Fond du Lac, WI MSA","Private","Media buying agencies","MSA, NAICS 5-digit -- by ownership sector","All establishment sizes",1,0,0,0,0,0,0,"N",3.31,0,0,0,0,0,0,"N",0,0.0,0,0,0,0,0,0,0,0,0,0,0,0
"C2254","5","541830","48","0","2008","A","N","Fond du Lac, WI MSA","Private","Media buying agencies","MSA, NAICS 6-digit -- by ownership sector","All establishment sizes",1,0,0,0,0,0,0,"N",3.31,0,0,0,0,0,0,"N",0,0.0,0,0,0,0,0,0,0,0,0,0,0,0
"C2254","5","54186","47","0","2008","A","N","Fond du Lac, WI MSA","Private","Direct mail advertising","MSA, NAICS 5-digit -- by ownership sector","All establishment sizes",2,0,0,0,0,0,0,"N",2.27,0,0,0,0,0,0,"N",0,0.0,0,0,0,0,0,0,0,0,0,0,0,0
"C2254","5","541860","48","0","2008","A","N","Fond du Lac, WI MSA","Private","Direct mail advertising","MSA, NAICS 6-digit -- by ownership sector","All establishment sizes",2,0,0,0,0,0,0,"N",2.27,0,0,0,0,0,0,"N",0,0.0,0,0,0,0,0,0,0,0,0,0,0,0
"C2254","5","54189","47","0","2008","A","","Fond du Lac, WI MSA","Private","Other services related to advertising","MSA, NAICS 5-digit -- by ownership sector","All establishment sizes",5,18,782030,214924,8792,859,44687,"",2.12,0.77,1.37,1.03,1.50,1.82,1.83,"",0,0.0,-8,-30.8,-280260,-26.4,-133223,-38.3,-2734,-23.7,66,8.3,3433,8.3
"C2254","5","541890","48","0","2008","A","","Fond du Lac, WI MSA","Private","Other services related to advertising","MSA, NAICS 6-digit -- by ownership sector","All establishment sizes",5,18,782030,214924,8792,859,44687,"",2.12,0.77,1.37,1.03,1.50,1.82,1.83,"",0,0.0,-8,-30.8,-280260,-26.4,-133223,-38.3,-2734,-23.7,66,8.3,3433,8.3
"C2254","5","5419","46","0","2008","A","","Fond du Lac, WI MSA","Private","Other professional and technical services","MSA, NAICS 4-digit -- by ownership sector","All establishment sizes",19,314,11815901,2959578,27034,724,37650,"",1.00,1.57,1.93,1.52,0.53,1.23,1.23,"",1,5.6,-6,-1.9,753308,6.8,-56676,-1.9,-9252,-25.5,60,9.0,3106,9.0
"C2254","5","54191","47","0","2008","A","N","Fond du Lac, WI MSA","Private","Marketing research and public opinion polling","MSA, NAICS 5-digit -- by ownership sector","All establishment sizes",1,0,0,0,0,0,0,"N",0.47,0,0,0,0,0,0,"N",0,0.0,0,0,0,0,0,0,0,0,0,0,0,0
"C2254","5","541910","48","0","2008","A","N","Fond du Lac, WI MSA","Private","Marketing research and public opinion polling","MSA, NAICS 6-digit -- by ownership sector","All establishment sizes",1,0,0,0,0,0,0,"N",0.47,0,0,0,0,0,0,"N",0,0.0,0,0,0,0,0,0,0,0,0,0,0,0
"C2254","5","54192","47","0","2008","A","","Fond du Lac, WI MSA","Private","Photographic services","MSA, NAICS 5-digit -- by ownership sector","All establishment sizes",7,25,594319,225550,5173,457,23773,"",1.46,0.90,1.09,0.90,0.53,1.21,1.21,"N",0,0.0,0,0,0,0,0,0,0,0,0,0,0,0
"C2254","5","541921","48","0","2008","A","N","Fond du Lac, WI MSA","Private","Photography studios, portrait","MSA, NAICS 6-digit -- by ownership sector","All establishment sizes",5,0,0,0,0,0,0,"N",1.33,0,0,0,0,0,0,"N",0,0.0,0,0,0,0,0,0,0,0,0,0,0,0
"C2254","5","541922","48","0","2008","A","N","Fond du Lac, WI MSA","Private","Commercial photography","MSA, NAICS 6-digit -- by ownership sector","All establishment sizes",2,0,0,0,0,0,0,"N",1.97,0,0,0,0,0,0,"N",0,0.0,0,0,0,0,0,0,0,0,0,0,0,0
"C2254","5","54194","47","0","2008","A","","Fond du Lac, WI MSA","Private","Veterinary services","MSA, NAICS 5-digit -- by ownership sector","All establishment sizes",10,99,2853001,981627,10523,557,28964,"",1.35,0.97,1.14,1.03,0.64,1.17,1.17,"",0,0.0,0,0.0,24665,0.9,46573,5.0,3351,46.7,5,0.9,274,1.0
"C2254","5","541940","48","0","2008","A","","Fond du Lac, WI MSA","Private","Veterinary services","MSA, NAICS 6-digit -- by ownership sector","All establishment sizes",10,99,2853001,981627,10523,557,28964,"",1.35,0.97,1.14,1.03,0.64,1.17,1.17,"",0,0.0,0,0.0,24665,0.9,46573,5.0,3351,46.7,5,0.9,274,1.0
"C2254","5","54199","47","0","2008","A","N","Fond du Lac, WI MSA","Private","All other professional and technical services","MSA, NAICS 5-digit -- by ownership sector","All establishment sizes",1,0,0,0,0,0,0,"N",0.25,0,0,0,0,0,0,"N",1,100.0,0,0,0,0,0,0,0,0,0,0,0,0
"C2254","5","541990","48","0","2008","A","N","Fond du Lac, WI MSA","Private","All other professional and technical services","MSA, NAICS 6-digit -- by ownership sector","All establishment sizes",1,0,0,0,0,0,0,"N",0.25,0,0,0,0,0,0,"N",1,100.0,0,0,0,0,0,0,0,0,0,0,0,0
"C2254","5","55","44","0","2008","A","","Fond du Lac, WI MSA","Private","Management of companies and enterprises","MSA, NAICS Sector -- by ownership sector","All establishment sizes",9,92,3366887,1764923,26084,708,36797,"",0.66,0.14,0.07,0.19,0.10,0.49,0.49,"",-1,-10.0,-7,-7.1,121849,3.8,40642,2.4,1245,5.0,79,12.6,4101,12.5
"C2254","5","551","45","0","2008","A","","Fond du Lac, WI MSA","Private","Management of companies and enterprises","MSA, NAICS 3-digit -- by ownership sector","All establishment sizes",9,92,3366887,1764923,26084,708,36797,"",0.66,0.14,0.07,0.19,0.10,0.49,0.49,"",-1,-10.0,-7,-7.1,121849,3.8,40642,2.4,1245,5.0,79,12.6,4101,12.5
"C2254","5","5511","46","0","2008","A","","Fond du Lac, WI MSA","Private","Management of companies and enterprises","MSA, NAICS 4-digit -- by ownership sector","All establishment sizes",9,92,3366887,1764923,26084,708,36797,"",0.66,0.14,0.07,0.19,0.10,0.49,0.49,"",-1,-10.0,-7,-7.1,121849,3.8,40642,2.4,1245,5.0,79,12.6,4101,12.5
"C2254","5","55111","47","0","2008","A","","Fond du Lac, WI MSA","Private","Management of companies and enterprises","MSA, NAICS 5-digit -- by ownership sector","All establishment sizes",9,92,3366887,1764923,26084,708,36797,"",0.66,0.14,0.07,0.19,0.10,0.49,0.49,"",-1,-10.0,-7,-7.1,121849,3.8,40642,2.4,1245,5.0,79,12.6,4101,12.5
"C2254","5","551112","48","0","2008","A","N","Fond du Lac, WI MSA","Private","Offices of other holding companies","MSA, NAICS 6-digit -- by ownership sector","All establishment sizes",1,0,0,0,0,0,0,"N",0.39,0,0,0,0,0,0,"N",0,0.0,0,0,0,0,0,0,0,0,0,0,0,0
"C2254","5","551114","48","0","2008","A","N","Fond du Lac, WI MSA","Private","Managing offices","MSA, NAICS 6-digit -- by ownership sector","All establishment sizes",8,0,0,0,0,0,0,"N",0.75,0,0,0,0,0,0,"N",-1,-11.1,0,0,0,0,0,0,0,0,0,0,0,0
"C2254","5","56","44","0","2008","A","","Fond du Lac, WI MSA","Private","Administrative and waste services","MSA, NAICS Sector -- by ownership sector","All establishment sizes",88,1534,38577666,17652027,659401,484,25157,"",0.71,0.56,0.56,0.61,0.64,0.99,0.99,"",-3,-3.3,-166,-9.8,1967876,5.4,-1013937,-5.4,-114529,-14.8,70,16.9,3618,16.8
"C2254","5","561","45","0","2008","A","","Fond du Lac, WI MSA","Private","Administrative and support services","MSA, NAICS 3-digit -- by ownership sector","All establishment sizes",81,1491,37173541,17088864,635994,480,24935,"",0.69,0.57,0.58,0.62,0.65,1.01,1.01,"",-4,-4.7,-169,-10.2,1937110,5.5,-1022298,-5.6,-108626,-14.6,72,17.6,3714,17.5
"C2254","5","5611","46","0","2008","A","N","Fond du Lac, WI MSA","Private","Office administrative services","MSA, NAICS 4-digit -- by ownership sector","All establishment sizes",2,0,0,0,0,0,0,"N",0.18,0,0,0,0,0,0,"N",-2,-50.0,0,0,0,0,0,0,0,0,0,0,0,0
"C2254","5","56111","47","0","2008","A","N","Fond du Lac, WI MSA","Private","Office administrative services","MSA, NAICS 5-digit -- by ownership sector","All establishment sizes",2,0,0,0,0,0,0,"N",0.18,0,0,0,0,0,0,"N",-2,-50.0,0,0,0,0,0,0,0,0,0,0,0,0
"C2254","5","561110","48","0","2008","A","N","Fond du Lac, WI MSA","Private","Office administrative services","MSA, NAICS 6-digit -- by ownership sector","All establishment sizes",2,0,0,0,0,0,0,"N",0.18,0,0,0,0,0,0,"N",-2,-50.0,0,0,0,0,0,0,0,0,0,0,0,0
"C2254","5","5613","46","0","2008","A","","Fond du Lac, WI MSA","Private","Employment services","MSA, NAICS 4-digit -- by ownership sector","All establishment sizes",15,853,16661106,10723864,384350,375,19525,"",0.72,0.81,0.70,0.88,0.79,0.87,0.87,"",0,0.0,-138,-13.9,-2059275,-11.0,-1031192,-8.8,-74721,-16.3,12,3.3,627,3.3
"C2254","5","56131","47","0","2008","A","N","Fond du Lac, WI MSA","Private","Employment placement and executive search","MSA, NAICS 5-digit -- by ownership sector","All establishment sizes",1,0,0,0,0,0,0,"N",0.19,0,0,0,0,0,0,"N",0,0.0,0,0,0,0,0,0,0,0,0,0,0,0
"C2254","5","561311","48","0","2008","A","N","Fond du Lac, WI MSA","Private","Employment placement agencies","MSA, NAICS 6-digit -- by ownership sector","All establishment sizes",1,0,0,0,0,0,0,"N",0.26,0,0,0,0,0,0,"N",0,0.0,0,0,0,0,0,0,0,0,0,0,0,0
"C2254","5","56132","47","0","2008","A","N","Fond du Lac, WI MSA","Private","Temporary help services","MSA, NAICS 5-digit -- by ownership sector","All establishment sizes",14,0,0,0,0,0,0,"N",1.16,0,0,0,0,0,0,"N",0,0.0,0,0,0,0,0,0,0,0,0,0,0,0
"C2254","5","561320","48","0","2008","A","N","Fond du Lac, WI MSA","Private","Temporary help services","MSA, NAICS 6-digit -- by ownership sector","All establishment sizes",14,0,0,0,0,0,0,"N",1.16,0,0,0,0,0,0,"N",0,0.0,0,0,0,0,0,0,0,0,0,0,0,0
"C2254","5","5614","46","0","2008","A","","Fond du Lac, WI MSA","Private","Business support services","MSA, NAICS 4-digit -- by ownership sector","All establishment sizes",6,24,790364,233946,2733,625,32481,"",0.47,0.09,0.10,0.08,0.03,1.20,1.20,"N",2,50.0,0,0,0,0,0,0,0,0,0,0,0,0
"C2254","5","56141","47","0","2008","A","N","Fond du Lac, WI MSA","Private","Document preparation services","MSA, NAICS 5-digit -- by ownership sector","All establishment sizes",1,0,0,0,0,0,0,"N",0.44,0,0,0,0,0,0,"N",0,0.0,0,0,0,0,0,0,0,0,0,0,0,0
"C2254","5","561410","48","0","2008","A","N","Fond du Lac, WI MSA","Private","Document preparation services","MSA, NAICS 6-digit -- by ownership sector","All establishment sizes",1,0,0,0,0,0,0,"N",0.44,0,0,0,0,0,0,"N",0,0.0,0,0,0,0,0,0,0,0,0,0,0,0
"C2254","5","56142","47","0","2008","A","N","Fond du Lac, WI MSA","Private","Telephone call centers","MSA, NAICS 5-digit -- by ownership sector","All establishment sizes",1,0,0,0,0,0,0,"N",0.49,0,0,0,0,0,0,"N",1,100.0,0,0,0,0,0,0,0,0,0,0,0,0
"C2254","5","561422","48","0","2008","A","N","Fond du Lac, WI MSA","Private","Telemarketing and other contact centers","MSA, NAICS 6-digit -- by ownership sector","All establishment sizes",1,0,0,0,0,0,0,"N",0.67,0,0,0,0,0,0,"N",1,100.0,0,0,0,0,0,0,0,0,0,0,0,0
"C2254","5","56143","47","0","2008","A","N","Fond du Lac, WI MSA","Private","Business service centers","MSA, NAICS 5-digit -- by ownership sector","All establishment sizes",1,0,0,0,0,0,0,"N",0.33,0,0,0,0,0,0,"N",0,0.0,0,0,0,0,0,0,0,0,0,0,0,0
"C2254","5","561439","48","0","2008","A","N","Fond du Lac, WI MSA","Private","Other business service centers","MSA, NAICS 6-digit -- by ownership sector","All establishment sizes",1,0,0,0,0,0,0,"N",0.66,0,0,0,0,0,0,"N",0,0.0,0,0,0,0,0,0,0,0,0,0,0,0
"C2254","5","56144","47","0","2008","A","","Fond du Lac, WI MSA","Private","Collection agencies","MSA, NAICS 5-digit -- by ownership sector","All establishment sizes",3,17,502163,157423,1442,574,29831,"",1.75,0.32,0.32,0.26,0.07,1.04,1.04,"N",1,50.0,0,0,0,0,0,0,0,0,0,0,0,0
"C2254","5","561440","48","0","2008","A","","Fond du Lac, WI MSA","Private","Collection agencies","MSA, NAICS 6-digit -- by ownership sector","All establishment sizes",3,17,502163,157423,1442,574,29831,"",1.75,0.32,0.32,0.26,0.07,1.04,1.04,"N",1,50.0,0,0,0,0,0,0,0,0,0,0,0,0
"C2254","5","5615","46","0","2008","A","","Fond du Lac, WI MSA","Private","Travel arrangement and reservation services","MSA, NAICS 4-digit -- by ownership sector","All establishment sizes",7,31,710566,228191,9130,443,23045,"",1.06,0.41,0.28,0.29,0.39,0.69,0.69,"",-1,-12.5,0,0.0,-38003,-5.1,-46594,-17.0,-2280,-20.0,-23,-4.9,-1167,-4.8
"C2254","5","56151","47","0","2008","A","N","Fond du Lac, WI MSA","Private","Travel agencies","MSA, NAICS 5-digit -- by ownership sector","All establishment sizes",4,0,0,0,0,0,0,"N",0.89,0,0,0,0,0,0,"N",0,0.0,0,0,0,0,0,0,0,0,0,0,0,0
"C2254","5","561510","48","0","2008","A","N","Fond du Lac, WI MSA","Private","Travel agencies","MSA, NAICS 6-digit -- by ownership sector","All establishment sizes",4,0,0,0,0,0,0,"N",0.89,0,0,0,0,0,0,"N",0,0.0,0,0,0,0,0,0,0,0,0,0,0,0
"C2254","5","56152","47","0","2008","A","N","Fond du Lac, WI MSA","Private","Tour operators","MSA, NAICS 5-digit -- by ownership sector","All establishment sizes",1,0,0,0,0,0,0,"N",1.23,0,0,0,0,0,0,"N",0,0.0,0,0,0,0,0,0,0,0,0,0,0,0
"C2254","5","561520","48","0","2008","A","N","Fond du Lac, WI MSA","Private","Tour operators","MSA, NAICS 6-digit -- by ownership sector","All establishment sizes",1,0,0,0,0,0,0,"N",1.23,0,0,0,0,0,0,"N",0,0.0,0,0,0,0,0,0,0,0,0,0,0,0
"C2254","5","56159","47","0","2008","A","N","Fond du Lac, WI MSA","Private","Other travel arrangement services","MSA, NAICS 5-digit -- by ownership sector","All establishment sizes",2,0,0,0,0,0,0,"N",1.54,0,0,0,0,0,0,"N",-1,-33.3,0,0,0,0,0,0,0,0,0,0,0,0
"C2254","5","561591","48","0","2008","A","N","Fond du Lac, WI MSA","Private","Convention and visitors bureaus","MSA, NAICS 6-digit -- by ownership sector","All establishment sizes",1,0,0,0,0,0,0,"N",3.70,0,0,0,0,0,0,"N",0,0.0,0,0,0,0,0,0,0,0,0,0,0,0
"C2254","5","561599","48","0","2008","A","N","Fond du Lac, WI MSA","Private","All other travel arrangement services","MSA, NAICS 6-digit -- by ownership sector","All establishment sizes",1,0,0,0,0,0,0,"N",0.98,0,0,0,0,0,0,"N",-1,-50.0,0,0,0,0,0,0,0,0,0,0,0,0
"C2254","5","5616","46","0","2008","A","N","Fond du Lac, WI MSA","Private","Investigation and security services","MSA, NAICS 4-digit -- by ownership sector","All establishment sizes",2,0,0,0,0,0,0,"N",0.26,0,0,0,0,0,0,"N",1,100.0,0,0,0,0,0,0,0,0,0,0,0,0
"C2254","5","56161","47","0","2008","A","N","Fond du Lac, WI MSA","Private","Security and armored car services","MSA, NAICS 5-digit -- by ownership sector","All establishment sizes",1,0,0,0,0,0,0,"N",0.22,0,0,0,0,0,0,"N",1,100.0,0,0,0,0,0,0,0,0,0,0,0,0
"C2254","5","561612","48","0","2008","A","N","Fond du Lac, WI MSA","Private","Security guards and patrol services","MSA, NAICS 6-digit -- by ownership sector","All establishment sizes",1,0,0,0,0,0,0,"N",0.34,0,0,0,0,0,0,"N",1,100.0,0,0,0,0,0,0,0,0,0,0,0,0
"C2254","5","56162","47","0","2008","A","N","Fond du Lac, WI MSA","Private","Security systems services","MSA, NAICS 5-digit -- by ownership sector","All establishment sizes",1,0,0,0,0,0,0,"N",0.34,0,0,0,0,0,0,"N",0,0.0,0,0,0,0,0,0,0,0,0,0,0,0
"C2254","5","561621","48","0","2008","A","N","Fond du Lac, WI MSA","Private","Security systems services, except locksmiths","MSA, NAICS 6-digit -- by ownership sector","All establishment sizes",1,0,0,0,0,0,0,"N",0.52,0,0,0,0,0,0,"N",0,0.0,0,0,0,0,0,0,0,0,0,0,0,0
"C2254","5","5617","46","0","2008","A","","Fond du Lac, WI MSA","Private","Services to buildings and dwellings","MSA, NAICS 4-digit -- by ownership sector","All establishment sizes",42,385,6919216,3916857,203721,346,17980,"",0.82,0.62,0.59,0.65,1.01,0.95,0.95,"",-2,-4.5,-24,-5.9,-17982,-0.3,48902,1.3,-19331,-8.7,20,6.1,1029,6.1
"C2254","5","56171","47","0","2008","A","N","Fond du Lac, WI MSA","Private","Exterminating and pest control services","MSA, NAICS 5-digit -- by ownership sector","All establishment sizes",2,0,0,0,0,0,0,"N",0.60,0,0,0,0,0,0,"N",0,0.0,0,0,0,0,0,0,0,0,0,0,0,0
"C2254","5","561710","48","0","2008","A","N","Fond du Lac, WI MSA","Private","Exterminating and pest control services","MSA, NAICS 6-digit -- by ownership sector","All establishment sizes",2,0,0,0,0,0,0,"N",0.60,0,0,0,0,0,0,"N",0,0.0,0,0,0,0,0,0,0,0,0,0,0,0
"C2254","5","56172","47","0","2008","A","","Fond du Lac, WI MSA","Private","Janitorial services","MSA, NAICS 5-digit -- by ownership sector","All establishment sizes",13,208,2416829,1734393,38576,223,11615,"",0.81,0.64,0.51,0.62,0.52,0.79,0.79,"",-1,-7.1,-7,-3.3,35237,1.5,46832,2.8,-9659,-20.0,10,4.7,546,4.9
"C2254","5","561720","48","0","2008","A","","Fond du Lac, WI MSA","Private","Janitorial services","MSA, NAICS 6-digit -- by ownership sector","All establishment sizes",13,208,2416829,1734393,38576,223,11615,"",0.81,0.64,0.51,0.62,0.52,0.79,0.79,"",-1,-7.1,-7,-3.3,35237,1.5,46832,2.8,-9659,-20.0,10,4.7,546,4.9
"C2254","5","56173","47","0","2008","A","N","Fond du Lac, WI MSA","Private","Landscaping services","MSA, NAICS 5-digit -- by ownership sector","All establishment sizes",26,0,0,0,0,0,0,"N",1.00,0,0,0,0,0,0,"N",-2,-7.1,0,0,0,0,0,0,0,0,0,0,0,0
"C2254","5","561730","48","0","2008","A","N","Fond du Lac, WI MSA","Private","Landscaping services","MSA, NAICS 6-digit -- by ownership sector","All establishment sizes",26,0,0,0,0,0,0,"N",1.00,0,0,0,0,0,0,"N",-2,-7.1,0,0,0,0,0,0,0,0,0,0,0,0
"C2254","5","56174","47","0","2008","A","N","Fond du Lac, WI MSA","Private","Carpet and upholstery cleaning services","MSA, NAICS 5-digit -- by ownership sector","All establishment sizes",1,0,0,0,0,0,0,"N",0.42,0,0,0,0,0,0,"N",0,0.0,0,0,0,0,0,0,0,0,0,0,0,0
"C2254","5","561740","48","0","2008","A","N","Fond du Lac, WI MSA","Private","Carpet and upholstery cleaning services","MSA, NAICS 6-digit -- by ownership sector","All establishment sizes",1,0,0,0,0,0,0,"N",0.42,0,0,0,0,0,0,"N",0,0.0,0,0,0,0,0,0,0,0,0,0,0,0
"C2254","5","5619","46","0","2008","A","","Fond du Lac, WI MSA","Private","Other support services","MSA, NAICS 4-digit -- by ownership sector","All establishment sizes",8,96,2781088,883557,12151,555,28844,"",1.14,0.91,0.87,0.79,0.29,0.95,0.95,"",-1,-11.1,-26,-21.3,-315039,-10.2,-118931,-11.9,-2641,-17.9,68,14.0,3535,14.0
"C2254","5","56199","47","0","2008","A","","Fond du Lac, WI MSA","Private","All other support services","MSA, NAICS 5-digit -- by ownership sector","All establishment sizes",8,96,2781088,883557,12151,555,28844,"",1.55,1.42,1.38,1.29,0.53,0.97,0.97,"",-1,-11.1,-26,-21.3,-315039,-10.2,-118931,-11.9,-2641,-17.9,68,14.0,3535,14.0
"C2254","5","561990","48","0","2008","A","","Fond du Lac, WI MSA","Private","All other support services","MSA, NAICS 6-digit -- by ownership sector","All establishment sizes",8,96,2781088,883557,12151,555,28844,"",1.55,1.42,1.38,1.29,0.53,0.97,0.97,"",-1,-11.1,-26,-21.3,-315039,-10.2,-118931,-11.9,-2641,-17.9,68,14.0,3535,14.0
"C2254","5","562","45","0","2008","A","","Fond du Lac, WI MSA","Private","Waste management and remediation services","MSA, NAICS 3-digit -- by ownership sector","All establishment sizes",7,43,1404125,563163,23407,633,32909,"",1.10,0.35,0.29,0.38,0.45,0.83,0.83,"",1,16.7,4,10.3,30766,2.2,8361,1.5,-5903,-20.1,-40,-5.9,-2081,-5.9
"C2254","5","5622","46","0","2008","A","N","Fond du Lac, WI MSA","Private","Waste treatment and disposal","MSA, NAICS 4-digit -- by ownership sector","All establishment sizes",1,0,0,0,0,0,0,"N",1.02,0,0,0,0,0,0,"N",0,0.0,0,0,0,0,0,0,0,0,0,0,0,0
"C2254","5","56221","47","0","2008","A","N","Fond du Lac, WI MSA","Private","Waste treatment and disposal","MSA, NAICS 5-digit -- by ownership sector","All establishment sizes",1,0,0,0,0,0,0,"N",1.02,0,0,0,0,0,0,"N",0,0.0,0,0,0,0,0,0,0,0,0,0,0,0
"C2254","5","562219","48","0","2008","A","N","Fond du Lac, WI MSA","Private","Other nonhazardous waste disposal","MSA, NAICS 6-digit -- by ownership sector","All establishment sizes",1,0,0,0,0,0,0,"N",4.90,0,0,0,0,0,0,"N",0,0.0,0,0,0,0,0,0,0,0,0,0,0,0
"C2254","5","5629","46","0","2008","A","N","Fond du Lac, WI MSA","Private","Remediation and other waste services","MSA, NAICS 4-digit -- by ownership sector","All establishment sizes",6,0,0,0,0,0,0,"N",2.16,0,0,0,0,0,0,"N",1,20.0,0,0,0,0,0,0,0,0,0,0,0,0
"C2254","5","56291","47","0","2008","A","","Fond du Lac, WI MSA","Private","Remediation services","MSA, NAICS 5-digit -- by ownership sector","All establishment sizes",3,22,856061,315592,15848,743,38619,"",2.34,0.90,0.83,0.86,0.90,0.92,0.92,"",0,0.0,0,0.0,34228,4.2,-7259,-2.2,-9424,-37.3,8,1.1,394,1.0
"C2254","5","562910","48","0","2008","A","","Fond du Lac, WI MSA","Private","Remediation services","MSA, NAICS 6-digit -- by ownership sector","All establishment sizes",3,22,856061,315592,15848,743,38619,"",2.34,0.90,0.83,0.86,0.90,0.92,0.92,"",0,0.0,0,0.0,34228,4.2,-7259,-2.2,-9424,-37.3,8,1.1,394,1.0
"C2254","5","56292","47","0","2008","A","N","Fond du Lac, WI MSA","Private","Materials recovery facilities","MSA, NAICS 5-digit -- by ownership sector","All establishment sizes",1,0,0,0,0,0,0,"N",5.09,0,0,0,0,0,0,"N",0,0.0,0,0,0,0,0,0,0,0,0,0,0,0
"C2254","5","562920","48","0","2008","A","N","Fond du Lac, WI MSA","Private","Materials recovery facilities","MSA, NAICS 6-digit -- by ownership sector","All establishment sizes",1,0,0,0,0,0,0,"N",5.09,0,0,0,0,0,0,"N",0,0.0,0,0,0,0,0,0,0,0,0,0,0,0
"C2254","5","56299","47","0","2008","A","N","Fond du Lac, WI MSA","Private","All other waste management services","MSA, NAICS 5-digit -- by ownership sector","All establishment sizes",2,0,0,0,0,0,0,"N",1.54,0,0,0,0,0,0,"N",1,100.0,0,0,0,0,0,0,0,0,0,0,0,0
"C2254","5","562991","48","0","2008","A","N","Fond du Lac, WI MSA","Private","Septic tank and related services","MSA, NAICS 6-digit -- by ownership sector","All establishment sizes",1,0,0,0,0,0,0,"N",1.07,0,0,0,0,0,0,"N",0,0.0,0,0,0,0,0,0,0,0,0,0,0,0
"C2254","5","562998","48","0","2008","A","N","Fond du Lac, WI MSA","Private","Miscellaneous waste management services","MSA, NAICS 6-digit -- by ownership sector","All establishment sizes",1,0,0,0,0,0,0,"N",2.69,0,0,0,0,0,0,"N",1,100.0,0,0,0,0,0,0,0,0,0,0,0,0
"C2254","5","61","44","0","2008","A","","Fond du Lac, WI MSA","Private","Educational services","MSA, NAICS Sector -- by ownership sector","All establishment sizes",18,684,24771708,566526,4512,697,36238,"",0.76,0.85,0.95,0.18,0.05,1.12,1.12,"",2,12.5,28,4.3,1696125,7.4,-11333,-2.0,-1778,-28.3,21,3.1,1062,3.0
"C2254","5","611","45","0","2008","A","","Fond du Lac, WI MSA","Private","Educational services","MSA, NAICS 3-digit -- by ownership sector","All establishment sizes",18,684,24771708,566526,4512,697,36238,"",0.76,0.85,0.95,0.18,0.05,1.12,1.12,"",2,12.5,28,4.3,1696125,7.4,-11333,-2.0,-1778,-28.3,21,3.1,1062,3.0
"C2254","5","6111","46","0","2008","A","N","Fond du Lac, WI MSA","Private","Elementary and secondary schools","MSA, NAICS 4-digit -- by ownership sector","All establishment sizes",2,0,0,0,0,0,0,"N",0.47,0,0,0,0,0,0,"N",0,0.0,0,0,0,0,0,0,0,0,0,0,0,0
"C2254","5","61111","47","0","2008","A","N","Fond du Lac, WI MSA","Private","Elementary and secondary schools","MSA, NAICS 5-digit -- by ownership sector","All establishment sizes",2,0,0,0,0,0,0,"N",0.47,0,0,0,0,0,0,"N",0,0.0,0,0,0,0,0,0,0,0,0,0,0,0
"C2254","5","611110","48","0","2008","A","N","Fond du Lac, WI MSA","Private","Elementary and secondary schools","MSA, NAICS 6-digit -- by ownership sector","All establishment sizes",2,0,0,0,0,0,0,"N",0.47,0,0,0,0,0,0,"N",0,0.0,0,0,0,0,0,0,0,0,0,0,0,0
"C2254","5","6113","46","0","2008","A","N","Fond du Lac, WI MSA","Private","Colleges and universities","MSA, NAICS 4-digit -- by ownership sector","All establishment sizes",7,0,0,0,0,0,0,"N",5.61,0,0,0,0,0,0,"N",2,40.0,0,0,0,0,0,0,0,0,0,0,0,0
"C2254","5","61131","47","0","2008","A","N","Fond du Lac, WI MSA","Private","Colleges and universities","MSA, NAICS 5-digit -- by ownership sector","All establishment sizes",7,0,0,0,0,0,0,"N",5.61,0,0,0,0,0,0,"N",2,40.0,0,0,0,0,0,0,0,0,0,0,0,0
"C2254","5","611310","48","0","2008","A","N","Fond du Lac, WI MSA","Private","Colleges and universities","MSA, NAICS 6-digit -- by ownership sector","All establishment sizes",7,0,0,0,0,0,0,"N",5.61,0,0,0,0,0,0,"N",2,40.0,0,0,0,0,0,0,0,0,0,0,0,0
"C2254","5","6115","46","0","2008","A","N","Fond du Lac, WI MSA","Private","Technical and trade schools","MSA, NAICS 4-digit -- by ownership sector","All establishment sizes",1,0,0,0,0,0,0,"N",0.44,0,0,0,0,0,0,"N",0,0.0,0,0,0,0,0,0,0,0,0,0,0,0
"C2254","5","61151","47","0","2008","A","N","Fond du Lac, WI MSA","Private","Technical and trade schools","MSA, NAICS 5-digit -- by ownership sector","All establishment sizes",1,0,0,0,0,0,0,"N",0.44,0,0,0,0,0,0,"N",0,0.0,0,0,0,0,0,0,0,0,0,0,0,0
"C2254","5","611513","48","0","2008","A","N","Fond du Lac, WI MSA","Private","Apprenticeship training","MSA, NAICS 6-digit -- by ownership sector","All establishment sizes",1,0,0,0,0,0,0,"N",2.98,0,0,0,0,0,0,"N",0,0.0,0,0,0,0,0,0,0,0,0,0,0,0
"C2254","5","6116","46","0","2008","A","","Fond du Lac, WI MSA","Private","Other schools and instruction","MSA, NAICS 4-digit -- by ownership sector","All establishment sizes",8,61,620937,357861,1909,197,10221,"",0.78,0.61,0.40,0.51,0.10,0.66,0.66,"",0,0.0,-1,-1.6,-52490,-7.8,-41906,-10.5,-1531,-44.5,-13,-6.2,-699,-6.4
"C2254","5","61161","47","0","2008","A","N","Fond du Lac, WI MSA","Private","Fine arts schools","MSA, NAICS 5-digit -- by ownership sector","All establishment sizes",2,0,0,0,0,0,0,"N",0.72,0,0,0,0,0,0,"N",0,0.0,0,0,0,0,0,0,0,0,0,0,0,0
"C2254","5","611610","48","0","2008","A","N","Fond du Lac, WI MSA","Private","Fine arts schools","MSA, NAICS 6-digit -- by ownership sector","All establishment sizes",2,0,0,0,0,0,0,"N",0.72,0,0,0,0,0,0,"N",0,0.0,0,0,0,0,0,0,0,0,0,0,0,0
"C2254","5","61162","47","0","2008","A","N","Fond du Lac, WI MSA","Private","Sports and recreation instruction","MSA, NAICS 5-digit -- by ownership sector","All establishment sizes",2,0,0,0,0,0,0,"N",0.64,0,0,0,0,0,0,"N",0,0.0,0,0,0,0,0,0,0,0,0,0,0,0
"C2254","5","611620","48","0","2008","A","N","Fond du Lac, WI MSA","Private","Sports and recreation instruction","MSA, NAICS 6-digit -- by ownership sector","All establishment sizes",2,0,0,0,0,0,0,"N",0.64,0,0,0,0,0,0,"N",0,0.0,0,0,0,0,0,0,0,0,0,0,0,0
"C2254","5","61169","47","0","2008","A","","Fond du Lac, WI MSA","Private","All other schools and instruction","MSA, NAICS 5-digit -- by ownership sector","All establishment sizes",4,45,473304,258548,1304,202,10498,"",1.00,0.98,0.58,0.75,0.13,0.59,0.59,"",0,0.0,-2,-4.3,-45026,-8.7,-43024,-14.3,-1414,-52.0,-10,-4.7,-550,-5.0
"C2254","5","611691","48","0","2008","A","N","Fond du Lac, WI MSA","Private","Exam preparation and tutoring","MSA, NAICS 6-digit -- by ownership sector","All establishment sizes",1,0,0,0,0,0,0,"N",0.56,0,0,0,0,0,0,"N",0,0.0,0,0,0,0,0,0,0,0,0,0,0,0
"C2254","5","611692","48","0","2008","A","N","Fond du Lac, WI MSA","Private","Automobile driving schools","MSA, NAICS 6-digit -- by ownership sector","All establishment sizes",2,0,0,0,0,0,0,"N",3.30,0,0,0,0,0,0,"N",0,0.0,0,0,0,0,0,0,0,0,0,0,0,0
"C2254","5","611699","48","0","2008","A","N","Fond du Lac, WI MSA","Private","Miscellaneous schools and instruction","MSA, NAICS 6-digit -- by ownership sector","All establishment sizes",1,0,0,0,0,0,0,"N",0.63,0,0,0,0,0,0,"N",0,0.0,0,0,0,0,0,0,0,0,0,0,0,0
"C2254","5","6117","46","0","2008","A","N","Fond du Lac, WI MSA","Private","Educational support services","MSA, NAICS 4-digit -- by ownership sector","All establishment sizes",1,0,0,0,0,0,0,"N",0.35,0,0,0,0,0,0,"N",1,100.0,0,0,0,0,0,0,0,0,0,0,0,0
"C2254","5","61171","47","0","2008","A","N","Fond du Lac, WI MSA","Private","Educational support services","MSA, NAICS 5-digit -- by ownership sector","All establishment sizes",1,0,0,0,0,0,0,"N",0.35,0,0,0,0,0,0,"N",1,100.0,0,0,0,0,0,0,0,0,0,0,0,0
"C2254","5","611710","48","0","2008","A","N","Fond du Lac, WI MSA","Private","Educational support services","MSA, NAICS 6-digit -- by ownership sector","All establishment sizes",1,0,0,0,0,0,0,"N",0.35,0,0,0,0,0,0,"N",1,100.0,0,0,0,0,0,0,0,0,0,0,0,0
"C2254","5","62","44","0","2008","A","","Fond du Lac, WI MSA","Private","Health care and social assistance","MSA, NAICS Sector -- by ownership sector","All establishment sizes",211,5499,228095571,26353531,526048,798,41480,"",1.04,1.04,1.28,0.81,0.69,1.24,1.24,"",16,8.2,274,5.2,12903643,6.0,3277811,14.2,134578,34.4,6,0.8,294,0.7
"C2254","5","621","45","0","2008","A","","Fond du Lac, WI MSA","Private","Ambulatory health care services","MSA, NAICS 3-digit -- by ownership sector","All establishment sizes",122,1502,101460469,9966986,121169,1299,67569,"",0.88,0.78,1.27,0.58,0.31,1.63,1.63,"",5,4.3,60,4.2,1199828,1.2,559541,5.9,30424,33.5,-38,-2.8,-1944,-2.8
"C2254","5","6211","46","0","2008","A","","Fond du Lac, WI MSA","Private","Offices of physicians","MSA, NAICS 4-digit -- by ownership sector","All establishment sizes",28,610,69702420,1861959,18025,2197,114219,"",0.49,0.79,1.57,0.26,0.12,1.97,1.97,"",3,12.0,19,3.2,-628828,-0.9,-39706,-2.1,3704,25.9,-90,-3.9,-4718,-4.0
"C2254","5","62111","47","0","2008","A","","Fond du Lac, WI MSA","Private","Offices of physicians","MSA, NAICS 5-digit -- by ownership sector","All establishment sizes",28,610,69702420,1861959,18025,2197,114219,"",0.49,0.79,1.57,0.26,0.12,1.97,1.97,"",3,12.0,19,3.2,-628828,-0.9,-39706,-2.1,3704,25.9,-90,-3.9,-4718,-4.0
"C2254","5","621111","48","0","2008","A","","Fond du Lac, WI MSA","Private","Offices of physicians, except mental health","MSA, NAICS 6-digit -- by ownership sector","All establishment sizes",28,610,69702420,1861959,18025,2197,114219,"",0.51,0.81,1.59,0.27,0.12,1.96,1.96,"",3,12.0,19,3.2,-628828,-0.9,-39706,-2.1,3704,25.9,-90,-3.9,-4718,-4.0
"C2254","5","6212","46","0","2008","A","","Fond du Lac, WI MSA","Private","Offices of dentists","MSA, NAICS 4-digit -- by ownership sector","All establishment sizes",35,230,8496977,2437782,35291,712,37024,"",1.08,0.83,0.86,0.85,0.59,1.04,1.04,"",0,0.0,-1,-0.4,-23283,-0.3,-30680,-1.2,-4050,-10.3,4,0.6,206,0.6
"C2254","5","62121","47","0","2008","A","","Fond du Lac, WI MSA","Private","Offices of dentists","MSA, NAICS 5-digit -- by ownership sector","All establishment sizes",35,230,8496977,2437782,35291,712,37024,"",1.08,0.83,0.86,0.85,0.59,1.04,1.04,"",0,0.0,-1,-0.4,-23283,-0.3,-30680,-1.2,-4050,-10.3,4,0.6,206,0.6
"C2254","5","621210","48","0","2008","A","","Fond du Lac, WI MSA","Private","Offices of dentists","MSA, NAICS 6-digit -- by ownership sector","All establishment sizes",35,230,8496977,2437782,35291,712,37024,"",1.08,0.83,0.86,0.85,0.59,1.04,1.04,"",0,0.0,-1,-0.4,-23283,-0.3,-30680,-1.2,-4050,-10.3,4,0.6,206,0.6
"C2254","5","6213","46","0","2008","A","","Fond du Lac, WI MSA","Private","Offices of other health practitioners","MSA, NAICS 4-digit -- by ownership sector","All establishment sizes",35,216,7198036,1995916,28148,641,33350,"",1.13,1.01,1.19,0.95,0.60,1.17,1.17,"",2,6.1,35,19.3,1426850,24.7,358088,21.9,11345,67.5,26,4.2,1391,4.4
"C2254","5","62131","47","0","2008","A","","Fond du Lac, WI MSA","Private","Offices of chiropractors","MSA, NAICS 5-digit -- by ownership sector","All establishment sizes",17,66,1818981,660779,13996,531,27595,"",1.74,1.66,2.07,1.71,1.56,1.25,1.25,"",1,6.2,12,22.2,435700,31.5,156666,31.1,4220,43.2,37,7.5,1899,7.4
"C2254","5","621310","48","0","2008","A","","Fond du Lac, WI MSA","Private","Offices of chiropractors","MSA, NAICS 6-digit -- by ownership sector","All establishment sizes",17,66,1818981,660779,13996,531,27595,"",1.74,1.66,2.07,1.71,1.56,1.25,1.25,"",1,6.2,12,22.2,435700,31.5,156666,31.1,4220,43.2,37,7.5,1899,7.4
"C2254","5","62132","47","0","2008","A","","Fond du Lac, WI MSA","Private","Offices of optometrists","MSA, NAICS 5-digit -- by ownership sector","All establishment sizes",4,41,1423031,412891,3106,665,34568,"",0.79,1.14,1.47,1.17,0.45,1.28,1.28,"",0,0.0,1,2.5,22697,1.6,6461,1.6,1959,170.8,-8,-1.2,-440,-1.3
"C2254","5","621320","48","0","2008","A","","Fond du Lac, WI MSA","Private","Offices of optometrists","MSA, NAICS 6-digit -- by ownership sector","All establishment sizes",4,41,1423031,412891,3106,665,34568,"",0.79,1.14,1.47,1.17,0.45,1.28,1.28,"",0,0.0,1,2.5,22697,1.6,6461,1.6,1959,170.8,-8,-1.2,-440,-1.3
"C2254","5","62133","47","0","2008","A","N","Fond du Lac, WI MSA","Private","Offices of mental health practitioners","MSA, NAICS 5-digit -- by ownership sector","All establishment sizes",1,0,0,0,0,0,0,"N",0.27,0,0,0,0,0,0,"N",0,0.0,0,0,0,0,0,0,0,0,0,0,0,0
"C2254","5","621330","48","0","2008","A","N","Fond du Lac, WI MSA","Private","Offices of mental health practitioners","MSA, NAICS 6-digit -- by ownership sector","All establishment sizes",1,0,0,0,0,0,0,"N",0.27,0,0,0,0,0,0,"N",0,0.0,0,0,0,0,0,0,0,0,0,0,0,0
"C2254","5","62134","47","0","2008","A","","Fond du Lac, WI MSA","Private","Offices of specialty therapists","MSA, NAICS 5-digit -- by ownership sector","All establishment sizes",10,76,2558145,654448,10449,649,33771,"",1.41,0.90,0.97,0.77,0.55,1.08,1.08,"",2,25.0,22,40.7,995817,63.7,204939,45.6,5695,119.8,93,16.7,4884,16.9
"C2254","5","621340","48","0","2008","A","","Fond du Lac, WI MSA","Private","Offices of specialty therapists","MSA, NAICS 6-digit -- by ownership sector","All establishment sizes",10,76,2558145,654448,10449,649,33771,"",1.41,0.90,0.97,0.77,0.55,1.08,1.08,"",2,25.0,22,40.7,995817,63.7,204939,45.6,5695,119.8,93,16.7,4884,16.9
"C2254","5","62139","47","0","2008","A","N","Fond du Lac, WI MSA","Private","Offices of all other health practitioners","MSA, NAICS 5-digit -- by ownership sector","All establishment sizes",4,0,0,0,0,0,0,"N",0.73,0,0,0,0,0,0,"N",0,0.0,0,0,0,0,0,0,0,0,0,0,0,0
"C2254","5","621391","48","0","2008","A","N","Fond du Lac, WI MSA","Private","Offices of podiatrists","MSA, NAICS 6-digit -- by ownership sector","All establishment sizes",1,0,0,0,0,0,0,"N",0.47,0,0,0,0,0,0,"N",-1,-50.0,0,0,0,0,0,0,0,0,0,0,0,0
"C2254","5","621399","48","0","2008","A","N","Fond du Lac, WI MSA","Private","Offices of miscellaneous health practitioners","MSA, NAICS 6-digit -- by ownership sector","All establishment sizes",3,0,0,0,0,0,0,"N",0.91,0,0,0,0,0,0,"N",1,50.0,0,0,0,0,0,0,0,0,0,0,0,0
"C2254","5","6214","46","0","2008","A","N","Fond du Lac, WI MSA","Private","Outpatient care centers","MSA, NAICS 4-digit -- by ownership sector","All establishment sizes",8,0,0,0,0,0,0,"N",1.38,0,0,0,0,0,0,"N",0,0.0,0,0,0,0,0,0,0,0,0,0,0,0
"C2254","5","62141","47","0","2008","A","N","Fond du Lac, WI MSA","Private","Family planning centers","MSA, NAICS 5-digit -- by ownership sector","All establishment sizes",3,0,0,0,0,0,0,"N",6.77,0,0,0,0,0,0,"N",0,0.0,0,0,0,0,0,0,0,0,0,0,0,0
"C2254","5","621410","48","0","2008","A","N","Fond du Lac, WI MSA","Private","Family planning centers","MSA, NAICS 6-digit -- by ownership sector","All establishment sizes",3,0,0,0,0,0,0,"N",6.77,0,0,0,0,0,0,"N",0,0.0,0,0,0,0,0,0,0,0,0,0,0,0
"C2254","5","62142","47","0","2008","A","N","Fond du Lac, WI MSA","Private","Outpatient mental health centers","MSA, NAICS 5-digit -- by ownership sector","All establishment sizes",2,0,0,0,0,0,0,"N",1.13,0,0,0,0,0,0,"N",0,0.0,0,0,0,0,0,0,0,0,0,0,0,0
"C2254","5","621420","48","0","2008","A","N","Fond du Lac, WI MSA","Private","Outpatient mental health centers","MSA, NAICS 6-digit -- by ownership sector","All establishment sizes",2,0,0,0,0,0,0,"N",1.13,0,0,0,0,0,0,"N",0,0.0,0,0,0,0,0,0,0,0,0,0,0,0
"C2254","5","62149","47","0","2008","A","","Fond du Lac, WI MSA","Private","Other outpatient care centers","MSA, NAICS 5-digit -- by ownership sector","All establishment sizes",3,34,1970141,190217,5680,1117,58088,"",0.84,0.29,0.40,0.21,0.27,1.35,1.36,"",0,0.0,8,30.8,212445,12.1,57578,43.4,3269,135.6,-171,-13.3,-8872,-13.2
"C2254","5","621491","48","0","2008","A","N","Fond du Lac, WI MSA","Private","Hmo medical centers","MSA, NAICS 6-digit -- by ownership sector","All establishment sizes",1,0,0,0,0,0,0,"N",3.12,0,0,0,0,0,0,"N",0,0.0,0,0,0,0,0,0,0,0,0,0,0,0
"C2254","5","621492","48","0","2008","A","N","Fond du Lac, WI MSA","Private","Kidney dialysis centers","MSA, NAICS 6-digit -- by ownership sector","All establishment sizes",2,0,0,0,0,0,0,"N",1.92,0,0,0,0,0,0,"N",0,0.0,0,0,0,0,0,0,0,0,0,0,0,0
"C2254","5","6215","46","0","2008","A","N","Fond du Lac, WI MSA","Private","Medical and diagnostic laboratories","MSA, NAICS 4-digit -- by ownership sector","All establishment sizes",6,0,0,0,0,0,0,"N",1.56,0,0,0,0,0,0,"N",0,0.0,0,0,0,0,0,0,0,0,0,0,0,0
"C2254","5","62151","47","0","2008","A","N","Fond du Lac, WI MSA","Private","Medical and diagnostic laboratories","MSA, NAICS 5-digit -- by ownership sector","All establishment sizes",6,0,0,0,0,0,0,"N",1.56,0,0,0,0,0,0,"N",0,0.0,0,0,0,0,0,0,0,0,0,0,0,0
"C2254","5","621511","48","0","2008","A","N","Fond du Lac, WI MSA","Private","Medical laboratories","MSA, NAICS 6-digit -- by ownership sector","All establishment sizes",6,0,0,0,0,0,0,"N",2.70,0,0,0,0,0,0,"N",0,0.0,0,0,0,0,0,0,0,0,0,0,0,0
"C2254","5","6216","46","0","2008","A","","Fond du Lac, WI MSA","Private","Home health care services","MSA, NAICS 4-digit -- by ownership sector","All establishment sizes",5,71,2766109,83640,2562,749,38959,"",0.84,0.22,0.41,0.03,0.04,1.86,1.86,"",1,25.0,4,6.0,189956,7.4,21138,33.8,818,46.9,12,1.6,652,1.7
"C2254","5","62161","47","0","2008","A","","Fond du Lac, WI MSA","Private","Home health care services","MSA, NAICS 5-digit -- by ownership sector","All establishment sizes",5,71,2766109,83640,2562,749,38959,"",0.84,0.22,0.41,0.03,0.04,1.86,1.86,"",1,25.0,4,6.0,189956,7.4,21138,33.8,818,46.9,12,1.6,652,1.7
"C2254","5","621610","48","0","2008","A","","Fond du Lac, WI MSA","Private","Home health care services","MSA, NAICS 6-digit -- by ownership sector","All establishment sizes",5,71,2766109,83640,2562,749,38959,"",0.84,0.22,0.41,0.03,0.04,1.86,1.86,"",1,25.0,4,6.0,189956,7.4,21138,33.8,818,46.9,12,1.6,652,1.7
"C2254","5","6219","46","0","2008","A","","Fond du Lac, WI MSA","Private","Other ambulatory health care services","MSA, NAICS 4-digit -- by ownership sector","All establishment sizes",5,120,2546227,966386,18490,408,21204,"",2.18,1.47,1.06,1.46,1.11,0.72,0.72,"",0,0.0,-5,-4.0,-47502,-1.8,96760,11.1,10023,118.4,9,2.3,482,2.3
"C2254","5","62191","47","0","2008","A","N","Fond du Lac, WI MSA","Private","Ambulance services","MSA, NAICS 5-digit -- by ownership sector","All establishment sizes",2,0,0,0,0,0,0,"N",1.79,0,0,0,0,0,0,"N",0,0.0,0,0,0,0,0,0,0,0,0,0,0,0
"C2254","5","621910","48","0","2008","A","N","Fond du Lac, WI MSA","Private","Ambulance services","MSA, NAICS 6-digit -- by ownership sector","All establishment sizes",2,0,0,0,0,0,0,"N",1.79,0,0,0,0,0,0,"N",0,0.0,0,0,0,0,0,0,0,0,0,0,0,0
"C2254","5","62199","47","0","2008","A","N","Fond du Lac, WI MSA","Private","All other ambulatory health care services","MSA, NAICS 5-digit -- by ownership sector","All establishment sizes",3,0,0,0,0,0,0,"N",2.55,0,0,0,0,0,0,"N",0,0.0,0,0,0,0,0,0,0,0,0,0,0,0
"C2254","5","621991","48","0","2008","A","N","Fond du Lac, WI MSA","Private","Blood and organ banks","MSA, NAICS 6-digit -- by ownership sector","All establishment sizes",2,0,0,0,0,0,0,"N",5.24,0,0,0,0,0,0,"N",0,0.0,0,0,0,0,0,0,0,0,0,0,0,0
"C2254","5","621999","48","0","2008","A","N","Fond du Lac, WI MSA","Private","Miscellaneous ambulatory health care services","MSA, NAICS 6-digit -- by ownership sector","All establishment sizes",1,0,0,0,0,0,0,"N",1.26,0,0,0,0,0,0,"N",0,0.0,0,0,0,0,0,0,0,0,0,0,0,0
"C2254","5","622","45","0","2008","A","N","Fond du Lac, WI MSA","Private","Hospitals","MSA, NAICS 3-digit -- by ownership sector","All establishment sizes",2,0,0,0,0,0,0,"N",0.95,0,0,0,0,0,0,"N",-1,-33.3,0,0,0,0,0,0,0,0,0,0,0,0
"C2254","5","6221","46","0","2008","A","N","Fond du Lac, WI MSA","Private","General medical and surgical hospitals","MSA, NAICS 4-digit -- by ownership sector","All establishment sizes",2,0,0,0,0,0,0,"N",1.31,0,0,0,0,0,0,"N",-1,-33.3,0,0,0,0,0,0,0,0,0,0,0,0
"C2254","5","62211","47","0","2008","A","N","Fond du Lac, WI MSA","Private","General medical and surgical hospitals","MSA, NAICS 5-digit -- by ownership sector","All establishment sizes",2,0,0,0,0,0,0,"N",1.31,0,0,0,0,0,0,"N",-1,-33.3,0,0,0,0,0,0,0,0,0,0,0,0
"C2254","5","622110","48","0","2008","A","N","Fond du Lac, WI MSA","Private","General medical and surgical hospitals","MSA, NAICS 6-digit -- by ownership sector","All establishment sizes",2,0,0,0,0,0,0,"N",1.31,0,0,0,0,0,0,"N",-1,-33.3,0,0,0,0,0,0,0,0,0,0,0,0
"C2254","5","623","45","0","2008","A","","Fond du Lac, WI MSA","Private","Nursing and residential care facilities","MSA, NAICS 3-digit -- by ownership sector","All establishment sizes",42,1378,30452904,8605004,238157,425,22107,"",2.32,1.34,1.41,1.16,1.38,1.05,1.05,"",2,5.0,6,0.4,1514472,5.2,347802,4.2,51235,27.4,19,4.7,1019,4.8
"C2254","5","6231","46","0","2008","A","","Fond du Lac, WI MSA","Private","Nursing care facilities","MSA, NAICS 4-digit -- by ownership sector","All establishment sizes",6,629,15843443,3855018,105381,485,25198,"",1.35,1.14,1.28,0.88,1.07,1.12,1.12,"",0,0.0,-16,-2.5,933583,6.3,127748,3.4,33283,46.2,41,9.2,2085,9.0
"C2254","5","62311","47","0","2008","A","","Fond du Lac, WI MSA","Private","Nursing care facilities","MSA, NAICS 5-digit -- by ownership sector","All establishment sizes",6,629,15843443,3855018,105381,485,25198,"",1.35,1.14,1.28,0.88,1.07,1.12,1.12,"",0,0.0,-16,-2.5,933583,6.3,127748,3.4,33283,46.2,41,9.2,2085,9.0
"C2254","5","623110","48","0","2008","A","","Fond du Lac, WI MSA","Private","Nursing care facilities","MSA, NAICS 6-digit -- by ownership sector","All establishment sizes",6,629,15843443,3855018,105381,485,25198,"",1.35,1.14,1.28,0.88,1.07,1.12,1.12,"",0,0.0,-16,-2.5,933583,6.3,127748,3.4,33283,46.2,41,9.2,2085,9.0
"C2254","5","6232","46","0","2008","A","","Fond du Lac, WI MSA","Private","Residential mental health facilities","MSA, NAICS 4-digit -- by ownership sector","All establishment sizes",18,172,3458027,1517148,47950,387,20144,"",2.80,0.93,0.93,1.50,1.93,1.00,1.01,"",0,0.0,-7,-3.9,-29950,-0.9,-70996,-4.5,-1085,-2.2,12,3.2,658,3.4
"C2254","5","62321","47","0","2008","A","","Fond du Lac, WI MSA","Private","Residential disability facilities","MSA, NAICS 5-digit -- by ownership sector","All establishment sizes",15,143,2903637,1517148,47950,390,20282,"",3.20,1.16,1.27,2.31,3.41,1.09,1.09,"",0,0.0,-7,-4.7,-34019,-1.2,-70996,-4.5,-1085,-2.2,13,3.4,676,3.4
"C2254","5","623210","48","0","2008","A","","Fond du Lac, WI MSA","Private","Residential disability facilities","MSA, NAICS 6-digit -- by ownership sector","All establishment sizes",15,143,2903637,1517148,47950,390,20282,"",3.20,1.16,1.27,2.31,3.41,1.09,1.09,"",0,0.0,-7,-4.7,-34019,-1.2,-70996,-4.5,-1085,-2.2,13,3.4,676,3.4
"C2254","5","62322","47","0","2008","A","","Fond du Lac, WI MSA","Private","Residential mental and substance abuse care","MSA, NAICS 5-digit -- by ownership sector","All establishment sizes",3,29,554390,0,0,374,19452,"",1.72,0.47,0.39,0.00,0.00,0.85,0.85,"",0,0.0,0,0.0,4069,0.7,0,0.0,0,0.0,11,3.0,584,3.1
"C2254","5","623220","48","0","2008","A","","Fond du Lac, WI MSA","Private","Residential mental and substance abuse care","MSA, NAICS 6-digit -- by ownership sector","All establishment sizes",3,29,554390,0,0,374,19452,"",1.72,0.47,0.39,0.00,0.00,0.85,0.85,"",0,0.0,0,0.0,4069,0.7,0,0.0,0,0.0,11,3.0,584,3.1
"C2254","5","6233","46","0","2008","A","","Fond du Lac, WI MSA","Private","Community care facilities for the elderly","MSA, NAICS 4-digit -- by ownership sector","All establishment sizes",18,577,11151434,3232838,84826,372,19324,"",3.27,2.48,2.62,1.94,2.09,1.05,1.06,"",3,20.0,29,5.3,610839,5.8,291050,9.9,19037,28.9,2,0.5,95,0.5
"C2254","5","62331","47","0","2008","A","","Fond du Lac, WI MSA","Private","Community care facilities for the elderly","MSA, NAICS 5-digit -- by ownership sector","All establishment sizes",18,577,11151434,3232838,84826,372,19324,"",3.27,2.48,2.62,1.94,2.09,1.05,1.06,"",3,20.0,29,5.3,610839,5.8,291050,9.9,19037,28.9,2,0.5,95,0.5
"C2254","5","623311","48","0","2008","A","N","Fond du Lac, WI MSA","Private","Continuing care retirement communities","MSA, NAICS 6-digit -- by ownership sector","All establishment sizes",3,0,0,0,0,0,0,"N",2.26,0,0,0,0,0,0,"N",0,0.0,0,0,0,0,0,0,0,0,0,0,0,0
"C2254","5","623312","48","0","2008","A","N","Fond du Lac, WI MSA","Private","Assisted living facilities for the elderly","MSA, NAICS 6-digit -- by ownership sector","All establishment sizes",15,0,0,0,0,0,0,"N",3.59,0,0,0,0,0,0,"N",3,25.0,0,0,0,0,0,0,0,0,0,0,0,0
"C2254","5","624","45","0","2008","A","N","Fond du Lac, WI MSA","Private","Social assistance","MSA, NAICS 3-digit -- by ownership sector","All establishment sizes",45,0,0,0,0,0,0,"N",1.04,0,0,0,0,0,0,"N",9,25.0,0,0,0,0,0,0,0,0,0,0,0,0
"C2254","5","6241","46","0","2008","A","","Fond du Lac, WI MSA","Private","Individual and family services","MSA, NAICS 4-digit -- by ownership sector","All establishment sizes",22,422,7382323,3199658,67655,337,17504,"",1.09,1.12,1.05,1.40,0.99,0.94,0.94,"",6,37.5,185,78.1,3514817,90.9,1418529,79.6,18110,36.6,23,7.3,1162,7.1
"C2254","5","62411","47","0","2008","A","","Fond du Lac, WI MSA","Private","Child and youth services","MSA, NAICS 5-digit -- by ownership sector","All establishment sizes",3,17,496025,102922,3907,548,28480,"",1.16,0.30,0.38,0.33,0.39,1.27,1.27,"N",1,50.0,0,0,0,0,0,0,0,0,0,0,0,0
"C2254","5","624110","48","0","2008","A","","Fond du Lac, WI MSA","Private","Child and youth services","MSA, NAICS 6-digit -- by ownership sector","All establishment sizes",3,17,496025,102922,3907,548,28480,"",1.16,0.30,0.38,0.33,0.39,1.27,1.27,"N",1,50.0,0,0,0,0,0,0,0,0,0,0,0,0
"C2254","5","62412","47","0","2008","A","","Fond du Lac, WI MSA","Private","Services for the elderly and disabled","MSA, NAICS 5-digit -- by ownership sector","All establishment sizes",12,334,5409811,2435040,50044,311,16181,"",1.07,1.68,1.82,1.99,1.60,1.08,1.09,"",3,33.3,140,72.2,2419686,80.9,988863,68.4,8183,19.5,14,4.7,728,4.7
"C2254","5","624120","48","0","2008","A","","Fond du Lac, WI MSA","Private","Services for the elderly and disabled","MSA, NAICS 6-digit -- by ownership sector","All establishment sizes",12,334,5409811,2435040,50044,311,16181,"",1.07,1.68,1.82,1.99,1.60,1.08,1.09,"",3,33.3,140,72.2,2419686,80.9,988863,68.4,8183,19.5,14,4.7,728,4.7
"C2254","5","62419","47","0","2008","A","","Fond du Lac, WI MSA","Private","Other individual and family services","MSA, NAICS 5-digit -- by ownership sector","All establishment sizes",7,70,1476487,661696,13704,406,21093,"",1.09,0.58,0.53,0.87,0.50,0.91,0.91,"N",2,40.0,0,0,0,0,0,0,0,0,0,0,0,0
"C2254","5","624190","48","0","2008","A","","Fond du Lac, WI MSA","Private","Other individual and family services","MSA, NAICS 6-digit -- by ownership sector","All establishment sizes",7,70,1476487,661696,13704,406,21093,"",1.09,0.58,0.53,0.87,0.50,0.91,0.91,"N",2,40.0,0,0,0,0,0,0,0,0,0,0,0,0
"C2254","5","6242","46","0","2008","A","N","Fond du Lac, WI MSA","Private","Emergency and other relief services","MSA, NAICS 4-digit -- by ownership sector","All establishment sizes",3,0,0,0,0,0,0,"N",1.18,0,0,0,0,0,0,"N",1,50.0,0,0,0,0,0,0,0,0,0,0,0,0
"C2254","5","62422","47","0","2008","A","N","Fond du Lac, WI MSA","Private","Community housing services","MSA, NAICS 5-digit -- by ownership sector","All establishment sizes",3,0,0,0,0,0,0,"N",2.17,0,0,0,0,0,0,"N",1,50.0,0,0,0,0,0,0,0,0,0,0,0,0
"C2254","5","624221","48","0","2008","A","N","Fond du Lac, WI MSA","Private","Temporary shelters","MSA, NAICS 6-digit -- by ownership sector","All establishment sizes",1,0,0,0,0,0,0,"N",1.23,0,0,0,0,0,0,"N",0,0.0,0,0,0,0,0,0,0,0,0,0,0,0
"C2254","5","624229","48","0","2008","A","N","Fond du Lac, WI MSA","Private","Other community housing services","MSA, NAICS 6-digit -- by ownership sector","All establishment sizes",2,0,0,0,0,0,0,"N",3.51,0,0,0,0,0,0,"N",1,100.0,0,0,0,0,0,0,0,0,0,0,0,0
"C2254","5","6243","46","0","2008","A","N","Fond du Lac, WI MSA","Private","Vocational rehabilitation services","MSA, NAICS 4-digit -- by ownership sector","All establishment sizes",3,0,0,0,0,0,0,"N",1.18,0,0,0,0,0,0,"N",0,0.0,0,0,0,0,0,0,0,0,0,0,0,0
"C2254","5","62431","47","0","2008","A","N","Fond du Lac, WI MSA","Private","Vocational rehabilitation services","MSA, NAICS 5-digit -- by ownership sector","All establishment sizes",3,0,0,0,0,0,0,"N",1.18,0,0,0,0,0,0,"N",0,0.0,0,0,0,0,0,0,0,0,0,0,0,0
"C2254","5","624310","48","0","2008","A","N","Fond du Lac, WI MSA","Private","Vocational rehabilitation services","MSA, NAICS 6-digit -- by ownership sector","All establishment sizes",3,0,0,0,0,0,0,"N",1.18,0,0,0,0,0,0,"N",0,0.0,0,0,0,0,0,0,0,0,0,0,0,0
"C2254","5","6244","46","0","2008","A","","Fond du Lac, WI MSA","Private","Child day care services","MSA, NAICS 4-digit -- by ownership sector","All establishment sizes",17,281,4055918,2770024,42944,277,14421,"",0.94,1.04,1.04,1.26,0.73,1.00,1.00,"",2,13.3,11,4.1,374314,10.2,204242,8.0,3441,8.7,15,5.7,785,5.8
"C2254","5","62441","47","0","2008","A","","Fond du Lac, WI MSA","Private","Child day care services","MSA, NAICS 5-digit -- by ownership sector","All establishment sizes",17,281,4055918,2770024,42944,277,14421,"",0.94,1.04,1.04,1.26,0.73,1.00,1.00,"",2,13.3,11,4.1,374314,10.2,204242,8.0,3441,8.7,15,5.7,785,5.8
"C2254","5","624410","48","0","2008","A","","Fond du Lac, WI MSA","Private","Child day care services","MSA, NAICS 6-digit -- by ownership sector","All establishment sizes",17,281,4055918,2770024,42944,277,14421,"",0.94,1.04,1.04,1.26,0.73,1.00,1.00,"",2,13.3,11,4.1,374314,10.2,204242,8.0,3441,8.7,15,5.7,785,5.8
"C2254","5","71","44","0","2008","A","","Fond du Lac, WI MSA","Private","Arts, entertainment, and recreation","MSA, NAICS Sector -- by ownership sector","All establishment sizes",34,432,5303230,2199941,55857,236,12285,"",1.02,0.64,0.31,0.42,0.30,0.48,0.48,"",2,6.2,-7,-1.6,27744,0.5,-15325,-0.7,-24086,-30.1,5,2.2,266,2.2
"C2254","5","711","45","0","2008","A","","Fond du Lac, WI MSA","Private","Performing arts and spectator sports","MSA, NAICS 3-digit -- by ownership sector","All establishment sizes",7,20,493298,154911,1198,468,24360,"",0.55,0.14,0.06,0.12,0.02,0.41,0.41,"",1,16.7,1,5.3,29429,6.3,11359,7.9,-327,-21.4,-14,-2.9,-714,-2.8
"C2254","5","7111","46","0","2008","A","N","Fond du Lac, WI MSA","Private","Performing arts companies","MSA, NAICS 4-digit -- by ownership sector","All establishment sizes",1,0,0,0,0,0,0,"N",0.38,0,0,0,0,0,0,"N",0,0.0,0,0,0,0,0,0,0,0,0,0,0,0
"C2254","5","71113","47","0","2008","A","N","Fond du Lac, WI MSA","Private","Musical groups and artists","MSA, NAICS 5-digit -- by ownership sector","All establishment sizes",1,0,0,0,0,0,0,"N",0.70,0,0,0,0,0,0,"N",0,0.0,0,0,0,0,0,0,0,0,0,0,0,0
"C2254","5","711130","48","0","2008","A","N","Fond du Lac, WI MSA","Private","Musical groups and artists","MSA, NAICS 6-digit -- by ownership sector","All establishment sizes",1,0,0,0,0,0,0,"N",0.70,0,0,0,0,0,0,"N",0,0.0,0,0,0,0,0,0,0,0,0,0,0,0
"C2254","5","7113","46","0","2008","A","N","Fond du Lac, WI MSA","Private","Promoters of performing arts and sports","MSA, NAICS 4-digit -- by ownership sector","All establishment sizes",1,0,0,0,0,0,0,"N",0.63,0,0,0,0,0,0,"N",0,0.0,0,0,0,0,0,0,0,0,0,0,0,0
"C2254","5","71132","47","0","2008","A","N","Fond du Lac, WI MSA","Private","Promoters without facilities","MSA, NAICS 5-digit -- by ownership sector","All establishment sizes",1,0,0,0,0,0,0,"N",1.06,0,0,0,0,0,0,"N",0,0.0,0,0,0,0,0,0,0,0,0,0,0,0
"C2254","5","711320","48","0","2008","A","N","Fond du Lac, WI MSA","Private","Promoters without facilities","MSA, NAICS 6-digit -- by ownership sector","All establishment sizes",1,0,0,0,0,0,0,"N",1.06,0,0,0,0,0,0,"N",0,0.0,0,0,0,0,0,0,0,0,0,0,0,0
"C2254","5","7115","46","0","2008","A","","Fond du Lac, WI MSA","Private","Independent artists, writers, and performers","MSA, NAICS 4-digit -- by ownership sector","All establishment sizes",5,6,308247,68337,981,988,51375,"",0.87,0.36,0.20,0.38,0.14,0.55,0.55,"",1,25.0,0,0.0,3009,1.0,240,0.4,-355,-26.6,-63,-6.0,-3294,-6.0
"C2254","5","71151","47","0","2008","A","","Fond du Lac, WI MSA","Private","Independent artists, writers, and performers","MSA, NAICS 5-digit -- by ownership sector","All establishment sizes",5,6,308247,68337,981,988,51375,"",0.87,0.36,0.20,0.38,0.14,0.55,0.55,"",1,25.0,0,0.0,3009,1.0,240,0.4,-355,-26.6,-63,-6.0,-3294,-6.0
"C2254","5","711510","48","0","2008","A","","Fond du Lac, WI MSA","Private","Independent artists, writers, and performers","MSA, NAICS 6-digit -- by ownership sector","All establishment sizes",5,6,308247,68337,981,988,51375,"",0.87,0.36,0.20,0.38,0.14,0.55,0.55,"",1,25.0,0,0.0,3009,1.0,240,0.4,-355,-26.6,-63,-6.0,-3294,-6.0
"C2254","5","713","45","0","2008","A","","Fond du Lac, WI MSA","Private","Amusements, gambling, and recreation","MSA, NAICS 3-digit -- by ownership sector","All establishment sizes",28,411,4809932,2045030,54659,225,11691,"",1.45,0.84,0.62,0.54,0.43,0.74,0.74,"",3,12.0,-9,-2.1,-1685,0.0,-26684,-1.3,-23759,-30.3,5,2.3,246,2.1
"C2254","5","7131","46","0","2008","A","N","Fond du Lac, WI MSA","Private","Amusement parks and arcades","MSA, NAICS 4-digit -- by ownership sector","All establishment sizes",2,0,0,0,0,0,0,"N",2.63,0,0,0,0,0,0,"N",0,0.0,0,0,0,0,0,0,0,0,0,0,0,0
"C2254","5","71311","47","0","2008","A","N","Fond du Lac, WI MSA","Private","Amusement and theme parks","MSA, NAICS 5-digit -- by ownership sector","All establishment sizes",1,0,0,0,0,0,0,"N",4.31,0,0,0,0,0,0,"N",0,0.0,0,0,0,0,0,0,0,0,0,0,0,0
"C2254","5","713110","48","0","2008","A","N","Fond du Lac, WI MSA","Private","Amusement and theme parks","MSA, NAICS 6-digit -- by ownership sector","All establishment sizes",1,0,0,0,0,0,0,"N",4.31,0,0,0,0,0,0,"N",0,0.0,0,0,0,0,0,0,0,0,0,0,0,0
"C2254","5","71312","47","0","2008","A","N","Fond du Lac, WI MSA","Private","Amusement arcades","MSA, NAICS 5-digit -- by ownership sector","All establishment sizes",1,0,0,0,0,0,0,"N",1.89,0,0,0,0,0,0,"N",0,0.0,0,0,0,0,0,0,0,0,0,0,0,0
"C2254","5","713120","48","0","2008","A","N","Fond du Lac, WI MSA","Private","Amusement arcades","MSA, NAICS 6-digit -- by ownership sector","All establishment sizes",1,0,0,0,0,0,0,"N",1.89,0,0,0,0,0,0,"N",0,0.0,0,0,0,0,0,0,0,0,0,0,0,0
"C2254","5","7139","46","0","2008","A","N","Fond du Lac, WI MSA","Private","Other amusement and recreation industries","MSA, NAICS 4-digit -- by ownership sector","All establishment sizes",26,0,0,0,0,0,0,"N",1.47,0,0,0,0,0,0,"N",3,13.0,0,0,0,0,0,0,0,0,0,0,0,0
"C2254","5","71391","47","0","2008","A","","Fond du Lac, WI MSA","Private","Golf courses and country clubs","MSA, NAICS 5-digit -- by ownership sector","All establishment sizes",6,99,1440846,852555,26573,281,14616,"",1.97,0.82,0.69,0.83,0.59,0.84,0.84,"",0,0.0,-8,-7.5,-105725,-6.8,-27785,-3.2,-18029,-40.4,3,1.1,173,1.2
"C2254","5","713910","48","0","2008","A","","Fond du Lac, WI MSA","Private","Golf courses and country clubs","MSA, NAICS 6-digit -- by ownership sector","All establishment sizes",6,99,1440846,852555,26573,281,14616,"",1.97,0.82,0.69,0.83,0.59,0.84,0.84,"",0,0.0,-8,-7.5,-105725,-6.8,-27785,-3.2,-18029,-40.4,3,1.1,173,1.2
"C2254","5","71394","47","0","2008","A","","Fond du Lac, WI MSA","Private","Fitness and recreational sports centers","MSA, NAICS 5-digit -- by ownership sector","All establishment sizes",7,164,1373056,215491,4123,161,8398,"",0.87,0.96,0.65,0.19,0.13,0.68,0.68,"",3,75.0,10,6.5,139320,11.3,76594,55.1,2815,215.2,6,3.9,361,4.5
"C2254","5","713940","48","0","2008","A","","Fond du Lac, WI MSA","Private","Fitness and recreational sports centers","MSA, NAICS 6-digit -- by ownership sector","All establishment sizes",7,164,1373056,215491,4123,161,8398,"",0.87,0.96,0.65,0.19,0.13,0.68,0.68,"",3,75.0,10,6.5,139320,11.3,76594,55.1,2815,215.2,6,3.9,361,4.5
"C2254","5","71395","47","0","2008","A","","Fond du Lac, WI MSA","Private","Bowling centers","MSA, NAICS 5-digit -- by ownership sector","All establishment sizes",7,99,850883,511934,19520,165,8580,"",5.96,3.87,2.96,2.80,3.70,0.76,0.76,"",0,0.0,-9,-8.3,-124654,-12.8,-58218,-10.2,-9392,-32.5,-8,-4.6,-432,-4.8
"C2254","5","713950","48","0","2008","A","","Fond du Lac, WI MSA","Private","Bowling centers","MSA, NAICS 6-digit -- by ownership sector","All establishment sizes",7,99,850883,511934,19520,165,8580,"",5.96,3.87,2.96,2.80,3.70,0.76,0.76,"",0,0.0,-9,-8.3,-124654,-12.8,-58218,-10.2,-9392,-32.5,-8,-4.6,-432,-4.8
"C2254","5","71399","47","0","2008","A","N","Fond du Lac, WI MSA","Private","All other amusement and recreation industries","MSA, NAICS 5-digit -- by ownership sector","All establishment sizes",6,0,0,0,0,0,0,"N",1.40,0,0,0,0,0,0,"N",0,0.0,0,0,0,0,0,0,0,0,0,0,0,0
"C2254","5","713990","48","0","2008","A","N","Fond du Lac, WI MSA","Private","All other amusement and recreation industries","MSA, NAICS 6-digit -- by ownership sector","All establishment sizes",6,0,0,0,0,0,0,"N",1.40,0,0,0,0,0,0,"N",0,0.0,0,0,0,0,0,0,0,0,0,0,0,0
"C2254","5","72","44","0","2008","A","","Fond du Lac, WI MSA","Private","Accommodation and food services","MSA, NAICS Sector -- by ownership sector","All establishment sizes",216,3727,38358583,25686596,403912,198,10293,"",1.33,0.96,0.74,0.80,0.55,0.78,0.78,"",-4,-1.8,-99,-2.6,110384,0.3,-405887,-1.6,-42752,-9.6,6,3.1,295,3.0
"C2254","5","721","45","0","2008","A","","Fond du Lac, WI MSA","Private","Accommodation","MSA, NAICS 3-digit -- by ownership sector","All establishment sizes",17,306,4229467,2333175,35219,266,13833,"",0.99,0.48,0.33,0.35,0.21,0.67,0.68,"",-2,-10.5,-34,-10.0,-505795,-10.7,-199478,-7.9,-16300,-31.6,-2,-0.7,-108,-0.8
"C2254","5","7211","46","0","2008","A","","Fond du Lac, WI MSA","Private","Traveler accommodation","MSA, NAICS 4-digit -- by ownership sector","All establishment sizes",13,272,3815718,2207764,34215,270,14054,"",0.88,0.44,0.30,0.34,0.21,0.68,0.68,"",-1,-7.1,-36,-11.7,-556261,-12.7,-239595,-9.8,-16407,-32.4,-3,-1.1,-164,-1.2
"C2254","5","72111","47","0","2008","A","","Fond du Lac, WI MSA","Private","Hotels and motels, except casino hotels","MSA, NAICS 5-digit -- by ownership sector","All establishment sizes",13,272,3815718,2207764,34215,270,14054,"",0.97,0.53,0.39,0.47,0.26,0.72,0.72,"",-1,-7.1,-36,-11.7,-556261,-12.7,-239595,-9.8,-16407,-32.4,-3,-1.1,-164,-1.2
"C2254","5","721110","48","0","2008","A","","Fond du Lac, WI MSA","Private","Hotels and motels, except casino hotels","MSA, NAICS 6-digit -- by ownership sector","All establishment sizes",13,272,3815718,2207764,34215,270,14054,"",0.97,0.53,0.39,0.47,0.26,0.72,0.72,"",-1,-7.1,-36,-11.7,-556261,-12.7,-239595,-9.8,-16407,-32.4,-3,-1.1,-164,-1.2
"C2254","5","7212","46","0","2008","A","","Fond du Lac, WI MSA","Private","Rv parks and recreational camps","MSA, NAICS 4-digit -- by ownership sector","All establishment sizes",4,34,413749,125411,1004,232,12080,"",2.23,1.85,1.40,0.81,0.20,0.75,0.75,"",0,0.0,2,6.2,50466,13.9,40117,47.0,107,11.9,15,6.9,786,7.0
"C2254","5","72121","47","0","2008","A","","Fond du Lac, WI MSA","Private","Rv parks and recreational camps","MSA, NAICS 5-digit -- by ownership sector","All establishment sizes",4,34,413749,125411,1004,232,12080,"",2.23,1.85,1.40,0.81,0.20,0.75,0.75,"",0,0.0,2,6.2,50466,13.9,40117,47.0,107,11.9,15,6.9,786,7.0
"C2254","5","721211","48","0","2008","A","N","Fond du Lac, WI MSA","Private","Rv parks and campgrounds","MSA, NAICS 6-digit -- by ownership sector","All establishment sizes",3,0,0,0,0,0,0,"N",2.80,0,0,0,0,0,0,"N",0,0.0,0,0,0,0,0,0,0,0,0,0,0,0
"C2254","5","721214","48","0","2008","A","N","Fond du Lac, WI MSA","Private","Recreational and vacation camps","MSA, NAICS 6-digit -- by ownership sector","All establishment sizes",1,0,0,0,0,0,0,"N",1.38,0,0,0,0,0,0,"N",0,0.0,0,0,0,0,0,0,0,0,0,0,0,0
"C2254","5","722","45","0","2008","A","","Fond du Lac, WI MSA","Private","Food services and drinking places","MSA, NAICS 3-digit -- by ownership sector","All establishment sizes",199,3421,34129116,23353421,368693,192,9976,"",1.37,1.05,0.88,0.93,0.64,0.84,0.84,"",-2,-1.0,-65,-1.9,616179,1.8,-206409,-0.9,-26452,-6.7,7,3.8,363,3.8
"C2254","5","7221","46","0","2008","A","","Fond du Lac, WI MSA","Private","Full-service restaurants","MSA, NAICS 4-digit -- by ownership sector","All establishment sizes",72,1564,16166848,10855058,109332,199,10340,"",1.26,1.01,0.81,0.85,0.40,0.81,0.81,"",-1,-1.4,-29,-1.8,235939,1.5,-229320,-2.1,-26045,-19.2,7,3.6,337,3.4
"C2254","5","72211","47","0","2008","A","","Fond du Lac, WI MSA","Private","Full-service restaurants","MSA, NAICS 5-digit -- by ownership sector","All establishment sizes",72,1564,16166848,10855058,109332,199,10340,"",1.26,1.01,0.81,0.85,0.40,0.81,0.81,"",-1,-1.4,-29,-1.8,235939,1.5,-229320,-2.1,-26045,-19.2,7,3.6,337,3.4
"C2254","5","722110","48","0","2008","A","","Fond du Lac, WI MSA","Private","Full-service restaurants","MSA, NAICS 6-digit -- by ownership sector","All establishment sizes",72,1564,16166848,10855058,109332,199,10340,"",1.26,1.01,0.81,0.85,0.40,0.81,0.81,"",-1,-1.4,-29,-1.8,235939,1.5,-229320,-2.1,-26045,-19.2,7,3.6,337,3.4
"C2254","5","7222","46","0","2008","A","","Fond du Lac, WI MSA","Private","Limited-service eating places","MSA, NAICS 4-digit -- by ownership sector","All establishment sizes",61,1421,12752829,9103270,119352,173,8976,"",0.90,1.01,0.89,0.91,0.61,0.88,0.88,"",-2,-3.2,3,0.2,324286,2.6,30214,0.3,-6279,-5.0,4,2.4,209,2.4
"C2254","5","72221","47","0","2008","A","","Fond du Lac, WI MSA","Private","Limited-service eating places","MSA, NAICS 5-digit -- by ownership sector","All establishment sizes",61,1421,12752829,9103270,119352,173,8976,"",0.90,1.01,0.89,0.91,0.61,0.88,0.88,"",-2,-3.2,3,0.2,324286,2.6,30214,0.3,-6279,-5.0,4,2.4,209,2.4
"C2254","5","722211","48","0","2008","A","","Fond du Lac, WI MSA","Private","Limited-service restaurants","MSA, NAICS 6-digit -- by ownership sector","All establishment sizes",52,1323,11555052,8452024,105895,168,8735,"",0.97,1.11,0.96,1.01,0.68,0.86,0.86,"",-3,-5.5,0,0.0,112557,1.0,-23151,-0.3,-5546,-5.0,2,1.2,83,1.0
"C2254","5","722212","48","0","2008","A","","Fond du Lac, WI MSA","Private","Cafeterias, grill buffets, and buffets","MSA, NAICS 6-digit -- by ownership sector","All establishment sizes",3,60,772514,469522,11782,247,12857,"",1.53,1.36,1.40,1.36,1.48,1.03,1.03,"N",1,50.0,0,0,0,0,0,0,0,0,0,0,0,0
"C2254","5","722213","48","0","2008","A","","Fond du Lac, WI MSA","Private","Snack and nonalcoholic beverage bars","MSA, NAICS 6-digit -- by ownership sector","All establishment sizes",6,38,425263,181724,1675,216,11216,"",0.49,0.22,0.24,0.15,0.05,1.09,1.09,"N",0,0.0,0,0,0,0,0,0,0,0,0,0,0,0
"C2254","5","7223","46","0","2008","A","","Fond du Lac, WI MSA","Private","Special food services","MSA, NAICS 4-digit -- by ownership sector","All establishment sizes",10,180,2892233,1626776,104498,309,16053,"",1.29,0.98,0.93,1.01,1.29,0.95,0.95,"",-1,-9.1,-41,-18.6,-50697,-1.7,1896,0.1,6889,7.1,53,20.7,2762,20.8
"C2254","5","72231","47","0","2008","A","N","Fond du Lac, WI MSA","Private","Food service contractors","MSA, NAICS 5-digit -- by ownership sector","All establishment sizes",7,0,0,0,0,0,0,"N",1.65,0,0,0,0,0,0,"N",0,0.0,0,0,0,0,0,0,0,0,0,0,0,0
"C2254","5","722310","48","0","2008","A","N","Fond du Lac, WI MSA","Private","Food service contractors","MSA, NAICS 6-digit -- by ownership sector","All establishment sizes",7,0,0,0,0,0,0,"N",1.65,0,0,0,0,0,0,"N",0,0.0,0,0,0,0,0,0,0,0,0,0,0,0
"C2254","5","72232","47","0","2008","A","N","Fond du Lac, WI MSA","Private","Caterers","MSA, NAICS 5-digit -- by ownership sector","All establishment sizes",3,0,0,0,0,0,0,"N",0.98,0,0,0,0,0,0,"N",-1,-25.0,0,0,0,0,0,0,0,0,0,0,0,0
"C2254","5","722320","48","0","2008","A","N","Fond du Lac, WI MSA","Private","Caterers","MSA, NAICS 6-digit -- by ownership sector","All establishment sizes",3,0,0,0,0,0,0,"N",0.98,0,0,0,0,0,0,"N",-1,-25.0,0,0,0,0,0,0,0,0,0,0,0,0
"C2254","5","7224","46","0","2008","A","","Fond du Lac, WI MSA","Private","Drinking places, alcoholic beverages","MSA, NAICS 4-digit -- by ownership sector","All establishment sizes",56,257,2317206,1768317,35511,174,9034,"",4.47,2.16,1.82,1.97,1.66,0.85,0.85,"",0,0.0,3,1.2,106651,4.8,-9199,-0.5,-1017,-2.8,7,4.2,345,4.0
"C2254","5","72241","47","0","2008","A","","Fond du Lac, WI MSA","Private","Drinking places, alcoholic beverages","MSA, NAICS 5-digit -- by ownership sector","All establishment sizes",56,257,2317206,1768317,35511,174,9034,"",4.47,2.16,1.82,1.97,1.66,0.85,0.85,"",0,0.0,3,1.2,106651,4.8,-9199,-0.5,-1017,-2.8,7,4.2,345,4.0
"C2254","5","722410","48","0","2008","A","","Fond du Lac, WI MSA","Private","Drinking places, alcoholic beverages","MSA, NAICS 6-digit -- by ownership sector","All establishment sizes",56,257,2317206,1768317,35511,174,9034,"",4.47,2.16,1.82,1.97,1.66,0.85,0.85,"",0,0.0,3,1.2,106651,4.8,-9199,-0.5,-1017,-2.8,7,4.2,345,4.0
"C2254","5","81","44","0","2008","A","","Fond du Lac, WI MSA","Private","Other services, except public administration","MSA, NAICS Sector -- by ownership sector","All establishment sizes",251,1405,26517753,11584923,254410,363,18876,"",0.79,0.92,0.76,0.90,0.71,0.83,0.83,"",14,5.9,-106,-7.0,-1482055,-5.3,-895581,-7.2,2218,0.9,7,2.0,348,1.9
"C2254","5","811","45","0","2008","A","","Fond du Lac, WI MSA","Private","Repair and maintenance","MSA, NAICS 3-digit -- by ownership sector","All establishment sizes",79,414,11100778,4357057,85657,515,26792,"",1.31,1.00,0.94,0.99,0.71,0.94,0.94,"",-4,-4.8,-3,-0.7,534889,5.1,63946,1.5,-14176,-14.2,28,5.7,1459,5.8
"C2254","5","8111","46","0","2008","A","","Fond du Lac, WI MSA","Private","Automotive repair and maintenance","MSA, NAICS 4-digit -- by ownership sector","All establishment sizes",62,349,9103425,3646969,70518,502,26122,"",1.44,1.20,1.26,1.22,0.92,1.04,1.05,"",-4,-6.1,-6,-1.7,365333,4.2,-27745,-0.8,-12128,-14.7,28,5.9,1485,6.0
"C2254","5","81111","47","0","2008","A","","Fond du Lac, WI MSA","Private","Automotive mechanical and electrical repair","MSA, NAICS 5-digit -- by ownership sector","All establishment sizes",30,193,5293651,2090915,38029,528,27440,"",1.20,1.48,1.52,1.49,1.10,1.03,1.03,"",-1,-3.2,-4,-2.0,199687,3.9,-42309,-2.0,-16793,-30.6,31,6.2,1615,6.3
"C2254","5","811111","48","0","2008","A","","Fond du Lac, WI MSA","Private","General automotive repair","MSA, NAICS 6-digit -- by ownership sector","All establishment sizes",21,113,3116294,1168147,24503,532,27680,"",1.03,1.06,1.10,1.03,0.87,1.03,1.03,"",-1,-4.5,-2,-1.7,123517,4.1,-14206,-1.2,-4687,-16.1,30,6.0,1580,6.1
"C2254","5","811112","48","0","2008","A","N","Fond du Lac, WI MSA","Private","Automotive exhaust system repair","MSA, NAICS 6-digit -- by ownership sector","All establishment sizes",1,0,0,0,0,0,0,"N",0.99,0,0,0,0,0,0,"N",0,0.0,0,0,0,0,0,0,0,0,0,0,0,0
"C2254","5","811113","48","0","2008","A","N","Fond du Lac, WI MSA","Private","Automotive transmission repair","MSA, NAICS 6-digit -- by ownership sector","All establishment sizes",3,0,0,0,0,0,0,"N",1.91,0,0,0,0,0,0,"N",0,0.0,0,0,0,0,0,0,0,0,0,0,0,0
"C2254","5","811118","48","0","2008","A","","Fond du Lac, WI MSA","Private","Other automotive mechanical and elec. repair","MSA, NAICS 6-digit -- by ownership sector","All establishment sizes",5,43,1162307,478366,6843,520,27030,"",2.53,3.58,3.62,3.83,2.41,1.01,1.01,"",0,0.0,0,0.0,45576,4.1,-18916,-3.8,-10739,-61.1,22,4.4,1110,4.3
"C2254","5","81112","47","0","2008","A","","Fond du Lac, WI MSA","Private","Automotive body, interior, and glass repair","MSA, NAICS 5-digit -- by ownership sector","All establishment sizes",22,67,2197998,699214,17753,632,32888,"",1.96,0.79,0.84,0.74,0.65,1.07,1.07,"",-1,-4.3,1,1.5,136331,6.6,2345,0.3,-271,-1.5,27,4.5,1452,4.6
"C2254","5","811121","48","0","2008","A","N","Fond du Lac, WI MSA","Private","Automotive body and interior repair","MSA, NAICS 6-digit -- by ownership sector","All establishment sizes",21,0,0,0,0,0,0,"N",2.18,0,0,0,0,0,0,"N",-1,-4.5,0,0,0,0,0,0,0,0,0,0,0,0
"C2254","5","811122","48","0","2008","A","N","Fond du Lac, WI MSA","Private","Automotive glass replacement shops","MSA, NAICS 6-digit -- by ownership sector","All establishment sizes",1,0,0,0,0,0,0,"N",0.61,0,0,0,0,0,0,"N",0,0.0,0,0,0,0,0,0,0,0,0,0,0,0
"C2254","5","81119","47","0","2008","A","","Fond du Lac, WI MSA","Private","Other automotive repair and maintenance","MSA, NAICS 5-digit -- by ownership sector","All establishment sizes",10,89,1611776,856840,14736,349,18161,"",1.44,1.19,1.40,1.32,1.00,1.18,1.18,"",-2,-16.7,-3,-3.3,29315,1.9,12219,1.4,4936,50.4,18,5.4,929,5.4
"C2254","5","811191","48","0","2008","A","N","Fond du Lac, WI MSA","Private","Automotive oil change and lubrication shops","MSA, NAICS 6-digit -- by ownership sector","All establishment sizes",2,0,0,0,0,0,0,"N",0.98,0,0,0,0,0,0,"N",0,0.0,0,0,0,0,0,0,0,0,0,0,0,0
"C2254","5","811192","48","0","2008","A","","Fond du Lac, WI MSA","Private","Car washes","MSA, NAICS 6-digit -- by ownership sector","All establishment sizes",7,62,1038080,567786,9434,323,16788,"",1.80,1.28,1.62,1.48,1.10,1.26,1.26,"",-1,-12.5,-5,-7.5,-73042,-6.6,-18038,-3.1,3185,51.0,4,1.3,204,1.2
"C2254","5","811198","48","0","2008","A","N","Fond du Lac, WI MSA","Private","All other automotive repair and maintenance","MSA, NAICS 6-digit -- by ownership sector","All establishment sizes",1,0,0,0,0,0,0,"N",0.99,0,0,0,0,0,0,"N",-1,-50.0,0,0,0,0,0,0,0,0,0,0,0,0
"C2254","5","8112","46","0","2008","A","N","Fond du Lac, WI MSA","Private","Electronic equipment repair and maintenance","MSA, NAICS 4-digit -- by ownership sector","All establishment sizes",2,0,0,0,0,0,0,"N",0.46,0,0,0,0,0,0,"N",0,0.0,0,0,0,0,0,0,0,0,0,0,0,0
"C2254","5","81121","47","0","2008","A","N","Fond du Lac, WI MSA","Private","Electronic equipment repair and maintenance","MSA, NAICS 5-digit -- by ownership sector","All establishment sizes",2,0,0,0,0,0,0,"N",0.46,0,0,0,0,0,0,"N",0,0.0,0,0,0,0,0,0,0,0,0,0,0,0
"C2254","5","811219","48","0","2008","A","N","Fond du Lac, WI MSA","Private","Other electronic equipment repair","MSA, NAICS 6-digit -- by ownership sector","All establishment sizes",2,0,0,0,0,0,0,"N",1.47,0,0,0,0,0,0,"N",0,0.0,0,0,0,0,0,0,0,0,0,0,0,0
"C2254","5","8113","46","0","2008","A","","Fond du Lac, WI MSA","Private","Commercial machinery repair and maintenance","MSA, NAICS 4-digit -- by ownership sector","All establishment sizes",9,46,1491402,507951,8587,627,32599,"",1.24,0.72,0.60,0.67,0.36,0.84,0.84,"",0,0.0,3,7.0,191970,14.8,91070,21.8,-1921,-18.3,48,8.3,2496,8.3
"C2254","5","81131","47","0","2008","A","","Fond du Lac, WI MSA","Private","Commercial machinery repair and maintenance","MSA, NAICS 5-digit -- by ownership sector","All establishment sizes",9,46,1491402,507951,8587,627,32599,"",1.24,0.72,0.60,0.67,0.36,0.84,0.84,"",0,0.0,3,7.0,191970,14.8,91070,21.8,-1921,-18.3,48,8.3,2496,8.3
"C2254","5","811310","48","0","2008","A","","Fond du Lac, WI MSA","Private","Commercial machinery repair and maintenance","MSA, NAICS 6-digit -- by ownership sector","All establishment sizes",9,46,1491402,507951,8587,627,32599,"",1.24,0.72,0.60,0.67,0.36,0.84,0.84,"",0,0.0,3,7.0,191970,14.8,91070,21.8,-1921,-18.3,48,8.3,2496,8.3
"C2254","5","8114","46","0","2008","A","N","Fond du Lac, WI MSA","Private","Household goods repair and maintenance","MSA, NAICS 4-digit -- by ownership sector","All establishment sizes",6,0,0,0,0,0,0,"N",1.08,0,0,0,0,0,0,"N",0,0.0,0,0,0,0,0,0,0,0,0,0,0,0
"C2254","5","81141","47","0","2008","A","N","Fond du Lac, WI MSA","Private","Home and garden equip. and appliance repair","MSA, NAICS 5-digit -- by ownership sector","All establishment sizes",2,0,0,0,0,0,0,"N",1.33,0,0,0,0,0,0,"N",0,0.0,0,0,0,0,0,0,0,0,0,0,0,0
"C2254","5","811411","48","0","2008","A","N","Fond du Lac, WI MSA","Private","Home and garden equipment repair","MSA, NAICS 6-digit -- by ownership sector","All establishment sizes",1,0,0,0,0,0,0,"N",2.76,0,0,0,0,0,0,"N",0,0.0,0,0,0,0,0,0,0,0,0,0,0,0
"C2254","5","811412","48","0","2008","A","N","Fond du Lac, WI MSA","Private","Appliance repair and maintenance","MSA, NAICS 6-digit -- by ownership sector","All establishment sizes",1,0,0,0,0,0,0,"N",0.87,0,0,0,0,0,0,"N",0,0.0,0,0,0,0,0,0,0,0,0,0,0,0
"C2254","5","81143","47","0","2008","A","N","Fond du Lac, WI MSA","Private","Footwear and leather goods repair","MSA, NAICS 5-digit -- by ownership sector","All establishment sizes",1,0,0,0,0,0,0,"N",3.62,0,0,0,0,0,0,"N",0,0.0,0,0,0,0,0,0,0,0,0,0,0,0
"C2254","5","811430","48","0","2008","A","N","Fond du Lac, WI MSA","Private","Footwear and leather goods repair","MSA, NAICS 6-digit -- by ownership sector","All establishment sizes",1,0,0,0,0,0,0,"N",3.62,0,0,0,0,0,0,"N",0,0.0,0,0,0,0,0,0,0,0,0,0,0,0
"C2254","5","81149","47","0","2008","A","","Fond du Lac, WI MSA","Private","Other household goods repair and maintenance","MSA, NAICS 5-digit -- by ownership sector","All establishment sizes",3,15,391508,155889,6015,499,25956,"",1.22,1.47,1.62,1.47,2.05,1.10,1.10,"",0,0.0,0,0.0,-10576,-2.6,2786,1.8,-79,-1.3,-25,-4.8,-1304,-4.8
"C2254","5","811490","48","0","2008","A","","Fond du Lac, WI MSA","Private","Other household goods repair and maintenance","MSA, NAICS 6-digit -- by ownership sector","All establishment sizes",3,15,391508,155889,6015,499,25956,"",1.22,1.47,1.62,1.47,2.05,1.10,1.10,"",0,0.0,0,0.0,-10576,-2.6,2786,1.8,-79,-1.3,-25,-4.8,-1304,-4.8
"C2254","5","812","45","0","2008","A","","Fond du Lac, WI MSA","Private","Personal and laundry services","MSA, NAICS 3-digit -- by ownership sector","All establishment sizes",75,484,7675154,4121472,49389,305,15874,"",1.46,1.08,0.96,1.05,0.53,0.89,0.89,"",2,2.7,0,0.0,-40574,-0.5,19236,0.5,6797,16.0,-2,-0.7,-76,-0.5
"C2254","5","8121","46","0","2008","A","","Fond du Lac, WI MSA","Private","Personal care services","MSA, NAICS 4-digit -- by ownership sector","All establishment sizes",48,309,4512093,2691989,22316,281,14602,"",1.69,1.47,1.41,1.50,0.59,0.96,0.96,"",2,4.3,-5,-1.6,-14501,-0.3,-19685,-0.7,-1597,-6.7,4,1.4,198,1.4
"C2254","5","81211","47","0","2008","A","","Fond du Lac, WI MSA","Private","Hair, nail, and skin care services","MSA, NAICS 5-digit -- by ownership sector","All establishment sizes",44,291,4110668,2535881,20664,272,14138,"",1.86,1.72,1.54,1.69,0.69,0.89,0.89,"",2,4.8,-1,-0.3,-12661,-0.3,-10035,-0.4,-1055,-4.9,0,0.0,-3,0.0
"C2254","5","812111","48","0","2008","A","N","Fond du Lac, WI MSA","Private","Barber shops","MSA, NAICS 6-digit -- by ownership sector","All establishment sizes",1,0,0,0,0,0,0,"N",1.07,0,0,0,0,0,0,"N",0,0.0,0,0,0,0,0,0,0,0,0,0,0,0
"C2254","5","812112","48","0","2008","A","","Fond du Lac, WI MSA","Private","Beauty salons","MSA, NAICS 6-digit -- by ownership sector","All establishment sizes",42,285,3988218,2479599,20545,269,13994,"",2.15,1.88,1.63,1.83,0.78,0.86,0.86,"",2,5.0,-1,-0.3,4667,0.1,-9733,-0.4,-1054,-4.9,1,0.4,45,0.3
"C2254","5","812113","48","0","2008","A","N","Fond du Lac, WI MSA","Private","Nail salons","MSA, NAICS 6-digit -- by ownership sector","All establishment sizes",1,0,0,0,0,0,0,"N",0.31,0,0,0,0,0,0,"N",0,0.0,0,0,0,0,0,0,0,0,0,0,0,0
"C2254","5","81219","47","0","2008","A","","Fond du Lac, WI MSA","Private","Other personal care services","MSA, NAICS 5-digit -- by ownership sector","All establishment sizes",4,18,401425,156108,1652,423,21996,"",0.84,0.44,0.76,0.53,0.21,1.72,1.72,"",0,0.0,-5,-21.7,-1840,-0.5,-9650,-5.8,-542,-24.7,81,23.7,4205,23.6
"C2254","5","812191","48","0","2008","A","N","Fond du Lac, WI MSA","Private","Diet and weight reducing centers","MSA, NAICS 6-digit -- by ownership sector","All establishment sizes",2,0,0,0,0,0,0,"N",2.72,0,0,0,0,0,0,"N",0,0.0,0,0,0,0,0,0,0,0,0,0,0,0
"C2254","5","812199","48","0","2008","A","N","Fond du Lac, WI MSA","Private","Other personal care services","MSA, NAICS 6-digit -- by ownership sector","All establishment sizes",2,0,0,0,0,0,0,"N",0.50,0,0,0,0,0,0,"N",0,0.0,0,0,0,0,0,0,0,0,0,0,0,0
"C2254","5","8122","46","0","2008","A","","Fond du Lac, WI MSA","Private","Death care services","MSA, NAICS 4-digit -- by ownership sector","All establishment sizes",13,57,1816575,527325,15309,608,31638,"",2.60,1.26,1.55,1.37,1.60,1.22,1.22,"",1,8.3,3,5.6,6023,0.3,54594,11.5,4876,46.7,-43,-6.6,-2204,-6.5
"C2254","5","81221","47","0","2008","A","","Fond du Lac, WI MSA","Private","Funeral homes and funeral services","MSA, NAICS 5-digit -- by ownership sector","All establishment sizes",6,32,1442043,293616,4843,880,45779,"",1.59,0.92,1.58,1.00,0.81,1.75,1.76,"",1,20.0,4,14.3,18457,1.3,38927,15.3,2358,94.9,-83,-8.6,-4318,-8.6
"C2254","5","812210","48","0","2008","A","","Fond du Lac, WI MSA","Private","Funeral homes and funeral services","MSA, NAICS 6-digit -- by ownership sector","All establishment sizes",6,32,1442043,293616,4843,880,45779,"",1.59,0.92,1.58,1.00,0.81,1.75,1.76,"",1,20.0,4,14.3,18457,1.3,38927,15.3,2358,94.9,-83,-8.6,-4318,-8.6
"C2254","5","81222","47","0","2008","A","","Fond du Lac, WI MSA","Private","Cemeteries and crematories","MSA, NAICS 5-digit -- by ownership sector","All establishment sizes",7,26,374532,233709,10466,278,14451,"",5.73,2.53,1.43,2.58,2.94,0.57,0.57,"",0,0.0,1,4.0,-12434,-3.2,15667,7.2,2518,31.7,-19,-6.4,-976,-6.3
"C2254","5","812220","48","0","2008","A","","Fond du Lac, WI MSA","Private","Cemeteries and crematories","MSA, NAICS 6-digit -- by ownership sector","All establishment sizes",7,26,374532,233709,10466,278,14451,"",5.73,2.53,1.43,2.58,2.94,0.57,0.57,"",0,0.0,1,4.0,-12434,-3.2,15667,7.2,2518,31.7,-19,-6.4,-976,-6.3
"C2254","5","8123","46","0","2008","A","","Fond du Lac, WI MSA","Private","Drycleaning and laundry services","MSA, NAICS 4-digit -- by ownership sector","All establishment sizes",8,82,979752,641119,6433,230,11936,"",0.80,0.73,0.46,0.62,0.26,0.63,0.63,"",0,0.0,-2,-2.4,-26578,-2.6,-6954,-1.1,2501,63.6,-1,-0.4,-92,-0.8
"C2254","5","81231","47","0","2008","A","N","Fond du Lac, WI MSA","Private","Coin-operated laundries and drycleaners","MSA, NAICS 5-digit -- by ownership sector","All establishment sizes",5,0,0,0,0,0,0,"N",1.95,0,0,0,0,0,0,"N",0,0.0,0,0,0,0,0,0,0,0,0,0,0,0
"C2254","5","812310","48","0","2008","A","N","Fond du Lac, WI MSA","Private","Coin-operated laundries and drycleaners","MSA, NAICS 6-digit -- by ownership sector","All establishment sizes",5,0,0,0,0,0,0,"N",1.95,0,0,0,0,0,0,"N",0,0.0,0,0,0,0,0,0,0,0,0,0,0,0
"C2254","5","81232","47","0","2008","A","N","Fond du Lac, WI MSA","Private","Drycleaning and laundry services","MSA, NAICS 5-digit -- by ownership sector","All establishment sizes",3,0,0,0,0,0,0,"N",0.45,0,0,0,0,0,0,"N",0,0.0,0,0,0,0,0,0,0,0,0,0,0,0
"C2254","5","812320","48","0","2008","A","N","Fond du Lac, WI MSA","Private","Drycleaning and laundry services","MSA, NAICS 6-digit -- by ownership sector","All establishment sizes",3,0,0,0,0,0,0,"N",0.45,0,0,0,0,0,0,"N",0,0.0,0,0,0,0,0,0,0,0,0,0,0,0
"C2254","5","8129","46","0","2008","A","","Fond du Lac, WI MSA","Private","Other personal services","MSA, NAICS 4-digit -- by ownership sector","All establishment sizes",7,35,366734,261039,5331,202,10478,"",0.89,0.43,0.25,0.37,0.26,0.57,0.57,"",0,0.0,3,9.4,-5518,-1.5,-8719,-3.2,1017,23.6,-19,-8.6,-1035,-9.0
"C2254","5","81291","47","0","2008","A","N","Fond du Lac, WI MSA","Private","Pet care, except veterinary, services","MSA, NAICS 5-digit -- by ownership sector","All establishment sizes",6,0,0,0,0,0,0,"N",1.96,0,0,0,0,0,0,"N",0,0.0,0,0,0,0,0,0,0,0,0,0,0,0
"C2254","5","812910","48","0","2008","A","N","Fond du Lac, WI MSA","Private","Pet care, except veterinary, services","MSA, NAICS 6-digit -- by ownership sector","All establishment sizes",6,0,0,0,0,0,0,"N",1.96,0,0,0,0,0,0,"N",0,0.0,0,0,0,0,0,0,0,0,0,0,0,0
"C2254","5","81299","47","0","2008","A","N","Fond du Lac, WI MSA","Private","All other personal services","MSA, NAICS 5-digit -- by ownership sector","All establishment sizes",1,0,0,0,0,0,0,"N",0.39,0,0,0,0,0,0,"N",0,0.0,0,0,0,0,0,0,0,0,0,0,0,0
"C2254","5","812990","48","0","2008","A","N","Fond du Lac, WI MSA","Private","All other personal services","MSA, NAICS 6-digit -- by ownership sector","All establishment sizes",1,0,0,0,0,0,0,"N",0.39,0,0,0,0,0,0,"N",0,0.0,0,0,0,0,0,0,0,0,0,0,0,0
"C2254","5","813","45","0","2008","A","","Fond du Lac, WI MSA","Private","Membership associations and organizations","MSA, NAICS 3-digit -- by ownership sector","All establishment sizes",34,412,7091243,2586294,106601,331,17233,"",0.93,0.89,0.57,0.91,1.30,0.65,0.65,"",-2,-5.6,-121,-22.7,-2066762,-22.6,-1080796,-29.5,6573,6.6,0,0.0,46,0.3
"C2254","5","8131","46","0","2008","A","N","Fond du Lac, WI MSA","Private","Religious organizations","MSA, NAICS 4-digit -- by ownership sector","All establishment sizes",1,0,0,0,0,0,0,"N",0.18,0,0,0,0,0,0,"N",0,0.0,0,0,0,0,0,0,0,0,0,0,0,0
"C2254","5","81311","47","0","2008","A","N","Fond du Lac, WI MSA","Private","Religious organizations","MSA, NAICS 5-digit -- by ownership sector","All establishment sizes",1,0,0,0,0,0,0,"N",0.18,0,0,0,0,0,0,"N",0,0.0,0,0,0,0,0,0,0,0,0,0,0,0
"C2254","5","813110","48","0","2008","A","N","Fond du Lac, WI MSA","Private","Religious organizations","MSA, NAICS 6-digit -- by ownership sector","All establishment sizes",1,0,0,0,0,0,0,"N",0.18,0,0,0,0,0,0,"N",0,0.0,0,0,0,0,0,0,0,0,0,0,0,0
"C2254","5","8133","46","0","2008","A","N","Fond du Lac, WI MSA","Private","Social advocacy organizations","MSA, NAICS 4-digit -- by ownership sector","All establishment sizes",4,0,0,0,0,0,0,"N",0.86,0,0,0,0,0,0,"N",-1,-20.0,0,0,0,0,0,0,0,0,0,0,0,0
"C2254","5","81331","47","0","2008","A","N","Fond du Lac, WI MSA","Private","Social advocacy organizations","MSA, NAICS 5-digit -- by ownership sector","All establishment sizes",4,0,0,0,0,0,0,"N",0.86,0,0,0,0,0,0,"N",-1,-20.0,0,0,0,0,0,0,0,0,0,0,0,0
"C2254","5","813312","48","0","2008","A","N","Fond du Lac, WI MSA","Private","Environment and conservation organizations","MSA, NAICS 6-digit -- by ownership sector","All establishment sizes",2,0,0,0,0,0,0,"N",1.61,0,0,0,0,0,0,"N",0,0.0,0,0,0,0,0,0,0,0,0,0,0,0
"C2254","5","813319","48","0","2008","A","N","Fond du Lac, WI MSA","Private","Other social advocacy organizations","MSA, NAICS 6-digit -- by ownership sector","All establishment sizes",2,0,0,0,0,0,0,"N",0.84,0,0,0,0,0,0,"N",0,0.0,0,0,0,0,0,0,0,0,0,0,0,0
"C2254","5","8134","46","0","2008","A","","Fond du Lac, WI MSA","Private","Civic and social organizations","MSA, NAICS 4-digit -- by ownership sector","All establishment sizes",8,119,1680410,502013,3948,272,14131,"",1.08,0.84,0.89,0.99,0.29,1.07,1.07,"N",0,0.0,0,0,0,0,0,0,0,0,0,0,0,0
"C2254","5","81341","47","0","2008","A","","Fond du Lac, WI MSA","Private","Civic and social organizations","MSA, NAICS 5-digit -- by ownership sector","All establishment sizes",8,119,1680410,502013,3948,272,14131,"",1.08,0.84,0.89,0.99,0.29,1.07,1.07,"N",0,0.0,0,0,0,0,0,0,0,0,0,0,0,0
"C2254","5","813410","48","0","2008","A","","Fond du Lac, WI MSA","Private","Civic and social organizations","MSA, NAICS 6-digit -- by ownership sector","All establishment sizes",8,119,1680410,502013,3948,272,14131,"",1.08,0.84,0.89,0.99,0.29,1.07,1.07,"N",0,0.0,0,0,0,0,0,0,0,0,0,0,0,0
"C2254","5","8139","46","0","2008","A","","Fond du Lac, WI MSA","Private","Professional and similar organizations","MSA, NAICS 4-digit -- by ownership sector","All establishment sizes",21,170,1995814,816519,4064,226,11740,"",1.34,1.12,0.35,0.61,0.11,0.32,0.32,"",-1,-4.5,-4,-2.3,98665,5.2,24447,3.1,-2417,-37.3,16,7.6,837,7.7
"C2254","5","81391","47","0","2008","A","N","Fond du Lac, WI MSA","Private","Business associations","MSA, NAICS 5-digit -- by ownership sector","All establishment sizes",6,0,0,0,0,0,0,"N",1.14,0,0,0,0,0,0,"N",0,0.0,0,0,0,0,0,0,0,0,0,0,0,0
"C2254","5","813910","48","0","2008","A","N","Fond du Lac, WI MSA","Private","Business associations","MSA, NAICS 6-digit -- by ownership sector","All establishment sizes",6,0,0,0,0,0,0,"N",1.14,0,0,0,0,0,0,"N",0,0.0,0,0,0,0,0,0,0,0,0,0,0,0
"C2254","5","81393","47","0","2008","A","","Fond du Lac, WI MSA","Private","Labor unions and similar labor organizations","MSA, NAICS 5-digit -- by ownership sector","All establishment sizes",14,107,716759,353247,2539,129,6704,"",3.54,2.36,0.59,1.07,0.27,0.25,0.25,"",-1,-6.7,0,0.0,-9426,-1.3,26153,8.0,-970,-27.6,-2,-1.5,-115,-1.7
"C2254","5","813930","48","0","2008","A","","Fond du Lac, WI MSA","Private","Labor unions and similar labor organizations","MSA, NAICS 6-digit -- by ownership sector","All establishment sizes",14,107,716759,353247,2539,129,6704,"",3.54,2.36,0.59,1.07,0.27,0.25,0.25,"",-1,-6.7,0,0.0,-9426,-1.3,26153,8.0,-970,-27.6,-2,-1.5,-115,-1.7
"C2254","5","81394","47","0","2008","A","N","Fond du Lac, WI MSA","Private","Political organizations","MSA, NAICS 5-digit -- by ownership sector","All establishment sizes",1,0,0,0,0,0,0,"N",1.74,0,0,0,0,0,0,"N",0,0.0,0,0,0,0,0,0,0,0,0,0,0,0
"C2254","5","813940","48","0","2008","A","N","Fond du Lac, WI MSA","Private","Political organizations","MSA, NAICS 6-digit -- by ownership sector","All establishment sizes",1,0,0,0,0,0,0,"N",1.74,0,0,0,0,0,0,"N",0,0.0,0,0,0,0,0,0,0,0,0,0,0,0
"C2254","5","814","45","0","2008","A","","Fond du Lac, WI MSA","Private","Private households","MSA, NAICS 3-digit -- by ownership sector","All establishment sizes",63,96,650578,520100,12763,131,6812,"",0.37,0.48,0.24,0.30,0.21,0.49,0.49,"",17,37.0,18,23.1,90392,16.1,102033,24.4,3024,31.1,-8,-5.8,-408,-5.7
"C2254","5","8141","46","0","2008","A","","Fond du Lac, WI MSA","Private","Private households","MSA, NAICS 4-digit -- by ownership sector","All establishment sizes",63,96,650578,520100,12763,131,6812,"",0.37,0.48,0.24,0.30,0.21,0.49,0.49,"",17,37.0,18,23.1,90392,16.1,102033,24.4,3024,31.1,-8,-5.8,-408,-5.7
"C2254","5","81411","47","0","2008","A","","Fond du Lac, WI MSA","Private","Private households","MSA, NAICS 5-digit -- by ownership sector","All establishment sizes",63,96,650578,520100,12763,131,6812,"",0.37,0.48,0.24,0.30,0.21,0.49,0.49,"",17,37.0,18,23.1,90392,16.1,102033,24.4,3024,31.1,-8,-5.8,-408,-5.7
"C2254","5","814110","48","0","2008","A","","Fond du Lac, WI MSA","Private","Private households","MSA, NAICS 6-digit -- by ownership sector","All establishment sizes",63,96,650578,520100,12763,131,6812,"",0.37,0.48,0.24,0.30,0.21,0.49,0.49,"",17,37.0,18,23.1,90392,16.1,102033,24.4,3024,31.1,-8,-5.8,-408,-5.7
"C2254","5","99","44","0","2008","A","","Fond du Lac, WI MSA","Private","Unclassified","MSA, NAICS Sector -- by ownership sector","All establishment sizes",1,0,253557,16839,269,19504,1014228,"",0.02,0.00,0.10,0.02,0.01,27.61,27.65,"N",1,100.0,0,0,0,0,0,0,0,0,0,0,0,0
"C2254","5","999","45","0","2008","A","","Fond du Lac, WI MSA","Private","Unclassified","MSA, NAICS 3-digit -- by ownership sector","All establishment sizes",1,0,253557,16839,269,19504,1014228,"",0.02,0.00,0.10,0.02,0.01,27.61,27.65,"N",1,100.0,0,0,0,0,0,0,0,0,0,0,0,0
"C2254","5","9999","46","0","2008","A","","Fond du Lac, WI MSA","Private","Unclassified","MSA, NAICS 4-digit -- by ownership sector","All establishment sizes",1,0,253557,16839,269,19504,1014228,"",0.02,0.00,0.10,0.02,0.01,27.61,27.65,"N",1,100.0,0,0,0,0,0,0,0,0,0,0,0,0
"C2254","5","99999","47","0","2008","A","","Fond du Lac, WI MSA","Private","Unclassified","MSA, NAICS 5-digit -- by ownership sector","All establishment sizes",1,0,253557,16839,269,19504,1014228,"",0.02,0.00,0.10,0.02,0.01,27.61,27.65,"N",1,100.0,0,0,0,0,0,0,0,0,0,0,0,0
"C2254","5","999999","48","0","2008","A","","Fond du Lac, WI MSA","Private","Unclassified","MSA, NAICS 6-digit -- by ownership sector","All establishment sizes",1,0,253557,16839,269,19504,1014228,"",0.02,0.00,0.10,0.02,0.01,27.61,27.65,"N",1,100.0,0,0,0,0,0,0,0,0,0,0,0,0
